Date,NodeID,FrameID,MeasurementCounter,PlantTemp1,PlantTemp2,PlantTemp3,PlantTemp4,PlantTemp5,PlantTemp6,AirTempLoc,Humidity,AirTemp
2020-01-22 15-00-08,10,16,21186,,,,,,,,,7.25
2020-01-22 15-00-08,10,17,,115.67,123.75,125.82,,,,,,7.25
2020-01-22 15-00-08,10,18,,115.67,123.75,125.82,51.4,40.95,40.96,,,21.375
2020-01-22 15-00-12,11,16,1174,,,,,,,,,7.25
2020-01-22 15-00-12,11,17,,22.47,21.33,25.75,,,,,,7.25
2020-01-22 15-00-12,11,18,,22.47,21.33,25.75,23.81,18.27,19.35,,,21.375
2020-01-22 15-00-12,11,19,,22.47,21.33,25.75,23.81,18.27,19.35,24.58,56.17034648200001,21.375
2020-01-22 15-00-18,24,16,1035,,,,,,,,,7.25
2020-01-22 15-00-19,24,17,,21.51,20.39,23.17,,,,,,7.25
2020-01-22 15-00-19,24,18,,21.51,20.39,23.17,17.93,20.27,22.99,,,21.375
2020-01-22 15-00-19,24,19,,21.51,20.39,23.17,17.93,20.27,22.99,14.41,94.127923552,21.375
2020-01-22 15-00-19,21,16,1169,,,,,,,,,7.25
2020-01-22 15-00-19,21,17,,23.47,20.33,26.77,,,,,,7.25
2020-01-22 15-00-19,21,18,,23.47,20.33,26.77,27.49,27.95,22.93,,,21.375
2020-01-22 15-00-19,21,19,,23.47,20.33,26.77,27.49,27.95,22.93,22.07,43.16265776200001,21.375
2020-01-22 15-00-21,22,16,1138,,,,,,,,,7.25
2020-01-22 15-00-21,22,17,,21.15,20.61,20.93,,,,,,7.25
2020-01-22 15-00-21,22,18,,21.15,20.61,20.93,19.23,23.93,21.39,,,21.375
2020-01-22 15-00-21,22,19,,21.15,20.61,20.93,19.23,23.93,21.39,12.4,74.392967752,21.375
2020-01-22 15-01-14,10,16,21187,,,,,,,,,7.0
2020-01-22 15-01-14,10,17,,94.26,124.47,124.86,,,,,,7.0
2020-01-22 15-01-14,10,18,,94.26,124.47,124.86,51.48,40.95,40.96,,,21.437
2020-01-22 15-01-15,11,16,1175,,,,,,,,,7.0
2020-01-22 15-01-15,11,17,,23.09,21.57,25.97,,,,,,7.0
2020-01-22 15-01-15,11,18,,23.09,21.57,25.97,23.91,18.31,19.29,,,21.437
2020-01-22 15-01-15,11,19,,23.09,21.57,25.97,23.91,18.31,19.29,24.21,55.982905288000005,21.437
2020-01-22 15-01-15,12,16,1156,,,,,,,,,7.0
2020-01-22 15-01-15,12,17,,25.47,23.39,23.63,,,,,,7.0
2020-01-22 15-01-15,12,18,,25.47,23.39,23.63,22.41,19.45,20.93,,,21.437
2020-01-22 15-01-15,12,19,,25.47,23.39,23.63,22.41,19.45,20.93,28.52,30.502400392000002,21.437
2020-01-22 15-01-16,13,16,1156,,,,,,,,,7.0
2020-01-22 15-01-16,13,17,,26.21,24.11,24.39,,,,,,7.0
2020-01-22 15-01-16,13,18,,26.21,24.11,24.39,21.91,21.89,18.59,,,21.437
2020-01-22 15-01-16,13,19,,26.21,24.11,24.39,21.91,21.89,18.59,25.25,39.334508144500006,21.437
2020-01-22 15-01-17,15,16,1157,,,,,,,,,7.0
2020-01-22 15-01-17,15,17,,24.17,22.77,18.59,,,,,,7.0
2020-01-22 15-01-17,15,18,,24.17,22.77,18.59,18.87,19.23,22.81,,,21.437
2020-01-22 15-01-17,15,19,,24.17,22.77,18.59,18.87,19.23,22.81,28.07,30.299833858000003,21.437
2020-01-22 15-01-17,16,16,1157,,,,,,,,,7.0
2020-01-22 15-01-17,16,17,,18.59,23.03,22.19,,,,,,7.0
2020-01-22 15-01-17,16,18,,18.59,23.03,22.19,24.99,24.51,22.65,,,21.437
2020-01-22 15-01-17,16,19,,18.59,23.03,22.19,24.99,24.51,22.65,15.45,52.36808102050001,21.437
2020-01-22 15-01-18,17,16,1152,,,,,,,,,7.0
2020-01-22 15-01-18,17,17,,27.85,27.79,24.95,,,,,,7.0
2020-01-22 15-01-18,17,18,,27.85,27.79,24.95,28.43,22.75,24.33,,,21.437
2020-01-22 15-01-18,17,19,,27.85,27.79,24.95,28.43,22.75,24.33,21.22,43.87760172800001,21.437
2020-01-22 15-01-19,19,16,1167,,,,,,,,,7.0
2020-01-22 15-01-19,19,17,,21.95,24.89,23.71,,,,,,7.0
2020-01-22 15-01-19,19,18,,21.95,24.89,23.71,26.11,21.21,22.35,,,21.437
2020-01-22 15-01-19,19,19,,21.95,24.89,23.71,26.11,21.21,22.35,24.7,-2.0462,21.437
2020-01-22 15-01-20,20,16,23273,,,,,,,,,7.0
2020-01-22 15-01-20,20,17,,26.35,26.91,29.37,,,,,,7.0
2020-01-22 15-01-20,20,18,,26.35,26.91,29.37,22.57,26.77,24.29,,,21.437
2020-01-22 15-01-20,20,19,,26.35,26.91,29.37,22.57,26.77,24.29,22.72,44.07231840200001,21.437
2020-01-22 15-01-20,21,16,1170,,,,,,,,,7.0
2020-01-22 15-01-20,21,17,,23.69,20.77,27.63,,,,,,7.0
2020-01-22 15-01-20,21,18,,23.69,20.77,27.63,27.15,28.13,22.65,,,21.437
2020-01-22 15-01-20,21,19,,23.69,20.77,27.63,27.15,28.13,22.65,21.74,43.227716488000006,21.437
2020-01-22 15-01-21,22,16,1139,,,,,,,,,7.0
2020-01-22 15-01-21,22,17,,20.49,20.99,21.71,,,,,,7.0
2020-01-22 15-01-21,22,18,,20.49,20.99,21.71,19.63,24.05,21.97,,,21.437
2020-01-22 15-01-21,22,19,,20.49,20.99,21.71,19.63,24.05,21.97,12.36,74.7151807805,21.437
2020-01-22 15-01-21,23,16,1167,,,,,,,,,7.0
2020-01-22 15-01-21,23,17,,20.45,19.95,21.91,,,,,,7.0
2020-01-22 15-01-21,23,18,,20.45,19.95,21.91,24.59,23.27,19.89,,,21.437
2020-01-22 15-01-21,23,19,,20.45,19.95,21.91,24.59,23.27,19.89,18.08,48.806992524500004,21.437
2020-01-22 15-01-22,24,16,1036,,,,,,,,,7.0
2020-01-22 15-01-22,24,17,,20.37,20.31,22.59,,,,,,7.0
2020-01-22 15-01-22,24,18,,20.37,20.31,22.59,17.27,20.27,22.19,,,21.437
2020-01-22 15-01-22,24,19,,20.37,20.31,22.59,17.27,20.27,22.19,14.3,94.5337037245,21.437
2020-01-22 15-01-22,25,16,1157,,,,,,,,,7.0
2020-01-22 15-01-22,25,17,,25.67,24.75,22.83,,,,,,7.0
2020-01-22 15-01-22,25,18,,25.67,24.75,22.83,23.53,23.59,24.63,,,21.437
2020-01-22 15-01-22,25,19,,25.67,24.75,22.83,23.53,23.59,24.63,14.6,74.89077060050002,21.437
2020-01-22 15-02-14,10,16,21188,,,,,,,,,6.875
2020-01-22 15-02-14,10,17,,68.59,114.13,120.84,,,,,,6.875
2020-01-22 15-02-14,10,18,,68.59,114.13,120.84,51.54,40.95,40.96,,,21.437
2020-01-22 15-02-14,11,16,1176,,,,,,,,,6.875
2020-01-22 15-02-14,11,17,,19.89,20.81,25.07,,,,,,6.875
2020-01-22 15-02-14,11,18,,19.89,20.81,25.07,21.33,17.59,18.31,,,21.437
2020-01-22 15-02-14,11,19,,19.89,20.81,25.07,21.33,17.59,18.31,23.23,56.13911426050001,21.437
2020-01-22 15-02-15,12,16,1157,,,,,,,,,6.875
2020-01-22 15-02-15,12,17,,24.69,22.01,21.51,,,,,,6.875
2020-01-22 15-02-15,12,18,,24.69,22.01,21.51,20.55,18.85,19.95,,,21.437
2020-01-22 15-02-15,12,19,,24.69,22.01,21.51,20.55,18.85,19.95,27.46,32.9577586405,21.437
2020-01-22 15-02-15,13,16,1157,,,,,,,,,6.875
2020-01-22 15-02-15,13,17,,23.85,23.23,22.81,,,,,,6.875
2020-01-22 15-02-15,13,18,,23.85,23.23,22.81,20.61,20.61,18.55,,,21.437
2020-01-22 15-02-15,13,19,,23.85,23.23,22.81,20.61,20.61,18.55,23.92,39.76201521800001,21.437
2020-01-22 15-02-16,15,16,1158,,,,,,,,,6.875
2020-01-22 15-02-17,15,17,,22.95,22.41,18.25,,,,,,6.875
2020-01-22 15-02-17,15,18,,22.95,22.41,18.25,17.93,18.65,21.77,,,21.437
2020-01-22 15-02-17,15,19,,22.95,22.41,18.25,17.93,18.65,21.77,26.75,33.828162980500004,21.437
2020-01-22 15-02-17,16,16,1158,,,,,,,,,6.875
2020-01-22 15-02-17,16,17,,17.33,21.37,20.11,,,,,,6.875
2020-01-22 15-02-17,16,18,,17.33,21.37,20.11,22.53,22.05,20.71,,,21.437
2020-01-22 15-02-17,16,19,,17.33,21.37,20.11,22.53,22.05,20.71,14.47,57.354806368,21.437
2020-01-22 15-02-18,17,16,1153,,,,,,,,,6.875
2020-01-22 15-02-18,17,17,,26.17,25.17,23.91,,,,,,6.875
2020-01-22 15-02-18,17,18,,26.17,25.17,23.91,26.99,21.73,22.71,,,21.437
2020-01-22 15-02-18,17,19,,26.17,25.17,23.91,26.99,21.73,22.71,20.29,44.6233918045,21.437
2020-01-22 15-02-19,19,16,1168,,,,,,,,,6.875
2020-01-22 15-02-19,19,17,,19.95,23.27,22.53,,,,,,6.875
2020-01-22 15-02-19,19,18,,19.95,23.27,22.53,24.87,19.87,20.81,,,21.437
2020-01-22 15-02-19,19,19,,19.95,23.27,22.53,24.87,19.87,20.81,23.3,-2.0462,21.437
2020-01-22 15-02-19,20,16,23274,,,,,,,,,6.875
2020-01-22 15-02-19,20,17,,23.81,24.65,26.99,,,,,,6.875
2020-01-22 15-02-19,20,18,,23.81,24.65,26.99,21.77,23.63,22.57,,,21.437
2020-01-22 15-02-19,20,19,,23.81,24.65,26.99,21.77,23.63,22.57,21.5,43.35779564800001,21.437
2020-01-22 15-02-20,21,16,1171,,,,,,,,,6.875
2020-01-22 15-02-20,21,17,,22.31,19.57,25.63,,,,,,6.875
2020-01-22 15-02-20,21,18,,22.31,19.57,25.63,25.81,24.71,20.65,,,21.437
2020-01-22 15-02-20,21,19,,22.31,19.57,25.63,25.81,24.71,20.65,20.72,45.56132980000001,21.437
2020-01-22 15-02-20,22,16,1140,,,,,,,,,6.875
2020-01-22 15-02-20,22,17,,19.17,19.55,20.09,,,,,,6.875
2020-01-22 15-02-20,22,18,,19.17,19.55,20.09,18.05,22.51,20.17,,,21.437
2020-01-22 15-02-20,22,19,,19.17,19.55,20.09,18.05,22.51,20.17,12.21,75.59198112050001,21.437
2020-01-22 15-02-21,23,16,1168,,,,,,,,,6.875
2020-01-22 15-02-21,23,17,,20.11,18.69,19.67,,,,,,6.875
2020-01-22 15-02-21,23,18,,20.11,18.69,19.67,21.97,21.89,18.65,,,21.437
2020-01-22 15-02-21,23,19,,20.11,18.69,19.67,21.97,21.89,18.65,17.3,51.132601522,21.437
2020-01-22 15-02-21,24,16,1037,,,,,,,,,6.875
2020-01-22 15-02-21,24,17,,19.51,18.63,21.95,,,,,,6.875
2020-01-22 15-02-21,24,18,,19.51,18.63,21.95,16.69,19.07,21.05,,,21.437
2020-01-22 15-02-21,24,19,,19.51,18.63,21.95,16.69,19.07,21.05,13.64,94.64179051250001,21.437
2020-01-22 15-02-22,25,16,1158,,,,,,,,,6.875
2020-01-22 15-02-22,25,17,,22.95,22.37,21.29,,,,,,6.875
2020-01-22 15-02-22,25,18,,22.95,22.37,21.29,21.55,21.83,22.13,,,21.437
2020-01-22 15-02-22,25,19,,22.95,22.37,21.29,21.55,21.83,22.13,13.73,75.59198112050001,21.437
2020-01-22 15-03-14,10,16,21189,,,,,,,,,6.75
2020-01-22 15-03-14,10,17,,80.63,118.04,122.54,,,,,,6.75
2020-01-22 15-03-14,10,18,,80.63,118.04,122.54,51.61,40.95,40.96,,,21.375
2020-01-22 15-03-15,11,16,1177,,,,,,,,,6.75
2020-01-22 15-03-15,11,17,,20.33,20.49,24.09,,,,,,6.75
2020-01-22 15-03-15,11,18,,20.33,20.49,24.09,21.11,16.73,17.69,,,21.375
2020-01-22 15-03-15,11,19,,20.33,20.49,24.09,21.11,16.73,17.69,22.09,57.97635552800001,21.375
2020-01-22 15-03-15,12,16,1158,,,,,,,,,6.75
2020-01-22 15-03-15,12,17,,22.43,20.23,20.23,,,,,,6.75
2020-01-22 15-03-15,12,18,,22.43,20.23,20.23,19.33,16.91,18.37,,,21.375
2020-01-22 15-03-15,12,19,,22.43,20.23,20.23,19.33,16.91,18.37,26.02,32.857188562000005,21.375
2020-01-22 15-03-16,13,16,1158,,,,,,,,,6.75
2020-01-22 15-03-16,13,17,,23.47,22.53,22.13,,,,,,6.75
2020-01-22 15-03-16,13,18,,23.47,22.53,22.13,19.77,19.73,18.17,,,21.375
2020-01-22 15-03-16,13,19,,23.47,22.53,22.13,19.77,19.73,18.17,22.6,42.96740500000001,21.375
2020-01-22 15-03-17,15,16,1159,,,,,,,,,6.75
2020-01-22 15-03-17,15,17,,22.11,21.11,17.67,,,,,,6.75
2020-01-22 15-03-17,15,18,,22.11,21.11,17.67,16.89,17.67,20.95,,,21.375
2020-01-22 15-03-17,15,19,,22.11,21.11,17.67,16.89,17.67,20.95,25.29,33.861596992,21.375
2020-01-22 15-03-17,16,16,1159,,,,,,,,,6.75
2020-01-22 15-03-17,16,17,,16.33,20.77,19.51,,,,,,6.75
2020-01-22 15-03-17,16,18,,16.33,20.77,19.51,21.97,20.71,19.93,,,21.375
2020-01-22 15-03-17,16,19,,16.33,20.77,19.51,21.97,20.71,19.93,13.65,58.038440242,21.375
2020-01-22 15-03-18,17,16,1154,,,,,,,,,6.75
2020-01-22 15-03-18,17,17,,25.59,25.11,22.47,,,,,,6.75
2020-01-22 15-03-18,17,18,,25.59,25.11,22.47,24.57,19.99,22.17,,,21.375
2020-01-22 15-03-18,17,19,,25.59,25.11,22.47,24.57,19.99,22.17,19.18,46.4321700205,21.375
2020-01-22 15-03-19,19,16,1169,,,,,,,,,6.75
2020-01-22 15-03-19,19,17,,19.83,22.63,22.05,,,,,,6.75
2020-01-22 15-03-19,19,18,,19.83,22.63,22.05,24.23,19.13,20.49,,,21.375
2020-01-22 15-03-19,19,19,,19.83,22.63,22.05,24.23,19.13,20.49,21.63,-2.0462,21.375
2020-01-22 15-03-19,20,16,23275,,,,,,,,,6.75
2020-01-22 15-03-19,20,17,,23.59,24.03,25.35,,,,,,6.75
2020-01-22 15-03-19,20,18,,23.59,24.03,25.35,20.17,22.87,22.41,,,21.375
2020-01-22 15-03-19,20,19,,23.59,24.03,25.35,20.17,22.87,22.41,20.22,47.075737080500005,21.375
2020-01-22 15-03-20,21,16,1172,,,,,,,,,6.75
2020-01-22 15-03-20,21,17,,21.49,18.87,24.09,,,,,,6.75
2020-01-22 15-03-20,21,18,,21.49,18.87,24.09,24.99,24.41,20.83,,,21.375
2020-01-22 15-03-20,21,19,,21.49,18.87,24.09,24.99,24.41,20.83,19.35,45.98091362050001,21.375
2020-01-22 15-03-20,22,16,1141,,,,,,,,,6.75
2020-01-22 15-03-20,22,17,,18.69,18.79,19.01,,,,,,6.75
2020-01-22 15-03-20,22,18,,18.69,18.79,19.01,17.43,21.85,18.95,,,21.375
2020-01-22 15-03-20,22,19,,18.69,18.79,19.01,17.43,21.85,18.95,11.93,73.07080288450001,21.375
2020-01-22 15-03-21,23,16,1169,,,,,,,,,6.75
2020-01-22 15-03-21,23,17,,19.09,18.63,19.77,,,,,,6.75
2020-01-22 15-03-21,23,18,,19.09,18.63,19.77,21.83,21.37,18.11,,,21.375
2020-01-22 15-03-21,23,19,,19.09,18.63,19.77,21.83,21.37,18.11,16.31,52.146685682000005,21.375
2020-01-22 15-03-21,24,16,1038,,,,,,,,,6.75
2020-01-22 15-03-21,24,17,,18.79,18.49,21.15,,,,,,6.75
2020-01-22 15-03-21,24,18,,18.79,18.49,21.15,16.13,18.27,20.37,,,21.375
2020-01-22 15-03-21,24,19,,18.79,18.49,21.15,16.13,18.27,20.37,12.84,95.1275492405,21.375
2020-01-22 15-03-22,25,16,1159,,,,,,,,,6.75
2020-01-22 15-03-22,25,17,,22.19,22.29,20.99,,,,,,6.75
2020-01-22 15-03-22,25,18,,22.19,22.29,20.99,21.05,21.67,21.29,,,21.375
2020-01-22 15-03-22,25,19,,22.19,22.29,20.99,21.05,21.67,21.29,13.16,77.94499689800001,21.375
2020-01-22 15-04-14,10,16,21190,,,,,,,,,6.812
2020-01-22 15-04-14,10,17,,86.23,120.6,123.65,,,,,,6.812
2020-01-22 15-04-14,10,18,,86.23,120.6,123.65,51.72,40.95,40.96,,,21.312
2020-01-22 15-04-15,11,16,1178,,,,,,,,,6.812
2020-01-22 15-04-15,11,17,,20.59,20.15,23.17,,,,,,6.812
2020-01-22 15-04-15,11,18,,20.59,20.15,23.17,20.17,16.73,16.37,,,21.312
2020-01-22 15-04-15,11,19,,20.59,20.15,23.17,20.17,16.73,16.37,21.58,58.44167976050001,21.312
2020-01-22 15-04-15,12,16,1159,,,,,,,,,6.812
2020-01-22 15-04-15,12,17,,22.19,19.83,20.67,,,,,,6.812
2020-01-22 15-04-15,12,18,,22.19,19.83,20.67,19.51,17.17,18.31,,,21.312
2020-01-22 15-04-15,12,19,,22.19,19.83,20.67,19.51,17.17,18.31,25.16,34.5629741125,21.312
2020-01-22 15-04-16,13,16,1159,,,,,,,,,6.812
2020-01-22 15-04-16,13,17,,23.15,22.29,22.13,,,,,,6.812
2020-01-22 15-04-16,13,18,,23.15,22.29,22.13,19.57,19.09,16.91,,,21.312
2020-01-22 15-04-16,13,19,,23.15,22.29,22.13,19.57,19.09,16.91,22.34,43.682770178000006,21.312
2020-01-22 15-04-17,15,16,1160,,,,,,,,,6.812
2020-01-22 15-04-17,15,17,,21.79,20.49,17.41,,,,,,6.812
2020-01-22 15-04-17,15,18,,21.79,20.49,17.41,16.73,17.47,20.61,,,21.312
2020-01-22 15-04-17,15,19,,21.79,20.49,17.41,16.73,17.47,20.61,24.66,35.32953440800001,21.312
2020-01-22 15-04-17,16,16,1160,,,,,,,,,6.812
2020-01-22 15-04-17,16,17,,15.67,20.87,19.41,,,,,,6.812
2020-01-22 15-04-17,16,18,,15.67,20.87,19.41,21.85,20.73,19.35,,,21.312
2020-01-22 15-04-17,16,19,,15.67,20.87,19.41,21.85,20.73,19.35,13.56,61.372060258000005,21.312
2020-01-22 15-04-18,17,16,1155,,,,,,,,,6.812
2020-01-22 15-04-18,17,17,,25.31,24.87,21.73,,,,,,6.812
2020-01-22 15-04-18,17,18,,25.31,24.87,21.73,23.81,20.51,22.11,,,21.312
2020-01-22 15-04-18,17,19,,25.31,24.87,21.73,23.81,20.51,22.11,18.67,48.102789464500006,21.312
2020-01-22 15-04-19,19,16,1170,,,,,,,,,6.812
2020-01-22 15-04-19,19,17,,19.29,21.71,21.73,,,,,,6.812
2020-01-22 15-04-19,19,18,,19.29,21.71,21.73,23.51,19.01,19.35,,,21.312
2020-01-22 15-04-19,19,19,,19.29,21.71,21.73,23.51,19.01,19.35,21.34,-2.0462,21.312
2020-01-22 15-04-19,20,16,23276,,,,,,,,,6.812
2020-01-22 15-04-19,20,17,,23.33,23.79,25.01,,,,,,6.812
2020-01-22 15-04-19,20,18,,23.33,23.79,25.01,19.63,22.35,22.17,,,21.312
2020-01-22 15-04-19,20,19,,23.33,23.79,25.01,19.63,22.35,22.17,19.66,48.711055778,21.312
2020-01-22 15-04-20,21,16,1173,,,,,,,,,6.812
2020-01-22 15-04-20,21,17,,20.81,17.73,23.23,,,,,,6.812
2020-01-22 15-04-20,21,18,,20.81,17.73,23.23,24.81,23.11,18.91,,,21.312
2020-01-22 15-04-20,21,19,,20.81,17.73,23.23,24.81,23.11,18.91,18.64,47.65385611250001,21.312
2020-01-22 15-04-20,22,16,1142,,,,,,,,,6.812
2020-01-22 15-04-20,22,17,,18.25,17.99,18.47,,,,,,6.812
2020-01-22 15-04-20,22,18,,18.25,17.99,18.47,16.75,20.51,18.49,,,21.312
2020-01-22 15-04-20,22,19,,18.25,17.99,18.47,16.75,20.51,18.49,11.85,74.65662531250001,21.312
2020-01-22 15-04-21,23,16,1170,,,,,,,,,6.812
2020-01-22 15-04-21,23,17,,18.75,18.01,19.03,,,,,,6.812
2020-01-22 15-04-21,23,18,,18.75,18.01,19.03,22.19,21.49,17.89,,,21.312
2020-01-22 15-04-21,23,19,,18.75,18.01,19.03,22.19,21.49,17.89,16.13,53.75612856050001,21.312
2020-01-22 15-04-21,24,16,1039,,,,,,,,,6.812
2020-01-22 15-04-21,24,17,,18.47,17.75,20.83,,,,,,6.812
2020-01-22 15-04-21,24,18,,18.47,17.75,20.83,16.11,17.79,20.23,,,21.312
2020-01-22 15-04-21,24,19,,18.47,17.75,20.83,16.11,17.79,20.23,12.88,95.3969684605,21.312
2020-01-22 15-04-22,25,16,1160,,,,,,,,,6.812
2020-01-22 15-04-22,25,17,,22.19,21.95,20.93,,,,,,6.812
2020-01-22 15-04-22,25,18,,22.19,21.95,20.93,20.89,21.45,21.45,,,21.312
2020-01-22 15-04-22,25,19,,22.19,21.95,20.93,20.89,21.45,21.45,12.82,80.076365248,21.312
2020-01-22 15-05-14,10,16,21191,,,,,,,,,6.687
2020-01-22 15-05-14,10,17,,75.6,116.83,122.2,,,,,,6.687
2020-01-22 15-05-14,10,18,,75.6,116.83,122.2,51.79,40.95,40.96,,,21.125
2020-01-22 15-05-15,11,16,1179,,,,,,,,,6.687
2020-01-22 15-05-15,11,17,,22.43,20.73,23.69,,,,,,6.687
2020-01-22 15-05-15,11,18,,22.43,20.73,23.69,21.85,17.27,17.93,,,21.125
2020-01-22 15-05-15,11,19,,22.43,20.73,23.69,21.85,17.27,17.93,21.64,58.41068048200001,21.125
2020-01-22 15-05-15,12,16,1160,,,,,,,,,6.687
2020-01-22 15-05-15,12,17,,23.47,21.73,21.51,,,,,,6.687
2020-01-22 15-05-15,12,18,,23.47,21.73,21.51,20.67,18.25,18.95,,,21.125
2020-01-22 15-05-15,12,19,,23.47,21.73,21.51,20.67,18.25,18.95,25.3,35.2962408005,21.125
2020-01-22 15-05-16,13,16,1160,,,,,,,,,6.687
2020-01-22 15-05-16,13,17,,24.15,22.51,23.33,,,,,,6.687
2020-01-22 15-05-16,13,18,,24.15,22.51,23.33,20.21,20.55,18.21,,,21.125
2020-01-22 15-05-16,13,19,,24.15,22.51,23.33,20.21,20.55,18.21,22.71,42.4135650005,21.125
2020-01-22 15-05-17,15,16,1161,,,,,,,,,6.687
2020-01-22 15-05-17,15,17,,22.53,21.21,17.95,,,,,,6.687
2020-01-22 15-05-17,15,18,,22.53,21.21,17.95,17.79,18.33,21.21,,,21.125
2020-01-22 15-05-17,15,19,,22.53,21.21,17.95,17.79,18.33,21.21,24.84,34.72976125,21.125
2020-01-22 15-05-17,16,16,1161,,,,,,,,,6.687
2020-01-22 15-05-17,16,17,,18.09,21.43,20.23,,,,,,6.687
2020-01-22 15-05-17,16,18,,18.09,21.43,20.23,22.57,22.89,21.11,,,21.125
2020-01-22 15-05-17,16,19,,18.09,21.43,20.23,22.57,22.89,21.11,13.81,56.232801352,21.125
2020-01-22 15-05-18,17,16,1156,,,,,,,,,6.687
2020-01-22 15-05-18,17,17,,25.47,25.41,23.33,,,,,,6.687
2020-01-22 15-05-18,17,18,,25.47,25.41,23.33,25.63,21.05,21.77,,,21.125
2020-01-22 15-05-18,17,19,,25.47,25.41,23.33,25.63,21.05,21.77,18.95,47.14002358450001,21.125
2020-01-22 15-05-19,19,16,1171,,,,,,,,,6.687
2020-01-22 15-05-19,19,17,,20.11,22.29,21.91,,,,,,6.687
2020-01-22 15-05-19,19,18,,20.11,22.29,21.91,24.27,20.09,20.73,,,21.125
2020-01-22 15-05-19,19,19,,20.11,22.29,21.91,24.27,20.09,20.73,21.53,-2.0462,21.125
2020-01-22 15-05-19,20,16,23277,,,,,,,,,6.687
2020-01-22 15-05-20,20,17,,24.05,24.05,25.85,,,,,,6.687
2020-01-22 15-05-20,20,18,,24.05,24.05,25.85,20.31,24.09,22.65,,,21.125
2020-01-22 15-05-20,20,19,,24.05,24.05,25.85,20.31,24.09,22.65,19.88,48.262971232000005,21.125
2020-01-22 15-05-20,21,16,1174,,,,,,,,,6.687
2020-01-22 15-05-20,21,17,,21.07,18.47,25.47,,,,,,6.687
2020-01-22 15-05-20,21,18,,21.07,18.47,25.47,25.49,25.35,20.45,,,21.125
2020-01-22 15-05-20,21,19,,21.07,18.47,25.47,25.49,25.35,20.45,18.94,46.6253741605,21.125
2020-01-22 15-05-21,22,16,1143,,,,,,,,,6.687
2020-01-22 15-05-21,22,17,,19.87,19.83,20.09,,,,,,6.687
2020-01-22 15-05-21,22,18,,19.87,19.83,20.09,17.83,22.53,20.51,,,21.125
2020-01-22 15-05-21,22,19,,19.87,19.83,20.09,17.83,22.53,20.51,11.97,72.74662420000001,21.125
2020-01-22 15-05-21,23,16,1171,,,,,,,,,6.687
2020-01-22 15-05-21,23,17,,19.57,18.97,20.09,,,,,,6.687
2020-01-22 15-05-21,23,18,,19.57,18.97,20.09,22.59,22.01,18.59,,,21.125
2020-01-22 15-05-21,23,19,,19.57,18.97,20.09,22.59,22.01,18.59,16.78,52.652502418000005,21.125
2020-01-22 15-05-22,24,16,1040,,,,,,,,,6.687
2020-01-22 15-05-22,24,17,,20.01,19.93,21.45,,,,,,6.687
2020-01-22 15-05-22,24,18,,20.01,19.93,21.45,16.53,19.73,21.39,,,21.125
2020-01-22 15-05-22,24,19,,20.01,19.93,21.45,16.53,19.73,21.39,13.02,95.34311014450002,21.125
2020-01-22 15-05-22,25,16,1161,,,,,,,,,6.687
2020-01-22 15-05-22,25,17,,23.57,22.47,21.17,,,,,,6.687
2020-01-22 15-05-22,25,18,,23.57,22.47,21.17,21.51,22.23,22.75,,,21.125
2020-01-22 15-05-22,25,19,,23.57,22.47,21.17,21.51,22.23,22.75,12.86,79.0704634805,21.125
2020-01-22 15-06-15,10,16,21192,,,,,,,,,6.625
2020-01-22 15-06-15,10,17,,79.66,118.14,122.1,,,,,,6.625
2020-01-22 15-06-15,10,18,,79.66,118.14,122.1,51.86,40.95,40.96,,,21.0
2020-01-22 15-06-15,11,16,1180,,,,,,,,,6.625
2020-01-22 15-06-15,11,17,,21.97,20.17,22.99,,,,,,6.625
2020-01-22 15-06-15,11,18,,21.97,20.17,22.99,20.87,16.85,16.95,,,21.0
2020-01-22 15-06-15,11,19,,21.97,20.17,22.99,20.87,16.85,16.95,21.43,57.6968163605,21.0
2020-01-22 15-06-16,12,16,1161,,,,,,,,,6.625
2020-01-22 15-06-16,12,17,,21.77,20.09,21.33,,,,,,6.625
2020-01-22 15-06-16,12,18,,21.77,20.09,21.33,19.73,17.41,18.01,,,21.0
2020-01-22 15-06-16,12,19,,21.77,20.09,21.33,19.73,17.41,18.01,24.87,34.128954208,21.0
2020-01-22 15-06-16,13,16,1161,,,,,,,,,6.625
2020-01-22 15-06-16,13,17,,23.45,22.43,22.63,,,,,,6.625
2020-01-22 15-06-16,13,18,,23.45,22.43,22.63,19.39,18.27,16.59,,,21.0
2020-01-22 15-06-16,13,19,,23.45,22.43,22.63,19.39,18.27,16.59,22.38,41.956769024500005,21.0
2020-01-22 15-06-17,15,16,1162,,,,,,,,,6.625
2020-01-22 15-06-17,15,17,,21.71,20.21,16.83,,,,,,6.625
2020-01-22 15-06-17,15,18,,21.71,20.21,16.83,16.99,17.93,20.89,,,21.0
2020-01-22 15-06-17,15,19,,21.71,20.21,16.83,16.99,17.93,20.89,24.64,33.995301128,21.0
2020-01-22 15-06-18,16,16,1162,,,,,,,,,6.625
2020-01-22 15-06-18,16,17,,16.53,21.21,18.85,,,,,,6.625
2020-01-22 15-06-18,16,18,,16.53,21.21,18.85,21.83,20.95,19.09,,,21.0
2020-01-22 15-06-18,16,19,,16.53,21.21,18.85,21.83,20.95,19.09,13.56,59.3083640125,21.0
2020-01-22 15-06-18,17,16,1157,,,,,,,,,6.625
2020-01-22 15-06-18,17,17,,24.77,24.95,22.11,,,,,,6.625
2020-01-22 15-06-18,17,18,,24.77,24.95,22.11,23.99,19.47,21.23,,,21.0
2020-01-22 15-06-18,17,19,,24.77,24.95,22.11,23.99,19.47,21.23,18.63,48.583095442,21.0
2020-01-22 15-06-19,19,16,1172,,,,,,,,,6.625
2020-01-22 15-06-19,19,17,,18.95,22.75,21.39,,,,,,6.625
2020-01-22 15-06-19,19,18,,18.95,22.75,21.39,23.85,19.51,19.95,,,21.0
2020-01-22 15-06-19,19,19,,18.95,22.75,21.39,23.85,19.51,19.95,21.13,-2.0462,21.0
2020-01-22 15-06-20,20,16,23278,,,,,,,,,6.625
2020-01-22 15-06-20,20,17,,24.03,23.75,25.11,,,,,,6.625
2020-01-22 15-06-20,20,18,,24.03,23.75,25.11,19.71,23.39,22.53,,,21.0
2020-01-22 15-06-20,20,19,,24.03,23.75,25.11,19.71,23.39,22.53,19.59,48.67907048050001,21.0
2020-01-22 15-06-20,21,16,1175,,,,,,,,,6.625
2020-01-22 15-06-20,21,17,,20.77,17.95,23.33,,,,,,6.625
2020-01-22 15-06-20,21,18,,20.77,17.95,23.33,24.15,24.29,20.83,,,21.0
2020-01-22 15-06-20,21,19,,20.77,17.95,23.33,24.15,24.29,20.83,18.7,48.806992524500004,21.0
2020-01-22 15-06-21,22,16,1144,,,,,,,,,6.625
2020-01-22 15-06-21,22,17,,19.07,18.27,18.81,,,,,,6.625
2020-01-22 15-06-21,22,18,,19.07,18.27,18.81,16.65,20.93,19.13,,,21.0
2020-01-22 15-06-21,22,19,,19.07,18.27,18.81,16.65,20.93,19.13,11.75,75.446047168,21.0
2020-01-22 15-06-21,23,16,1172,,,,,,,,,6.625
2020-01-22 15-06-21,23,17,,18.59,18.17,19.79,,,,,,6.625
2020-01-22 15-06-21,23,18,,18.59,18.17,19.79,22.57,21.51,18.63,,,21.0
2020-01-22 15-06-21,23,19,,18.59,18.17,19.79,22.57,21.51,18.63,16.42,52.841973088,21.0
2020-01-22 15-06-22,24,16,1041,,,,,,,,,6.625
2020-01-22 15-06-22,24,17,,18.21,17.85,20.55,,,,,,6.625
2020-01-22 15-06-22,24,18,,18.21,17.85,20.55,16.11,18.09,20.05,,,21.0
2020-01-22 15-06-22,24,19,,18.21,17.85,20.55,16.11,18.09,20.05,12.9,95.69296104200001,21.0
2020-01-22 15-06-22,25,16,1162,,,,,,,,,6.625
2020-01-22 15-06-22,25,17,,21.45,21.21,20.27,,,,,,6.625
2020-01-22 15-06-22,25,18,,21.45,21.21,20.27,19.79,20.51,20.51,,,21.0
2020-01-22 15-06-22,25,19,,21.45,21.21,20.27,19.79,20.51,20.51,12.65,81.10692896800002,21.0
2020-01-22 15-07-15,10,16,21193,,,,,,,,,6.562
2020-01-22 15-07-15,10,17,,77.73,117.07,122.63,,,,,,6.562
2020-01-22 15-07-15,10,18,,77.73,117.07,122.63,51.9,40.95,40.96,,,20.812
2020-01-22 15-07-15,11,16,1181,,,,,,,,,6.562
2020-01-22 15-07-15,11,17,,22.47,20.05,23.05,,,,,,6.562
2020-01-22 15-07-15,11,18,,22.47,20.05,23.05,20.15,16.65,17.59,,,20.812
2020-01-22 15-07-15,11,19,,22.47,20.05,23.05,20.15,16.65,17.59,20.83,57.60357920000001,20.812
2020-01-22 15-07-16,12,16,1162,,,,,,,,,6.562
2020-01-22 15-07-16,12,17,,20.93,19.03,21.45,,,,,,6.562
2020-01-22 15-07-16,12,18,,20.93,19.03,21.45,20.49,18.21,18.01,,,20.812
2020-01-22 15-07-16,12,19,,20.93,19.03,21.45,20.49,18.21,18.01,23.24,35.32953440800001,20.812
2020-01-22 15-07-16,13,16,1162,,,,,,,,,6.562
2020-01-22 15-07-16,13,17,,23.11,21.79,21.97,,,,,,6.562
2020-01-22 15-07-16,13,18,,23.11,21.79,21.97,19.09,17.63,15.57,,,20.812
2020-01-22 15-07-16,13,19,,23.11,21.79,21.97,19.09,17.63,15.57,21.81,40.221804352,20.812
2020-01-22 15-07-17,15,16,1163,,,,,,,,,6.562
2020-01-22 15-07-17,15,17,,20.33,19.03,16.37,,,,,,6.562
2020-01-22 15-07-17,15,18,,20.33,19.03,16.37,16.99,17.53,20.77,,,20.812
2020-01-22 15-07-17,15,19,,20.33,19.03,16.37,16.99,17.53,20.77,23.66,35.063096200000004,20.812
2020-01-22 15-07-18,16,16,1163,,,,,,,,,6.562
2020-01-22 15-07-18,16,17,,17.41,21.05,19.03,,,,,,6.562
2020-01-22 15-07-18,16,18,,17.41,21.05,19.03,20.95,20.59,18.55,,,20.812
2020-01-22 15-07-18,16,19,,17.41,21.05,19.03,20.95,20.59,18.55,13.14,62.90279840800001,20.812
2020-01-22 15-07-18,17,16,1158,,,,,,,,,6.562
2020-01-22 15-07-18,17,17,,24.05,24.15,21.05,,,,,,6.562
2020-01-22 15-07-18,17,18,,24.05,24.15,21.05,23.75,18.91,20.59,,,20.812
2020-01-22 15-07-18,17,19,,24.05,24.15,21.05,23.75,18.91,20.59,18.16,48.96682328200001,20.812
2020-01-22 15-07-19,19,16,1173,,,,,,,,,6.562
2020-01-22 15-07-19,19,17,,19.17,21.45,20.93,,,,,,6.562
2020-01-22 15-07-19,19,18,,19.17,21.45,20.93,23.65,19.95,20.15,,,20.812
2020-01-22 15-07-19,19,19,,19.17,21.45,20.93,23.65,19.95,20.15,20.08,-2.0462,20.812
2020-01-22 15-07-20,20,16,23279,,,,,,,,,6.562
2020-01-22 15-07-20,20,17,,23.69,22.93,24.05,,,,,,6.562
2020-01-22 15-07-20,20,18,,23.69,22.93,24.05,18.75,22.89,22.37,,,20.812
2020-01-22 15-07-20,20,19,,23.69,22.93,24.05,18.75,22.89,22.37,18.8,48.838965058,20.812
2020-01-22 15-07-20,21,16,1176,,,,,,,,,6.562
2020-01-22 15-07-20,21,17,,20.71,18.25,22.99,,,,,,6.562
2020-01-22 15-07-20,21,18,,20.71,18.25,22.99,23.57,23.39,21.43,,,20.812
2020-01-22 15-07-20,21,19,,20.71,18.25,22.99,23.57,23.39,21.43,18.59,49.094630450000004,20.812
2020-01-22 15-07-21,22,16,1145,,,,,,,,,6.562
2020-01-22 15-07-21,22,17,,18.55,17.75,18.21,,,,,,6.562
2020-01-22 15-07-21,22,18,,18.55,17.75,18.21,16.43,20.43,18.17,,,20.812
2020-01-22 15-07-21,22,19,,18.55,17.75,18.21,16.43,20.43,18.17,12.05,77.82929000200001,20.812
2020-01-22 15-07-21,23,16,1173,,,,,,,,,6.562
2020-01-22 15-07-21,23,17,,17.57,18.33,19.29,,,,,,6.562
2020-01-22 15-07-21,23,18,,17.57,18.33,19.29,22.23,20.87,17.93,,,20.812
2020-01-22 15-07-21,23,19,,17.57,18.33,19.29,22.23,20.87,17.93,15.84,53.535716050000005,20.812
2020-01-22 15-07-22,24,16,1042,,,,,,,,,6.562
2020-01-22 15-07-22,24,17,,17.79,17.57,19.89,,,,,,6.562
2020-01-22 15-07-22,24,18,,17.79,17.57,19.89,15.75,17.51,19.33,,,20.812
2020-01-22 15-07-22,24,19,,17.79,17.57,19.89,15.75,17.51,19.33,12.21,96.31060694050001,20.812
2020-01-22 15-07-22,25,16,1163,,,,,,,,,6.562
2020-01-22 15-07-22,25,17,,21.01,21.67,20.55,,,,,,6.562
2020-01-22 15-07-22,25,18,,21.01,21.67,20.55,19.29,21.27,20.27,,,20.812
2020-01-22 15-07-22,25,19,,21.01,21.67,20.55,19.29,21.27,20.27,12.42,82.1618100125,20.812
2020-01-22 15-08-14,10,16,21194,,,,,,,,,6.5
2020-01-22 15-08-14,10,17,,117.8,124.08,126.02,,,,,,6.5
2020-01-22 15-08-14,10,18,,117.8,124.08,126.02,51.99,40.95,40.96,,,20.562
2020-01-22 15-08-14,11,16,1182,,,,,,,,,6.5
2020-01-22 15-08-14,11,17,,22.65,20.43,22.89,,,,,,6.5
2020-01-22 15-08-14,11,18,,22.65,20.43,22.89,19.57,16.91,17.51,,,20.562
2020-01-22 15-08-14,11,19,,22.65,20.43,22.89,19.57,16.91,17.51,20.0,59.03005976200001,20.562
2020-01-22 15-08-15,12,16,1163,,,,,,,,,6.5
2020-01-22 15-08-15,12,17,,20.21,18.71,20.93,,,,,,6.5
2020-01-22 15-08-15,12,18,,20.21,18.71,20.93,20.43,17.85,17.93,,,20.562
2020-01-22 15-08-15,12,19,,20.21,18.71,20.93,20.43,17.85,17.93,21.75,37.188883592,20.562
2020-01-22 15-08-15,13,16,1163,,,,,,,,,6.5
2020-01-22 15-08-15,13,17,,22.75,21.79,22.11,,,,,,6.5
2020-01-22 15-08-15,13,18,,22.75,21.79,22.11,18.85,18.11,16.17,,,20.562
2020-01-22 15-08-15,13,19,,22.75,21.79,22.11,18.85,18.11,16.17,21.05,42.380957458000005,20.562
2020-01-22 15-08-16,15,16,1164,,,,,,,,,6.5
2020-01-22 15-08-16,15,17,,20.31,19.47,16.27,,,,,,6.5
2020-01-22 15-08-16,15,18,,20.31,19.47,16.27,17.27,17.73,21.01,,,20.562
2020-01-22 15-08-16,15,19,,20.31,19.47,16.27,17.27,17.73,21.01,22.6,38.642780608,20.562
2020-01-22 15-08-17,16,16,1164,,,,,,,,,6.5
2020-01-22 15-08-17,16,17,,16.83,20.61,18.87,,,,,,6.5
2020-01-22 15-08-17,16,18,,16.83,20.61,18.87,20.61,20.01,18.17,,,20.562
2020-01-22 15-08-17,16,19,,16.83,20.61,18.87,20.61,20.01,18.17,12.98,63.17748406450001,20.562
2020-01-22 15-08-17,17,16,1159,,,,,,,,,6.5
2020-01-22 15-08-17,17,17,,23.93,23.79,20.39,,,,,,6.5
2020-01-22 15-08-17,17,18,,23.93,23.79,20.39,23.05,19.45,20.51,,,20.562
2020-01-22 15-08-17,17,19,,23.93,23.79,20.39,23.05,19.45,20.51,17.79,50.5925402605,20.562
2020-01-22 15-08-18,19,16,1174,,,,,,,,,6.5
2020-01-22 15-08-18,19,17,,19.13,21.17,20.67,,,,,,6.5
2020-01-22 15-08-18,19,18,,19.13,21.17,20.67,23.57,20.39,20.39,,,20.562
2020-01-22 15-08-18,19,19,,19.13,21.17,20.67,23.57,20.39,20.39,18.64,-2.0462,20.562
2020-01-22 15-08-19,20,16,23280,,,,,,,,,6.5
2020-01-22 15-08-19,20,17,,22.89,22.53,23.51,,,,,,6.5
2020-01-22 15-08-19,20,18,,22.89,22.53,23.51,19.09,22.75,21.95,,,20.562
2020-01-22 15-08-19,20,19,,22.89,22.53,23.51,19.09,22.75,21.95,18.22,50.369894050000006,20.562
2020-01-22 15-08-19,21,16,1177,,,,,,,,,6.5
2020-01-22 15-08-19,21,17,,20.23,17.53,22.63,,,,,,6.5
2020-01-22 15-08-19,21,18,,20.23,17.53,22.63,22.89,23.15,20.51,,,20.562
2020-01-22 15-08-19,21,19,,20.23,17.53,22.63,22.89,23.15,20.51,18.0,49.158514888000006,20.562
2020-01-22 15-08-20,22,16,1146,,,,,,,,,6.5
2020-01-22 15-08-20,22,17,,18.53,17.75,18.47,,,,,,6.5
2020-01-22 15-08-20,22,18,,18.53,17.75,18.47,16.47,20.09,18.37,,,20.562
2020-01-22 15-08-20,22,19,,18.53,17.75,18.47,16.47,20.09,18.37,12.31,77.2209911605,20.562
2020-01-22 15-08-20,23,16,1174,,,,,,,,,6.5
2020-01-22 15-08-20,23,17,,18.05,18.15,19.09,,,,,,6.5
2020-01-22 15-08-20,23,18,,18.05,18.15,19.09,21.39,20.55,17.93,,,20.562
2020-01-22 15-08-20,23,19,,18.05,18.15,19.09,21.39,20.55,17.93,15.35,55.732805000000006,20.562
2020-01-22 15-08-21,24,16,1043,,,,,,,,,6.5
2020-01-22 15-08-21,24,17,,17.41,17.93,19.95,,,,,,6.5
2020-01-22 15-08-21,24,18,,17.41,17.93,19.95,15.71,17.75,19.25,,,20.562
2020-01-22 15-08-21,24,19,,17.41,17.93,19.95,15.71,17.75,19.25,12.17,96.79280451250001,20.562
2020-01-22 15-08-21,25,16,1164,,,,,,,,,6.5
2020-01-22 15-08-21,25,17,,20.67,21.17,20.05,,,,,,6.5
2020-01-22 15-08-21,25,18,,20.67,21.17,20.05,19.57,20.39,19.87,,,20.562
2020-01-22 15-08-21,25,19,,20.67,21.17,20.05,19.57,20.39,19.87,12.26,83.6369615605,20.562
2020-01-22 15-09-14,10,16,21195,,,,,,,,,6.437
2020-01-22 15-09-14,10,17,,80.19,118.33,122.58,,,,,,6.437
2020-01-22 15-09-14,10,18,,80.19,118.33,122.58,52.06,40.95,40.96,,,20.437
2020-01-22 15-09-14,11,16,1183,,,,,,,,,6.437
2020-01-22 15-09-14,11,17,,21.79,20.17,23.09,,,,,,6.437
2020-01-22 15-09-14,11,18,,21.79,20.17,23.09,20.09,16.63,16.95,,,20.437
2020-01-22 15-09-14,11,19,,21.79,20.17,23.09,20.09,16.63,16.95,19.75,59.524644178,20.437
2020-01-22 15-09-15,12,16,1164,,,,,,,,,6.437
2020-01-22 15-09-15,12,17,,19.89,18.55,20.93,,,,,,6.437
2020-01-22 15-09-15,12,18,,19.89,18.55,20.93,20.11,17.69,17.53,,,20.437
2020-01-22 15-09-15,12,19,,19.89,18.55,20.93,20.11,17.69,17.53,21.09,39.991987964500005,20.437
2020-01-22 15-09-15,13,16,1164,,,,,,,,,6.437
2020-01-22 15-09-16,13,17,,22.47,21.77,21.45,,,,,,6.437
2020-01-22 15-09-16,13,18,,22.47,21.77,21.45,19.01,18.17,16.89,,,20.437
2020-01-22 15-09-16,13,19,,22.47,21.77,21.45,19.01,18.17,16.89,20.87,45.302856328000004,20.437
2020-01-22 15-09-17,15,16,1165,,,,,,,,,6.437
2020-01-22 15-09-17,15,17,,20.39,19.41,16.21,,,,,,6.437
2020-01-22 15-09-17,15,18,,20.39,19.41,16.21,17.17,17.51,20.45,,,20.437
2020-01-22 15-09-17,15,19,,20.39,19.41,16.21,17.17,17.51,20.45,22.24,38.84056064200001,20.437
2020-01-22 15-09-17,16,16,1165,,,,,,,,,6.437
2020-01-22 15-09-17,16,17,,16.39,20.51,17.67,,,,,,6.437
2020-01-22 15-09-17,16,18,,16.39,20.51,17.67,20.09,19.93,18.37,,,20.437
2020-01-22 15-09-17,16,19,,16.39,20.51,17.67,20.09,19.93,18.37,12.82,62.5055739245,20.437
2020-01-22 15-09-18,17,16,1160,,,,,,,,,6.437
2020-01-22 15-09-18,17,17,,23.85,23.97,20.83,,,,,,6.437
2020-01-22 15-09-18,17,18,,23.85,23.97,20.83,23.33,19.61,20.65,,,20.437
2020-01-22 15-09-18,17,19,,23.85,23.97,20.83,23.33,19.61,20.65,17.51,52.209957448000004,20.437
2020-01-22 15-09-19,19,16,1175,,,,,,,,,6.437
2020-01-22 15-09-19,19,17,,18.81,20.99,21.33,,,,,,6.437
2020-01-22 15-09-19,19,18,,18.81,20.99,21.33,23.23,19.55,19.45,,,20.437
2020-01-22 15-09-19,19,19,,18.81,20.99,21.33,23.23,19.55,19.45,18.6,-2.0462,20.437
2020-01-22 15-09-19,20,16,23281,,,,,,,,,6.437
2020-01-22 15-09-19,20,17,,23.03,22.69,23.81,,,,,,6.437
2020-01-22 15-09-19,20,18,,23.03,22.69,23.81,19.23,22.51,21.97,,,20.437
2020-01-22 15-09-19,20,19,,23.03,22.69,23.81,19.23,22.51,21.97,18.21,52.241588544500004,20.437
2020-01-22 15-09-20,21,16,1178,,,,,,,,,6.437
2020-01-22 15-09-20,21,17,,20.45,17.75,22.63,,,,,,6.437
2020-01-22 15-09-20,21,18,,20.45,17.75,22.63,23.75,23.87,21.33,,,20.437
2020-01-22 15-09-20,21,19,,20.45,17.75,22.63,23.75,23.87,21.33,17.66,50.94209696800001,20.437
2020-01-22 15-09-20,22,16,1147,,,,,,,,,6.437
2020-01-22 15-09-20,22,17,,17.89,17.89,18.33,,,,,,6.437
2020-01-22 15-09-20,22,18,,17.89,17.89,18.33,16.39,19.63,18.09,,,20.437
2020-01-22 15-09-20,22,19,,17.89,17.89,18.33,16.39,19.63,18.09,12.1,75.00776666050001,20.437
2020-01-22 15-09-21,23,16,1175,,,,,,,,,6.437
2020-01-22 15-09-21,23,17,,17.95,18.25,19.41,,,,,,6.437
2020-01-22 15-09-21,23,18,,17.95,18.25,19.41,21.91,20.87,18.27,,,20.437
2020-01-22 15-09-21,23,19,,17.95,18.25,19.41,21.91,20.87,18.27,15.3,56.107878848000006,20.437
2020-01-22 15-09-21,24,16,1044,,,,,,,,,6.437
2020-01-22 15-09-21,24,17,,18.25,19.17,20.43,,,,,,6.437
2020-01-22 15-09-21,24,18,,18.25,19.17,20.43,16.01,18.25,19.73,,,20.437
2020-01-22 15-09-21,24,19,,18.25,19.17,20.43,16.01,18.25,19.73,12.68,96.819562952,20.437
2020-01-22 15-09-22,25,16,1165,,,,,,,,,6.437
2020-01-22 15-09-22,25,17,,21.45,21.49,20.27,,,,,,6.437
2020-01-22 15-09-22,25,18,,21.45,21.49,20.27,19.73,20.51,20.49,,,20.437
2020-01-22 15-09-22,25,19,,21.45,21.49,20.27,19.73,20.51,20.49,12.18,84.117351122,20.437
2020-01-22 15-10-14,10,16,21196,,,,,,,,,6.312
2020-01-22 15-10-14,10,17,,115.09,123.75,125.34,,,,,,6.312
2020-01-22 15-10-14,10,18,,115.09,123.75,125.34,52.14,40.95,40.96,,,20.312
2020-01-22 15-10-15,11,16,1184,,,,,,,,,6.312
2020-01-22 15-10-15,11,17,,19.39,19.51,22.83,,,,,,6.312
2020-01-22 15-10-15,11,18,,19.39,19.51,22.83,19.87,16.39,16.39,,,20.312
2020-01-22 15-10-15,11,19,,19.39,19.51,22.83,19.87,16.39,16.39,19.58,59.648162642,20.312
2020-01-22 15-10-15,12,16,1165,,,,,,,,,6.312
2020-01-22 15-10-15,12,17,,20.55,18.97,19.61,,,,,,6.312
2020-01-22 15-10-15,12,18,,20.55,18.97,19.61,18.87,17.05,17.33,,,20.312
2020-01-22 15-10-15,12,19,,20.55,18.97,19.61,18.87,17.05,17.33,20.96,42.739464920500005,20.312
2020-01-22 15-10-16,13,16,1165,,,,,,,,,6.312
2020-01-22 15-10-16,13,17,,22.23,21.83,21.23,,,,,,6.312
2020-01-22 15-10-16,13,18,,22.23,21.83,21.23,18.59,18.41,17.01,,,20.312
2020-01-22 15-10-16,13,19,,22.23,21.83,21.23,18.59,18.41,17.01,20.57,45.335176680500005,20.312
2020-01-22 15-10-17,15,16,1166,,,,,,,,,6.312
2020-01-22 15-10-17,15,17,,20.61,19.71,16.63,,,,,,6.312
2020-01-22 15-10-17,15,18,,20.61,19.71,16.63,16.33,17.15,20.65,,,20.312
2020-01-22 15-10-17,15,19,,20.61,19.71,16.63,16.33,17.15,20.65,22.18,39.36741245,20.312
2020-01-22 15-10-17,16,16,1166,,,,,,,,,6.312
2020-01-22 15-10-17,16,17,,15.51,19.57,17.57,,,,,,6.312
2020-01-22 15-10-17,16,18,,15.51,19.57,17.57,20.49,19.73,18.33,,,20.312
2020-01-22 15-10-17,16,19,,15.51,19.57,17.57,20.49,19.73,18.33,12.23,61.893406304500004,20.312
2020-01-22 15-10-18,17,16,1161,,,,,,,,,6.312
2020-01-22 15-10-18,17,17,,23.65,23.27,21.11,,,,,,6.312
2020-01-22 15-10-18,17,18,,23.65,23.27,21.11,23.71,20.31,20.51,,,20.312
2020-01-22 15-10-18,17,19,,23.65,23.27,21.11,23.71,20.31,20.51,17.54,50.27442638050001,20.312
2020-01-22 15-10-19,19,16,1176,,,,,,,,,6.312
2020-01-22 15-10-19,19,17,,18.27,21.23,21.11,,,,,,6.312
2020-01-22 15-10-19,19,18,,18.27,21.23,21.11,22.69,18.33,18.91,,,20.312
2020-01-22 15-10-19,19,19,,18.27,21.23,21.11,22.69,18.33,18.91,18.94,-2.0462,20.312
2020-01-22 15-10-19,20,16,23282,,,,,,,,,6.312
2020-01-22 15-10-19,20,17,,22.65,22.75,24.17,,,,,,6.312
2020-01-22 15-10-19,20,18,,22.65,22.75,24.17,18.97,22.07,21.57,,,20.312
2020-01-22 15-10-19,20,19,,22.65,22.75,24.17,18.97,22.07,21.57,18.3,52.87354036450001,20.312
2020-01-22 15-10-20,21,16,1179,,,,,,,,,6.312
2020-01-22 15-10-20,21,17,,20.09,17.79,22.99,,,,,,6.312
2020-01-22 15-10-20,21,18,,20.09,17.79,22.99,23.41,23.57,20.23,,,20.312
2020-01-22 15-10-20,21,19,,20.09,17.79,22.99,23.41,23.57,20.23,17.39,50.75147753800001,20.312
2020-01-22 15-10-21,22,16,1149,,,,,,,,,6.312
2020-01-22 15-10-21,22,17,,17.59,17.95,18.17,,,,,,6.312
2020-01-22 15-10-21,22,18,,17.59,17.95,18.17,16.13,19.67,18.01,,,20.312
2020-01-22 15-10-21,22,19,,17.59,17.95,18.17,16.13,19.67,18.01,11.82,74.89077060050002,20.312
2020-01-22 15-10-21,22,16,1149,,,,,,,,,6.312
2020-01-22 15-10-21,22,17,,17.59,17.95,18.17,,,,,,6.312
2020-01-22 15-10-21,22,18,,17.59,17.95,18.17,16.13,19.67,18.01,,,20.312
2020-01-22 15-10-21,22,19,,17.59,17.95,18.17,16.13,19.67,18.01,11.82,74.89077060050002,20.312
2020-01-22 15-10-21,23,16,1176,,,,,,,,,6.312
2020-01-22 15-10-21,23,17,,17.99,17.85,18.79,,,,,,6.312
2020-01-22 15-10-21,23,18,,17.99,17.85,18.79,20.83,20.23,17.79,,,20.312
2020-01-22 15-10-21,23,19,,17.99,17.85,18.79,20.83,20.23,17.79,15.04,56.076640244500005,20.312
2020-01-22 15-10-21,24,16,1045,,,,,,,,,6.312
2020-01-22 15-10-21,24,17,,17.85,17.33,19.51,,,,,,6.312
2020-01-22 15-10-21,24,18,,17.85,17.33,19.51,15.19,17.25,19.25,,,20.312
2020-01-22 15-10-21,24,19,,17.85,17.33,19.51,15.19,17.25,19.25,12.42,96.230140162,20.312
2020-01-22 15-10-22,25,16,1166,,,,,,,,,6.312
2020-01-22 15-10-22,25,17,,21.17,21.21,19.83,,,,,,6.312
2020-01-22 15-10-22,25,18,,21.17,21.21,19.83,19.93,20.33,20.23,,,20.312
2020-01-22 15-10-22,25,19,,21.17,21.21,19.83,19.93,20.33,20.23,12.08,82.9004643445,20.312
2020-01-22 15-11-14,10,16,21197,,,,,,,,,6.25
2020-01-22 15-11-14,10,17,,69.56,113.98,121.18,,,,,,6.25
2020-01-22 15-11-14,10,18,,69.56,113.98,121.18,52.2,40.95,40.96,,,20.125
2020-01-22 15-11-15,11,16,1185,,,,,,,,,6.25
2020-01-22 15-11-15,11,17,,21.11,19.73,22.87,,,,,,6.25
2020-01-22 15-11-15,11,18,,21.11,19.73,22.87,20.45,16.49,16.23,,,20.125
2020-01-22 15-11-15,11,19,,21.11,19.73,22.87,20.45,16.49,16.23,19.72,59.648162642,20.125
2020-01-22 15-11-15,12,16,1166,,,,,,,,,6.25
2020-01-22 15-11-15,12,17,,20.11,19.17,20.11,,,,,,6.25
2020-01-22 15-11-15,12,18,,20.11,19.17,20.11,19.23,16.73,17.27,,,20.125
2020-01-22 15-11-15,12,19,,20.11,19.17,20.11,19.23,16.73,17.27,21.32,41.924116808,20.125
2020-01-22 15-11-16,13,16,1166,,,,,,,,,6.25
2020-01-22 15-11-16,13,17,,22.69,22.05,21.29,,,,,,6.25
2020-01-22 15-11-16,13,18,,22.69,22.05,21.29,18.63,18.05,16.69,,,20.125
2020-01-22 15-11-16,13,19,,22.69,22.05,21.29,18.63,18.05,16.69,20.5,45.884134450000005,20.125
2020-01-22 15-11-17,15,16,1167,,,,,,,,,6.25
2020-01-22 15-11-17,15,17,,20.49,19.67,16.65,,,,,,6.25
2020-01-22 15-11-17,15,18,,20.49,19.67,16.65,16.23,16.69,20.23,,,20.125
2020-01-22 15-11-17,15,19,,20.49,19.67,16.65,16.23,16.69,20.23,22.24,39.235776082,20.125
2020-01-22 15-11-17,16,16,1167,,,,,,,,,6.25
2020-01-22 15-11-17,16,17,,15.93,20.05,17.83,,,,,,6.25
2020-01-22 15-11-17,16,18,,15.93,20.05,17.83,19.83,19.99,18.59,,,20.125
2020-01-22 15-11-17,16,19,,15.93,20.05,17.83,19.83,19.99,18.59,12.66,64.06082405000001,20.125
2020-01-22 15-11-18,17,16,1162,,,,,,,,,6.25
2020-01-22 15-11-18,17,17,,23.75,23.51,21.11,,,,,,6.25
2020-01-22 15-11-18,17,18,,23.75,23.51,21.11,23.03,19.71,20.49,,,20.125
2020-01-22 15-11-18,17,19,,23.75,23.51,21.11,23.03,19.71,20.49,17.58,51.132601522,20.125
2020-01-22 15-11-19,19,16,1177,,,,,,,,,6.25
2020-01-22 15-11-19,19,17,,18.33,21.45,21.17,,,,,,6.25
2020-01-22 15-11-19,19,18,,18.33,21.45,21.17,22.87,18.59,18.85,,,20.125
2020-01-22 15-11-19,19,19,,18.33,21.45,21.17,22.87,18.59,18.85,19.24,-2.0462,20.125
2020-01-22 15-11-19,20,16,23283,,,,,,,,,6.25
2020-01-22 15-11-19,20,17,,22.65,22.71,24.21,,,,,,6.25
2020-01-22 15-11-19,20,18,,22.65,22.71,24.21,19.01,22.63,21.55,,,20.125
2020-01-22 15-11-19,20,19,,22.65,22.71,24.21,19.01,22.63,21.55,18.25,52.083401152,20.125
2020-01-22 15-11-20,21,16,1180,,,,,,,,,6.25
2020-01-22 15-11-20,21,17,,19.99,17.27,23.05,,,,,,6.25
2020-01-22 15-11-20,21,18,,19.99,17.27,23.05,23.79,23.23,19.07,,,20.125
2020-01-22 15-11-20,21,19,,19.99,17.27,23.05,23.79,23.23,19.07,17.54,51.44985383200001,20.125
2020-01-22 15-11-20,22,16,1150,,,,,,,,,6.25
2020-01-22 15-11-20,22,17,,17.95,17.83,18.27,,,,,,6.25
2020-01-22 15-11-20,22,18,,17.95,17.83,18.27,16.03,19.99,18.15,,,20.125
2020-01-22 15-11-20,22,19,,17.95,17.83,18.27,16.03,19.99,18.15,11.9,75.21238691200001,20.125
2020-01-22 15-11-21,23,16,1177,,,,,,,,,6.25
2020-01-22 15-11-21,23,17,,17.59,17.37,18.97,,,,,,6.25
2020-01-22 15-11-21,23,18,,17.59,17.37,18.97,21.21,19.87,17.95,,,20.125
2020-01-22 15-11-21,23,19,,17.59,17.37,18.97,21.21,19.87,17.95,15.14,57.75895851250001,20.125
2020-01-22 15-11-21,24,16,1046,,,,,,,,,6.25
2020-01-22 15-11-21,24,17,,17.33,17.99,19.61,,,,,,6.25
2020-01-22 15-11-21,24,18,,17.33,17.99,19.61,15.29,17.01,19.19,,,20.125
2020-01-22 15-11-21,24,19,,17.33,17.99,19.61,15.29,17.01,19.19,12.18,96.36423550450002,20.125
2020-01-22 15-11-22,25,16,1167,,,,,,,,,6.25
2020-01-22 15-11-22,25,17,,20.95,20.59,19.61,,,,,,6.25
2020-01-22 15-11-22,25,18,,20.95,20.59,19.61,19.45,20.11,20.27,,,20.125
2020-01-22 15-11-22,25,19,,20.95,20.59,19.61,19.45,20.11,20.27,12.02,82.9571945605,20.125
2020-01-22 15-12-15,10,16,21198,,,,,,,,,6.062
2020-01-22 15-12-15,10,17,,122.73,126.69,127.13,,,,,,6.062
2020-01-22 15-12-15,10,18,,122.73,126.69,127.13,52.25,40.95,40.96,,,20.0
2020-01-22 15-12-15,11,16,1186,,,,,,,,,6.062
2020-01-22 15-12-15,11,17,,22.17,20.39,23.65,,,,,,6.062
2020-01-22 15-12-15,11,18,,22.17,20.39,23.65,21.55,17.09,17.17,,,20.0
2020-01-22 15-12-15,11,19,,22.17,20.39,23.65,21.55,17.09,17.17,20.28,58.41068048200001,20.0
2020-01-22 15-12-16,12,16,1167,,,,,,,,,6.062
2020-01-22 15-12-16,12,17,,22.53,21.79,22.05,,,,,,6.062
2020-01-22 15-12-16,12,18,,22.53,21.79,22.05,20.67,17.99,18.11,,,20.0
2020-01-22 15-12-16,12,19,,22.53,21.79,22.05,20.67,17.99,18.11,22.48,40.91031536050001,20.0
2020-01-22 15-12-16,13,16,1167,,,,,,,,,6.062
2020-01-22 15-12-16,13,17,,24.09,22.63,22.83,,,,,,6.062
2020-01-22 15-12-16,13,18,,24.09,22.63,22.83,19.35,20.37,18.59,,,20.0
2020-01-22 15-12-16,13,19,,24.09,22.63,22.83,19.35,20.37,18.59,21.35,45.496730578000005,20.0
2020-01-22 15-12-17,15,16,1168,,,,,,,,,6.062
2020-01-22 15-12-17,15,17,,22.75,20.71,17.73,,,,,,6.062
2020-01-22 15-12-17,15,18,,22.75,20.71,17.73,17.75,17.89,22.01,,,20.0
2020-01-22 15-12-17,15,19,,22.75,20.71,17.73,17.75,17.89,22.01,23.25,39.038225800000006,20.0
2020-01-22 15-12-18,16,16,1168,,,,,,,,,6.062
2020-01-22 15-12-18,16,17,,17.83,21.57,19.79,,,,,,6.062
2020-01-22 15-12-18,16,18,,17.83,21.57,19.79,22.87,22.87,20.77,,,20.0
2020-01-22 15-12-18,16,19,,17.83,21.57,19.79,22.87,22.87,20.77,13.82,60.6960082,20.0
2020-01-22 15-12-18,17,16,1163,,,,,,,,,6.062
2020-01-22 15-12-18,17,17,,25.01,25.17,22.99,,,,,,6.062
2020-01-22 15-12-18,17,18,,25.01,25.17,22.99,25.73,21.39,21.83,,,20.0
2020-01-22 15-12-18,17,19,,25.01,25.17,22.99,25.73,21.39,21.83,18.22,50.497139602000004,20.0
2020-01-22 15-12-19,19,16,1178,,,,,,,,,6.062
2020-01-22 15-12-19,19,17,,20.31,22.47,21.73,,,,,,6.062
2020-01-22 15-12-19,19,18,,20.31,22.47,21.73,23.87,19.61,19.93,,,20.0
2020-01-22 15-12-19,19,19,,20.31,22.47,21.73,23.87,19.61,19.93,20.42,-2.0462,20.0
2020-01-22 15-12-20,20,16,23284,,,,,,,,,6.062
2020-01-22 15-12-20,20,17,,24.03,24.17,26.71,,,,,,6.062
2020-01-22 15-12-20,20,18,,24.03,24.17,26.71,20.33,24.45,22.25,,,20.0
2020-01-22 15-12-20,20,19,,24.03,24.17,26.71,20.33,24.45,22.25,19.27,51.164341112500004,20.0
2020-01-22 15-12-20,21,16,1181,,,,,,,,,6.062
2020-01-22 15-12-20,21,17,,21.29,18.97,25.87,,,,,,6.062
2020-01-22 15-12-20,21,18,,21.29,18.97,25.87,25.29,26.11,21.55,,,20.0
2020-01-22 15-12-20,21,19,,21.29,18.97,25.87,25.29,26.11,21.55,18.54,50.560743232,20.0
2020-01-22 15-12-21,22,16,1151,,,,,,,,,6.062
2020-01-22 15-12-21,22,17,,20.11,19.61,20.23,,,,,,6.062
2020-01-22 15-12-21,22,18,,20.11,19.61,20.23,18.53,22.17,20.83,,,20.0
2020-01-22 15-12-21,22,19,,20.11,19.61,20.23,18.53,22.17,20.83,11.54,75.7669965605,20.0
2020-01-22 15-12-21,23,16,1178,,,,,,,,,6.062
2020-01-22 15-12-21,23,17,,19.17,18.75,20.49,,,,,,6.062
2020-01-22 15-12-21,23,18,,19.17,18.75,20.49,22.87,21.49,19.61,,,20.0
2020-01-22 15-12-21,23,19,,19.17,18.75,20.49,22.87,21.49,19.61,15.86,55.889141612500005,20.0
2020-01-22 15-12-22,24,16,1047,,,,,,,,,6.062
2020-01-22 15-12-22,24,17,,18.95,19.57,20.77,,,,,,6.062
2020-01-22 15-12-22,24,18,,18.95,19.57,20.77,16.11,19.03,20.89,,,20.0
2020-01-22 15-12-22,24,19,,18.95,19.57,20.77,16.11,19.03,20.89,13.0,96.0959650445,20.0
2020-01-22 15-12-22,25,16,1168,,,,,,,,,6.062
2020-01-22 15-12-22,25,17,,24.33,22.43,21.23,,,,,,6.062
2020-01-22 15-12-22,25,18,,24.33,22.43,21.23,22.31,22.35,23.79,,,20.0
2020-01-22 15-12-22,25,19,,24.33,22.43,21.23,22.31,22.35,23.79,12.26,82.30402645000001,20.0
2020-01-22 15-13-15,10,16,21199,,,,,,,,,6.062
2020-01-22 15-13-15,10,17,,75.84,116.2,121.81,,,,,,6.062
2020-01-22 15-13-15,10,18,,75.84,116.2,121.81,52.32,40.95,40.96,,,19.875
2020-01-22 15-13-15,11,16,1187,,,,,,,,,6.062
2020-01-22 15-13-15,11,17,,23.09,20.11,23.65,,,,,,6.062
2020-01-22 15-13-15,11,18,,23.09,20.11,23.65,21.55,17.53,16.79,,,19.875
2020-01-22 15-13-15,11,19,,23.09,20.11,23.65,21.55,17.53,16.79,20.79,57.29258125000001,19.875
2020-01-22 15-13-16,12,16,1168,,,,,,,,,6.062
2020-01-22 15-13-16,12,17,,21.91,20.77,22.69,,,,,,6.062
2020-01-22 15-13-16,12,18,,21.91,20.77,22.69,20.89,18.01,18.17,,,19.875
2020-01-22 15-13-16,12,19,,21.91,20.77,22.69,20.89,18.01,18.17,23.49,38.081780004500004,19.875
2020-01-22 15-13-16,13,16,1168,,,,,,,,,6.062
2020-01-22 15-13-16,13,17,,23.85,22.81,22.63,,,,,,6.062
2020-01-22 15-13-16,13,18,,23.85,22.81,22.63,19.35,19.57,17.73,,,19.875
2020-01-22 15-13-16,13,19,,23.85,22.81,22.63,19.35,19.57,17.73,22.1,44.85003633800001,19.875
2020-01-22 15-13-17,15,16,1169,,,,,,,,,6.062
2020-01-22 15-13-17,15,17,,21.61,20.21,17.25,,,,,,6.062
2020-01-22 15-13-17,15,18,,21.61,20.21,17.25,17.21,18.15,21.45,,,19.875
2020-01-22 15-13-17,15,19,,21.61,20.21,17.25,17.21,18.15,21.45,24.0,36.72498445,19.875
2020-01-22 15-13-18,16,16,1169,,,,,,,,,6.062
2020-01-22 15-13-18,16,17,,17.21,21.21,19.57,,,,,,6.062
2020-01-22 15-13-18,16,18,,17.21,21.21,19.57,22.89,22.25,20.43,,,19.875
2020-01-22 15-13-18,16,19,,17.21,21.21,19.57,22.89,22.25,20.43,14.19,59.77163005,19.875
2020-01-22 15-13-18,17,16,1164,,,,,,,,,6.062
2020-01-22 15-13-18,17,17,,24.95,25.35,22.77,,,,,,6.062
2020-01-22 15-13-18,17,18,,24.95,25.35,22.77,24.95,21.05,21.91,,,19.875
2020-01-22 15-13-18,17,19,,24.95,25.35,22.77,24.95,21.05,21.91,18.86,51.322991200000004,19.875
2020-01-22 15-13-19,19,16,1179,,,,,,,,,6.062
2020-01-22 15-13-19,19,17,,19.73,22.51,21.63,,,,,,6.062
2020-01-22 15-13-19,19,18,,19.73,22.51,21.63,23.27,19.47,19.71,,,19.875
2020-01-22 15-13-19,19,19,,19.73,22.51,21.63,23.27,19.47,19.71,21.19,-2.0462,19.875
2020-01-22 15-13-20,20,16,23285,,,,,,,,,6.062
2020-01-22 15-13-20,20,17,,24.35,24.09,26.11,,,,,,6.062
2020-01-22 15-13-20,20,18,,24.35,24.09,26.11,20.09,24.21,22.51,,,19.875
2020-01-22 15-13-20,20,19,,24.35,24.09,26.11,20.09,24.21,22.51,19.76,49.764780444500005,19.875
2020-01-22 15-13-20,21,16,1182,,,,,,,,,6.062
2020-01-22 15-13-20,21,17,,21.29,17.95,24.47,,,,,,6.062
2020-01-22 15-13-20,21,18,,21.29,17.95,24.47,25.19,24.95,22.13,,,19.875
2020-01-22 15-13-20,21,19,,21.29,17.95,24.47,25.19,24.95,22.13,19.02,50.17892999200001,19.875
2020-01-22 15-13-21,22,16,1152,,,,,,,,,6.062
2020-01-22 15-13-21,22,17,,19.45,18.75,19.25,,,,,,6.062
2020-01-22 15-13-21,22,18,,19.45,18.75,19.25,16.99,21.23,19.57,,,19.875
2020-01-22 15-13-21,22,19,,19.45,18.75,19.25,16.99,21.23,19.57,11.86,78.78234500050002,19.875
2020-01-22 15-13-21,23,16,1179,,,,,,,,,6.062
2020-01-22 15-13-21,23,17,,18.63,18.49,20.17,,,,,,6.062
2020-01-22 15-13-21,23,18,,18.63,18.49,20.17,23.23,21.89,20.61,,,19.875
2020-01-22 15-13-21,23,19,,18.63,18.49,20.17,23.23,21.89,20.61,16.49,55.795349218000005,19.875
2020-01-22 15-13-22,24,16,1048,,,,,,,,,6.062
2020-01-22 15-13-22,24,17,,18.81,19.09,20.61,,,,,,6.062
2020-01-22 15-13-22,24,18,,18.81,19.09,20.61,15.87,18.63,20.81,,,19.875
2020-01-22 15-13-22,24,19,,18.81,19.09,20.61,15.87,18.63,20.81,13.48,95.6122740845,19.875
2020-01-22 15-13-22,25,16,1169,,,,,,,,,6.062
2020-01-22 15-13-22,25,17,,22.37,21.89,20.83,,,,,,6.062
2020-01-22 15-13-22,25,18,,22.37,21.89,20.83,21.23,21.33,21.89,,,19.875
2020-01-22 15-13-22,25,19,,22.37,21.89,20.83,21.23,21.33,21.89,12.4,83.66524529800002,19.875
2020-01-22 15-14-15,10,16,21200,,,,,,,,,6.125
2020-01-22 15-14-15,10,17,,81.16,118.67,122.54,,,,,,6.125
2020-01-22 15-14-15,10,18,,81.16,118.67,122.54,52.39,40.95,40.96,,,19.875
2020-01-22 15-14-15,11,16,1188,,,,,,,,,6.125
2020-01-22 15-14-15,11,17,,21.39,19.87,23.33,,,,,,6.125
2020-01-22 15-14-15,11,18,,21.39,19.87,23.33,20.59,16.89,16.69,,,19.875
2020-01-22 15-14-15,11,19,,21.39,19.87,23.33,20.59,16.89,16.69,20.46,56.79432080200001,19.875
2020-01-22 15-14-16,12,16,1169,,,,,,,,,6.125
2020-01-22 15-14-16,12,17,,20.61,19.71,21.05,,,,,,6.125
2020-01-22 15-14-16,12,18,,20.61,19.71,21.05,19.51,16.79,17.37,,,19.875
2020-01-22 15-14-16,12,19,,20.61,19.71,21.05,19.51,16.79,17.37,23.12,38.081780004500004,19.875
2020-01-22 15-14-16,13,16,1169,,,,,,,,,6.125
2020-01-22 15-14-16,13,17,,22.95,22.13,21.61,,,,,,6.125
2020-01-22 15-14-16,13,18,,22.95,22.13,21.61,18.71,18.53,16.99,,,19.875
2020-01-22 15-14-16,13,19,,22.95,22.13,21.61,18.71,18.53,16.99,21.64,44.2344945445,19.875
2020-01-22 15-14-17,15,16,1170,,,,,,,,,6.125
2020-01-22 15-14-17,15,17,,20.73,19.45,16.89,,,,,,6.125
2020-01-22 15-14-17,15,18,,20.73,19.45,16.89,16.39,16.99,20.27,,,19.875
2020-01-22 15-14-17,15,19,,20.73,19.45,16.89,16.39,16.99,20.27,23.52,36.72498445,19.875
2020-01-22 15-14-18,16,16,1170,,,,,,,,,6.125
2020-01-22 15-14-18,16,17,,16.49,20.33,18.91,,,,,,6.125
2020-01-22 15-14-18,16,18,,16.49,20.33,18.91,21.73,21.23,19.23,,,19.875
2020-01-22 15-14-18,16,19,,16.49,20.33,18.91,21.73,21.23,19.23,13.64,59.77163005,19.875
2020-01-22 15-14-18,17,16,1165,,,,,,,,,6.125
2020-01-22 15-14-18,17,17,,24.51,24.41,21.97,,,,,,6.125
2020-01-22 15-14-18,17,18,,24.51,24.41,21.97,24.29,20.43,21.07,,,19.875
2020-01-22 15-14-18,17,19,,24.51,24.41,21.97,24.29,20.43,21.07,18.54,50.115249778000006,19.875
2020-01-22 15-14-19,19,16,1180,,,,,,,,,6.125
2020-01-22 15-14-19,19,17,,19.67,21.97,21.77,,,,,,6.125
2020-01-22 15-14-19,19,18,,19.67,21.97,21.77,23.23,19.63,19.61,,,19.875
2020-01-22 15-14-19,19,19,,19.67,21.97,21.77,23.23,19.63,19.61,20.79,-2.0462,19.875
2020-01-22 15-14-20,20,16,23286,,,,,,,,,6.125
2020-01-22 15-14-20,20,17,,23.29,23.41,25.37,,,,,,6.125
2020-01-22 15-14-20,20,18,,23.29,23.41,25.37,19.57,23.05,21.83,,,19.875
2020-01-22 15-14-20,20,19,,23.29,23.41,25.37,19.57,23.05,21.83,19.25,49.35009161800001,19.875
2020-01-22 15-14-20,21,16,1183,,,,,,,,,6.125
2020-01-22 15-14-20,21,17,,21.01,17.93,23.87,,,,,,6.125
2020-01-22 15-14-20,21,18,,21.01,17.93,23.87,24.75,24.95,20.93,,,19.875
2020-01-22 15-14-20,21,19,,21.01,17.93,23.87,24.75,24.95,20.93,18.74,50.242597442000005,19.875
2020-01-22 15-14-21,22,16,1153,,,,,,,,,6.125
2020-01-22 15-14-21,22,17,,18.47,17.93,18.49,,,,,,6.125
2020-01-22 15-14-21,22,18,,18.47,17.93,18.49,16.17,20.11,18.85,,,19.875
2020-01-22 15-14-21,22,19,,18.47,17.93,18.49,16.17,20.11,18.85,11.46,75.3584485045,19.875
2020-01-22 15-14-21,23,16,1180,,,,,,,,,6.125
2020-01-22 15-14-21,23,17,,18.25,18.05,19.71,,,,,,6.125
2020-01-22 15-14-21,23,18,,18.25,18.05,19.71,22.29,19.95,19.25,,,19.875
2020-01-22 15-14-21,23,19,,18.25,18.05,19.71,22.29,19.95,19.25,15.94,54.2593414405,19.875
2020-01-22 15-14-22,24,16,1049,,,,,,,,,6.125
2020-01-22 15-14-22,24,17,,18.21,18.47,20.15,,,,,,6.125
2020-01-22 15-14-22,24,18,,18.21,18.47,20.15,15.97,18.25,20.23,,,19.875
2020-01-22 15-14-22,24,19,,18.21,18.47,20.15,15.97,18.25,20.23,12.9,95.28923906450001,19.875
2020-01-22 15-14-22,25,16,1170,,,,,,,,,6.125
2020-01-22 15-14-22,25,17,,22.23,21.77,20.11,,,,,,6.125
2020-01-22 15-14-22,25,18,,22.23,21.77,20.11,20.55,20.95,21.37,,,19.875
2020-01-22 15-14-22,25,19,,22.23,21.77,20.11,20.55,20.95,21.37,12.26,83.12730862450002,19.875
2020-01-22 15-15-14,10,16,21201,,,,,,,,,6.062
2020-01-22 15-15-14,10,17,,106.68,119.73,124.23,,,,,,6.062
2020-01-22 15-15-14,10,18,,106.68,119.73,124.23,52.43,40.95,40.96,,,19.812
2020-01-22 15-15-14,11,16,1189,,,,,,,,,6.062
2020-01-22 15-15-14,11,17,,20.93,20.05,23.87,,,,,,6.062
2020-01-22 15-15-14,11,18,,20.93,20.05,23.87,20.95,17.47,17.05,,,19.812
2020-01-22 15-15-14,11,19,,20.93,20.05,23.87,20.95,17.47,17.05,20.74,56.20157551250001,19.812
2020-01-22 15-15-15,12,16,1170,,,,,,,,,6.062
2020-01-22 15-15-15,12,17,,22.19,21.15,21.45,,,,,,6.062
2020-01-22 15-15-15,12,18,,22.19,21.15,21.45,20.37,17.75,18.47,,,19.812
2020-01-22 15-15-15,12,19,,22.19,21.15,21.45,20.37,17.75,18.47,23.52,39.268689960500005,19.812
2020-01-22 15-15-15,13,16,1170,,,,,,,,,6.062
2020-01-22 15-15-16,13,17,,23.53,22.29,22.25,,,,,,6.062
2020-01-22 15-15-16,13,18,,23.53,22.29,22.25,19.13,19.77,18.15,,,19.812
2020-01-22 15-15-16,13,19,,23.53,22.29,22.25,19.13,19.77,18.15,21.84,43.78020031250001,19.812
2020-01-22 15-15-17,15,16,1171,,,,,,,,,6.062
2020-01-22 15-15-17,15,17,,22.01,19.99,17.63,,,,,,6.062
2020-01-22 15-15-17,15,18,,22.01,19.99,17.63,17.53,18.09,21.43,,,19.812
2020-01-22 15-15-17,15,19,,22.01,19.99,17.63,17.53,18.09,21.43,23.82,38.04875125000001,19.812
2020-01-22 15-15-17,16,16,1171,,,,,,,,,6.062
2020-01-22 15-15-17,16,17,,17.73,20.99,19.51,,,,,,6.062
2020-01-22 15-15-17,16,18,,17.73,20.99,19.51,22.63,22.77,21.11,,,19.812
2020-01-22 15-15-17,16,19,,17.73,20.99,19.51,22.63,22.77,21.11,14.07,58.968179272,19.812
2020-01-22 15-15-18,17,16,1166,,,,,,,,,6.062
2020-01-22 15-15-18,17,17,,25.05,25.05,23.21,,,,,,6.062
2020-01-22 15-15-18,17,18,,25.05,25.05,23.21,25.73,21.85,21.77,,,19.812
2020-01-22 15-15-18,17,19,,25.05,25.05,23.21,25.73,21.85,21.77,18.6,49.477745618,19.812
2020-01-22 15-15-19,19,16,1181,,,,,,,,,6.062
2020-01-22 15-15-19,19,17,,20.11,22.47,21.27,,,,,,6.062
2020-01-22 15-15-19,19,18,,20.11,22.47,21.27,23.93,19.51,19.67,,,19.812
2020-01-22 15-15-19,19,19,,20.11,22.47,21.27,23.93,19.51,19.67,21.13,-2.0462,19.812
2020-01-22 15-15-19,20,16,23287,,,,,,,,,6.062
2020-01-22 15-15-19,20,17,,23.11,23.87,26.43,,,,,,6.062
2020-01-22 15-15-19,20,18,,23.11,23.87,26.43,20.89,23.69,21.49,,,19.812
2020-01-22 15-15-19,20,19,,23.11,23.87,26.43,20.89,23.69,21.49,19.32,49.030733248000004,19.812
2020-01-22 15-15-20,21,16,1184,,,,,,,,,6.062
2020-01-22 15-15-20,21,17,,21.55,19.17,25.23,,,,,,6.062
2020-01-22 15-15-20,21,18,,21.55,19.17,25.23,25.43,26.09,21.27,,,19.812
2020-01-22 15-15-20,21,19,,21.55,19.17,25.23,25.43,26.09,21.27,19.22,49.605348562,19.812
2020-01-22 15-15-20,22,16,1154,,,,,,,,,6.062
2020-01-22 15-15-20,22,17,,20.01,19.83,19.73,,,,,,6.062
2020-01-22 15-15-20,22,18,,20.01,19.83,19.73,17.89,21.67,20.11,,,19.812
2020-01-22 15-15-20,22,19,,20.01,19.83,19.73,17.89,21.67,20.11,11.41,77.39493442450001,19.812
2020-01-22 15-15-21,23,16,1181,,,,,,,,,6.062
2020-01-22 15-15-21,23,17,,18.71,18.31,20.39,,,,,,6.062
2020-01-22 15-15-21,23,18,,18.71,18.31,20.39,22.57,21.71,19.25,,,19.812
2020-01-22 15-15-21,23,19,,18.71,18.31,20.39,22.57,21.71,19.25,16.15,54.855845728000006,19.812
2020-01-22 15-15-21,24,16,1050,,,,,,,,,6.062
2020-01-22 15-15-21,24,17,,19.03,19.51,20.73,,,,,,6.062
2020-01-22 15-15-21,24,18,,19.03,19.51,20.73,15.85,19.17,20.37,,,19.812
2020-01-22 15-15-21,24,19,,19.03,19.51,20.73,15.85,19.17,20.37,12.98,94.80382496450001,19.812
2020-01-22 15-15-22,25,16,1171,,,,,,,,,6.062
2020-01-22 15-15-22,25,17,,23.81,22.51,20.95,,,,,,6.062
2020-01-22 15-15-22,25,18,,23.81,22.51,20.95,21.61,21.63,22.81,,,19.812
2020-01-22 15-15-22,25,19,,23.81,22.51,20.95,21.61,21.63,22.81,12.3,82.3324601645,19.812
2020-01-22 15-16-14,10,16,21202,,,,,,,,,6.062
2020-01-22 15-16-14,10,17,,71.54,114.42,120.94,,,,,,6.062
2020-01-22 15-16-14,10,18,,71.54,114.42,120.94,52.48,40.95,40.96,,,19.75
2020-01-22 15-16-15,11,16,1190,,,,,,,,,6.062
2020-01-22 15-16-15,11,17,,21.21,19.83,22.87,,,,,,6.062
2020-01-22 15-16-15,11,18,,21.21,19.83,22.87,20.37,16.47,16.27,,,19.75
2020-01-22 15-16-15,11,19,,21.21,19.83,22.87,20.37,16.47,16.27,20.53,55.5137997205,19.75
2020-01-22 15-16-15,12,16,1171,,,,,,,,,6.062
2020-01-22 15-16-15,12,17,,21.45,20.27,19.87,,,,,,6.062
2020-01-22 15-16-15,12,18,,21.45,20.27,19.87,19.33,16.95,17.41,,,19.75
2020-01-22 15-16-15,12,19,,21.45,20.27,19.87,19.33,16.95,17.41,23.55,37.85051171200001,19.75
2020-01-22 15-16-16,13,16,1171,,,,,,,,,6.062
2020-01-22 15-16-16,13,17,,23.09,21.95,21.61,,,,,,6.062
2020-01-22 15-16-16,13,18,,23.09,21.95,21.61,18.75,18.75,17.73,,,19.75
2020-01-22 15-16-16,13,19,,23.09,21.95,21.61,18.75,18.75,17.73,21.53,43.9100624845,19.75
2020-01-22 15-16-17,15,16,1172,,,,,,,,,6.062
2020-01-22 15-16-17,15,17,,21.49,20.31,17.21,,,,,,6.062
2020-01-22 15-16-17,15,18,,21.49,20.31,17.21,16.95,17.79,20.99,,,19.75
2020-01-22 15-16-17,15,19,,21.49,20.31,17.21,16.95,17.79,20.99,23.78,37.1557686805,19.75
2020-01-22 15-16-17,16,16,1172,,,,,,,,,6.062
2020-01-22 15-16-17,16,17,,16.13,20.15,18.63,,,,,,6.062
2020-01-22 15-16-17,16,18,,16.13,20.15,18.63,21.37,20.83,19.89,,,19.75
2020-01-22 15-16-17,16,19,,16.13,20.15,18.63,21.37,20.83,19.89,13.48,56.60726252800001,19.75
2020-01-22 15-16-18,17,16,1167,,,,,,,,,6.062
2020-01-22 15-16-18,17,17,,24.09,24.09,21.95,,,,,,6.062
2020-01-22 15-16-18,17,18,,24.09,24.09,21.95,23.85,20.31,20.95,,,19.75
2020-01-22 15-16-18,17,19,,24.09,24.09,21.95,23.85,20.31,20.95,18.32,48.198908098000004,19.75
2020-01-22 15-16-19,19,16,1182,,,,,,,,,6.062
2020-01-22 15-16-19,19,17,,19.09,22.11,21.51,,,,,,6.062
2020-01-22 15-16-19,19,18,,19.09,22.11,21.51,22.89,18.95,19.29,,,19.75
2020-01-22 15-16-19,19,19,,19.09,22.11,21.51,22.89,18.95,19.29,20.7,-2.0462,19.75
2020-01-22 15-16-19,20,16,23288,,,,,,,,,6.062
2020-01-22 15-16-19,20,17,,22.87,23.75,25.11,,,,,,6.062
2020-01-22 15-16-19,20,18,,22.87,23.75,25.11,19.47,22.75,21.57,,,19.75
2020-01-22 15-16-19,20,19,,22.87,23.75,25.11,19.47,22.75,21.57,19.01,49.541553472000004,19.75
2020-01-22 15-16-20,21,16,1185,,,,,,,,,6.062
2020-01-22 15-16-20,21,17,,20.45,17.95,23.75,,,,,,6.062
2020-01-22 15-16-20,21,18,,20.45,17.95,23.75,24.35,24.23,20.39,,,19.75
2020-01-22 15-16-20,21,19,,20.45,17.95,23.75,24.35,24.23,20.39,18.38,47.782186604500005,19.75
2020-01-22 15-16-20,22,16,1155,,,,,,,,,6.062
2020-01-22 15-16-20,22,17,,18.97,18.63,18.87,,,,,,6.062
2020-01-22 15-16-20,22,18,,18.97,18.63,18.87,17.15,20.95,19.39,,,19.75
2020-01-22 15-16-20,22,19,,18.97,18.63,18.87,17.15,20.95,19.39,11.32,76.0584336805,19.75
2020-01-22 15-16-21,23,16,1182,,,,,,,,,6.062
2020-01-22 15-16-21,23,17,,18.21,17.75,19.55,,,,,,6.062
2020-01-22 15-16-21,23,18,,18.21,17.75,19.55,21.95,20.71,18.43,,,19.75
2020-01-22 15-16-21,23,19,,18.21,17.75,19.55,21.95,20.71,18.43,15.76,52.841973088,19.75
2020-01-22 15-16-21,24,16,1051,,,,,,,,,6.062
2020-01-22 15-16-21,24,17,,19.39,18.49,19.93,,,,,,6.062
2020-01-22 15-16-21,24,18,,19.39,18.49,19.93,16.33,18.15,20.09,,,19.75
2020-01-22 15-16-21,24,19,,19.39,18.49,19.93,16.33,18.15,20.09,12.64,95.15450552200001,19.75
2020-01-22 15-16-22,25,16,1172,,,,,,,,,6.062
2020-01-22 15-16-22,25,17,,22.51,21.73,20.89,,,,,,6.062
2020-01-22 15-16-22,25,18,,22.51,21.73,20.89,21.21,21.15,21.67,,,19.75
2020-01-22 15-16-22,25,19,,22.51,21.73,20.89,21.21,21.15,21.67,12.12,82.0479794245,19.75
2020-01-22 15-17-14,10,16,21203,,,,,,,,,6.125
2020-01-22 15-17-14,10,17,,129.64,129.55,127.9,,,,,,6.125
2020-01-22 15-17-14,10,18,,129.64,129.55,127.9,52.52,40.95,40.96,,,19.687
2020-01-22 15-17-15,11,16,1191,,,,,,,,,6.125
2020-01-22 15-17-15,11,17,,21.97,20.17,23.51,,,,,,6.125
2020-01-22 15-17-15,11,18,,21.97,20.17,23.51,21.23,17.67,16.89,,,19.687
2020-01-22 15-17-15,11,19,,21.97,20.17,23.51,21.23,17.67,16.89,20.56,56.918962498000006,19.687
2020-01-22 15-17-15,12,16,1172,,,,,,,,,6.125
2020-01-22 15-17-15,12,17,,20.17,19.61,21.33,,,,,,6.125
2020-01-22 15-17-15,12,18,,20.17,19.61,21.33,20.55,17.95,17.75,,,19.687
2020-01-22 15-17-15,12,19,,20.17,19.61,21.33,20.55,17.95,17.75,23.08,36.459618418000005,19.687
2020-01-22 15-17-16,13,16,1172,,,,,,,,,6.125
2020-01-22 15-17-16,13,17,,22.83,22.53,22.11,,,,,,6.125
2020-01-22 15-17-16,13,18,,22.83,22.53,22.11,18.95,19.09,17.27,,,19.687
2020-01-22 15-17-16,13,19,,22.83,22.53,22.11,18.95,19.09,17.27,21.31,46.20662,19.687
2020-01-22 15-17-17,15,16,1173,,,,,,,,,6.125
2020-01-22 15-17-17,15,17,,20.89,19.67,17.05,,,,,,6.125
2020-01-22 15-17-17,15,18,,20.89,19.67,17.05,17.63,17.85,21.45,,,19.687
2020-01-22 15-17-17,15,19,,20.89,19.67,17.05,17.63,17.85,21.45,23.56,37.387506050000006,19.687
2020-01-22 15-17-17,16,16,1173,,,,,,,,,6.125
2020-01-22 15-17-17,16,17,,18.49,21.21,19.57,,,,,,6.125
2020-01-22 15-17-17,16,18,,18.49,21.21,19.57,21.15,21.23,19.61,,,19.687
2020-01-22 15-17-17,16,19,,18.49,21.21,19.57,21.15,21.23,19.61,13.48,64.2128528125,19.687
2020-01-22 15-17-18,17,16,1168,,,,,,,,,6.125
2020-01-22 15-17-18,17,17,,24.29,24.33,22.77,,,,,,6.125
2020-01-22 15-17-18,17,18,,24.29,24.33,22.77,24.47,21.37,21.67,,,19.687
2020-01-22 15-17-18,17,19,,24.29,24.33,22.77,24.47,21.37,21.67,18.28,52.46291687200001,19.687
2020-01-22 15-17-19,19,16,1183,,,,,,,,,6.125
2020-01-22 15-17-19,19,17,,19.63,22.11,21.71,,,,,,6.125
2020-01-22 15-17-19,19,18,,19.63,22.11,21.71,22.93,20.37,20.11,,,19.687
2020-01-22 15-17-19,19,19,,19.63,22.11,21.71,22.93,20.37,20.11,20.77,-2.0462,19.687
2020-01-22 15-17-19,20,16,23289,,,,,,,,,6.125
2020-01-22 15-17-19,20,17,,23.35,23.51,24.87,,,,,,6.125
2020-01-22 15-17-19,20,18,,23.35,23.51,24.87,19.55,23.45,22.17,,,19.687
2020-01-22 15-17-19,20,19,,23.35,23.51,24.87,19.55,23.45,22.17,18.81,50.14709148050001,19.687
2020-01-22 15-17-20,21,16,1186,,,,,,,,,6.125
2020-01-22 15-17-20,21,17,,20.51,17.73,24.15,,,,,,6.125
2020-01-22 15-17-20,21,18,,20.51,17.73,24.15,24.35,24.51,21.67,,,19.687
2020-01-22 15-17-20,21,19,,20.51,17.73,24.15,24.35,24.51,21.67,18.24,50.8468016125,19.687
2020-01-22 15-17-20,22,16,1156,,,,,,,,,6.125
2020-01-22 15-17-20,22,17,,19.57,19.01,19.39,,,,,,6.125
2020-01-22 15-17-20,22,18,,19.57,19.01,19.39,16.99,21.01,19.55,,,19.687
2020-01-22 15-17-20,22,19,,19.57,19.01,19.39,16.99,21.01,19.55,11.74,79.5307893205,19.687
2020-01-22 15-17-21,23,16,1183,,,,,,,,,6.125
2020-01-22 15-17-21,23,17,,18.09,18.79,20.01,,,,,,6.125
2020-01-22 15-17-21,23,18,,18.09,18.79,20.01,22.65,21.21,19.23,,,19.687
2020-01-22 15-17-21,23,19,,18.09,18.79,20.01,22.65,21.21,19.23,15.8,56.04539845000001,19.687
2020-01-22 15-17-21,24,16,1052,,,,,,,,,6.125
2020-01-22 15-17-21,24,17,,19.51,19.41,20.39,,,,,,6.125
2020-01-22 15-17-21,24,18,,19.51,19.41,20.39,16.47,18.85,20.67,,,19.687
2020-01-22 15-17-21,24,19,,19.51,19.41,20.39,16.47,18.85,20.67,13.1,95.77361928050001,19.687
2020-01-22 15-17-22,25,16,1173,,,,,,,,,6.125
2020-01-22 15-17-22,25,17,,21.79,21.67,20.59,,,,,,6.125
2020-01-22 15-17-22,25,18,,21.79,21.67,20.59,20.45,21.17,20.77,,,19.687
2020-01-22 15-17-22,25,19,,21.79,21.67,20.59,20.45,21.17,20.77,12.3,85.49684354050001,19.687
2020-01-22 15-18-14,10,16,21204,,,,,,,,,6.187
2020-01-22 15-18-14,10,17,,129.26,129.01,127.9,,,,,,6.187
2020-01-22 15-18-14,10,18,,129.26,129.01,127.9,52.59,40.95,40.96,,,19.625
2020-01-22 15-18-15,11,16,1192,,,,,,,,,6.187
2020-01-22 15-18-15,11,17,,23.03,20.11,22.95,,,,,,6.187
2020-01-22 15-18-15,11,18,,23.03,20.11,22.95,20.49,17.27,16.49,,,19.625
2020-01-22 15-18-15,11,19,,23.03,20.11,22.95,20.49,17.27,16.49,20.73,56.451292880500006,19.625
2020-01-22 15-18-15,12,16,1173,,,,,,,,,6.187
2020-01-22 15-18-15,12,17,,20.21,19.77,21.51,,,,,,6.187
2020-01-22 15-18-15,12,18,,20.21,19.77,21.51,21.23,18.55,18.17,,,19.625
2020-01-22 15-18-15,12,19,,20.21,19.77,21.51,21.23,18.55,18.17,21.91,38.11480556800001,19.625
2020-01-22 15-18-16,13,16,1173,,,,,,,,,6.187
2020-01-22 15-18-16,13,17,,23.33,22.13,22.23,,,,,,6.187
2020-01-22 15-18-16,13,18,,23.33,22.13,22.23,19.17,19.33,17.79,,,19.625
2020-01-22 15-18-16,13,19,,23.33,22.13,22.23,19.17,19.33,17.79,21.28,45.755050882000006,19.625
2020-01-22 15-18-17,15,16,1174,,,,,,,,,6.187
2020-01-22 15-18-17,15,17,,21.51,19.73,16.91,,,,,,6.187
2020-01-22 15-18-17,15,18,,21.51,19.73,16.91,17.57,17.99,21.17,,,19.625
2020-01-22 15-18-17,15,19,,21.51,19.73,16.91,17.57,17.99,21.17,23.28,38.3788952,19.625
2020-01-22 15-18-18,16,16,1174,,,,,,,,,6.187
2020-01-22 15-18-18,16,17,,18.37,21.29,19.47,,,,,,6.187
2020-01-22 15-18-18,16,18,,18.37,21.29,19.47,21.95,21.85,19.93,,,19.625
2020-01-22 15-18-18,16,19,,18.37,21.29,19.47,21.95,21.85,19.93,14.06,63.146976200000005,19.625
2020-01-22 15-18-18,17,16,1169,,,,,,,,,6.187
2020-01-22 15-18-18,17,17,,24.17,24.45,22.23,,,,,,6.187
2020-01-22 15-18-18,17,18,,24.17,24.45,22.23,24.47,20.99,21.39,,,19.625
2020-01-22 15-18-18,17,19,,24.17,24.45,22.23,24.47,20.99,21.39,18.34,51.164341112500004,19.625
2020-01-22 15-18-19,19,16,1184,,,,,,,,,6.187
2020-01-22 15-18-19,19,17,,19.55,22.23,21.29,,,,,,6.187
2020-01-22 15-18-19,19,18,,19.55,22.23,21.29,23.63,20.65,20.33,,,19.625
2020-01-22 15-18-19,19,19,,19.55,22.23,21.29,23.63,20.65,20.33,20.68,-2.0462,19.625
2020-01-22 15-18-20,20,16,23290,,,,,,,,,6.187
2020-01-22 15-18-20,20,17,,23.63,23.59,25.97,,,,,,6.187
2020-01-22 15-18-20,20,18,,23.63,23.59,25.97,20.11,24.17,22.11,,,19.625
2020-01-22 15-18-20,20,19,,23.63,23.59,25.97,20.11,24.17,22.11,18.69,52.27321645000001,19.625
2020-01-22 15-18-20,21,16,1187,,,,,,,,,6.187
2020-01-22 15-18-20,21,17,,20.67,18.09,24.15,,,,,,6.187
2020-01-22 15-18-20,21,18,,20.67,18.09,24.15,24.15,25.11,21.49,,,19.625
2020-01-22 15-18-20,21,19,,20.67,18.09,24.15,24.15,25.11,21.49,18.28,51.196077512,19.625
2020-01-22 15-18-21,22,16,1157,,,,,,,,,6.187
2020-01-22 15-18-21,22,17,,19.23,18.55,19.01,,,,,,6.187
2020-01-22 15-18-21,22,18,,19.23,18.55,19.01,17.27,20.83,19.29,,,19.625
2020-01-22 15-18-21,22,19,,19.23,18.55,19.01,17.27,20.83,19.29,12.05,78.55162046450002,19.625
2020-01-22 15-18-21,23,16,1184,,,,,,,,,6.187
2020-01-22 15-18-21,23,17,,18.43,18.01,20.21,,,,,,6.187
2020-01-22 15-18-21,23,18,,18.43,18.01,20.21,22.99,21.21,18.85,,,19.625
2020-01-22 15-18-21,23,19,,18.43,18.01,20.21,22.99,21.21,18.85,16.09,56.295243458,19.625
2020-01-22 15-18-22,24,16,1053,,,,,,,,,6.187
2020-01-22 15-18-22,24,17,,19.25,19.47,20.37,,,,,,6.187
2020-01-22 15-18-22,24,18,,19.25,19.47,20.37,16.47,18.87,21.05,,,19.625
2020-01-22 15-18-22,24,19,,19.25,19.47,20.37,16.47,18.87,21.05,13.12,95.82737548450001,19.625
2020-01-22 15-18-22,25,16,1174,,,,,,,,,6.187
2020-01-22 15-18-22,25,17,,22.29,21.63,20.23,,,,,,6.187
2020-01-22 15-18-22,25,18,,22.29,21.63,20.23,21.07,20.83,21.39,,,19.625
2020-01-22 15-18-22,25,19,,22.29,21.63,20.23,21.07,20.83,21.39,12.24,83.41057678450001,19.625
2020-01-22 15-19-14,10,16,21205,,,,,,,,,6.187
2020-01-22 15-19-14,10,17,,97.64,125.2,125.82,,,,,,6.187
2020-01-22 15-19-14,10,18,,97.64,125.2,125.82,52.61,40.95,40.96,,,19.625
2020-01-22 15-19-14,11,16,1193,,,,,,,,,6.187
2020-01-22 15-19-14,11,17,,21.77,19.77,22.59,,,,,,6.187
2020-01-22 15-19-14,11,18,,21.77,19.77,22.59,20.55,17.11,16.49,,,19.625
2020-01-22 15-19-14,11,19,,21.77,19.77,22.59,20.55,17.11,16.49,20.74,54.10217516800001,19.625
2020-01-22 15-19-15,12,16,1174,,,,,,,,,6.187
2020-01-22 15-19-15,12,17,,20.33,19.41,20.09,,,,,,6.187
2020-01-22 15-19-15,12,18,,20.33,19.41,20.09,19.09,16.91,17.51,,,19.625
2020-01-22 15-19-15,12,19,,20.33,19.41,20.09,19.09,16.91,17.51,21.96,39.56477127200001,19.625
2020-01-22 15-19-15,13,16,1174,,,,,,,,,6.187
2020-01-22 15-19-15,13,17,,23.09,21.85,21.45,,,,,,6.187
2020-01-22 15-19-15,13,18,,23.09,21.85,21.45,18.53,19.25,17.85,,,19.625
2020-01-22 15-19-15,13,19,,23.09,21.85,21.45,18.53,19.25,17.85,21.45,44.91476320000001,19.625
2020-01-22 15-19-16,15,16,1175,,,,,,,,,6.187
2020-01-22 15-19-16,15,17,,21.55,19.99,17.37,,,,,,6.187
2020-01-22 15-19-16,15,18,,21.55,19.99,17.37,16.89,17.17,20.73,,,19.625
2020-01-22 15-19-16,15,19,,21.55,19.99,17.37,16.89,17.17,20.73,23.54,37.188883592,19.625
2020-01-22 15-19-17,16,16,1175,,,,,,,,,6.187
2020-01-22 15-19-17,16,17,,16.33,20.15,18.63,,,,,,6.187
2020-01-22 15-19-17,16,18,,16.33,20.15,18.63,20.95,21.11,19.63,,,19.625
2020-01-22 15-19-17,16,19,,16.33,20.15,18.63,20.95,21.11,19.63,13.4,58.7514970405,19.625
2020-01-22 15-19-17,17,16,1170,,,,,,,,,6.187
2020-01-22 15-19-17,17,17,,24.57,24.29,22.05,,,,,,6.187
2020-01-22 15-19-17,17,18,,24.57,24.29,22.05,24.21,20.33,21.17,,,19.625
2020-01-22 15-19-17,17,19,,24.57,24.29,22.05,24.21,20.33,21.17,18.06,48.61509031250001,19.625
2020-01-22 15-19-18,19,16,1185,,,,,,,,,6.187
2020-01-22 15-19-18,19,17,,19.29,22.11,21.61,,,,,,6.187
2020-01-22 15-19-18,19,18,,19.29,22.11,21.61,22.63,19.03,19.71,,,19.625
2020-01-22 15-19-18,19,19,,19.29,22.11,21.61,22.63,19.03,19.71,20.69,-2.0462,19.625
2020-01-22 15-19-19,20,16,23291,,,,,,,,,6.187
2020-01-22 15-19-19,20,17,,22.93,23.33,24.95,,,,,,6.187
2020-01-22 15-19-19,20,18,,22.93,23.33,24.95,19.79,22.93,21.29,,,19.625
2020-01-22 15-19-19,20,19,,22.93,23.33,24.95,19.79,22.93,21.29,18.88,50.94209696800001,19.625
2020-01-22 15-19-19,21,16,1188,,,,,,,,,6.187
2020-01-22 15-19-19,21,17,,20.49,18.49,23.57,,,,,,6.187
2020-01-22 15-19-19,21,18,,20.49,18.49,23.57,24.21,25.01,22.05,,,19.625
2020-01-22 15-19-19,21,19,,20.49,18.49,23.57,24.21,25.01,22.05,18.36,48.647081992000004,19.625
2020-01-22 15-19-20,22,16,1158,,,,,,,,,6.187
2020-01-22 15-19-20,22,17,,18.53,17.93,18.85,,,,,,6.187
2020-01-22 15-19-20,22,18,,18.53,17.93,18.85,16.23,20.27,18.49,,,19.625
2020-01-22 15-19-20,22,19,,18.53,17.93,18.85,16.23,20.27,18.49,11.61,74.861513608,19.625
2020-01-22 15-19-20,23,16,1185,,,,,,,,,6.187
2020-01-22 15-19-20,23,17,,18.43,17.99,19.29,,,,,,6.187
2020-01-22 15-19-20,23,18,,18.43,17.99,19.29,22.19,21.23,18.95,,,19.625
2020-01-22 15-19-20,23,19,,18.43,17.99,19.29,22.19,21.23,18.95,15.85,53.693169512500006,19.625
2020-01-22 15-19-21,24,16,1054,,,,,,,,,6.187
2020-01-22 15-19-21,24,17,,18.59,18.85,20.05,,,,,,6.187
2020-01-22 15-19-21,24,18,,18.59,18.85,20.05,15.97,17.95,20.17,,,19.625
2020-01-22 15-19-21,24,19,,18.59,18.85,20.05,15.97,17.95,20.17,12.8,94.9117841125,19.625
2020-01-22 15-19-21,25,16,1175,,,,,,,,,6.187
2020-01-22 15-19-21,25,17,,22.29,21.67,20.33,,,,,,6.187
2020-01-22 15-19-21,25,18,,22.29,21.67,20.33,20.65,21.11,21.23,,,19.625
2020-01-22 15-19-21,25,19,,22.29,21.67,20.33,20.65,21.11,21.23,12.07,82.7869656205,19.625
2020-01-22 15-20-15,10,16,21206,,,,,,,,,6.187
2020-01-22 15-20-15,10,17,,130.27,129.3,128.63,,,,,,6.187
2020-01-22 15-20-15,10,18,,130.27,129.3,128.63,52.66,40.95,40.96,,,19.625
2020-01-22 15-20-15,11,16,1194,,,,,,,,,6.187
2020-01-22 15-20-15,11,17,,22.25,19.79,22.53,,,,,,6.187
2020-01-22 15-20-15,11,18,,22.25,19.79,22.53,20.21,16.95,16.75,,,19.625
2020-01-22 15-20-15,11,19,,22.25,19.79,22.53,20.21,16.95,16.75,20.26,55.04397617800001,19.625
2020-01-22 15-20-16,12,16,1175,,,,,,,,,6.187
2020-01-22 15-20-16,12,17,,18.87,18.37,19.93,,,,,,6.187
2020-01-22 15-20-16,12,18,,18.87,18.37,19.93,19.61,17.53,17.57,,,19.625
2020-01-22 15-20-16,12,19,,18.87,18.37,19.93,19.61,17.53,17.57,20.98,38.3788952,19.625
2020-01-22 15-20-16,13,16,1175,,,,,,,,,6.187
2020-01-22 15-20-16,13,17,,22.25,21.55,22.05,,,,,,6.187
2020-01-22 15-20-16,13,18,,22.25,21.55,22.05,18.37,18.15,17.09,,,19.625
2020-01-22 15-20-16,13,19,,22.25,21.55,22.05,18.37,18.15,17.09,20.89,43.03250201800001,19.625
2020-01-22 15-20-17,15,16,1176,,,,,,,,,6.187
2020-01-22 15-20-17,15,17,1176,20.09,18.85,16.43,,,,,,6.187
2020-01-22 15-20-17,15,18,,,,,17.11,18.11,20.61,,,19.625
2020-01-22 15-20-17,15,19,,,,,17.11,18.11,20.61,22.77,37.949645840500004,19.625
2020-01-22 15-20-18,16,16,1176,,,,,,,,,6.187
2020-01-22 15-20-18,16,17,,17.25,19.99,18.25,,,,,,6.187
2020-01-22 15-20-18,16,18,,17.25,19.99,18.25,19.83,20.09,18.17,,,19.625
2020-01-22 15-20-18,16,19,,17.25,19.99,18.25,19.83,20.09,18.17,12.69,63.390949768000006,19.625
2020-01-22 15-20-18,17,16,1171,,,,,,,,,6.187
2020-01-22 15-20-18,17,17,,23.53,23.39,21.07,,,,,,6.187
2020-01-22 15-20-18,17,18,,23.53,23.39,21.07,23.05,19.99,20.49,,,19.625
2020-01-22 15-20-18,17,19,,23.53,23.39,21.07,23.05,19.99,20.49,17.52,51.64005205000001,19.625
2020-01-22 15-20-19,19,16,1186,,,,,,,,,6.187
2020-01-22 15-20-19,19,17,,18.95,20.93,20.65,,,,,,6.187
2020-01-22 15-20-19,19,18,,18.95,20.93,20.65,22.81,20.67,20.09,,,19.625
2020-01-22 15-20-19,19,19,,18.95,20.93,20.65,22.81,20.67,20.09,19.62,-2.0462,19.625
2020-01-22 15-20-20,20,16,23292,,,,,,,,,6.187
2020-01-22 15-20-20,20,17,,22.19,22.59,22.71,,,,,,6.187
2020-01-22 15-20-20,20,18,,22.19,22.59,22.71,19.07,22.53,21.29,,,19.625
2020-01-22 15-20-20,20,19,,22.19,22.59,22.71,19.07,22.53,21.29,18.27,51.196077512,19.625
2020-01-22 15-20-20,21,16,1189,,,,,,,,,6.187
2020-01-22 15-20-20,21,17,,20.15,17.89,22.05,,,,,,6.187
2020-01-22 15-20-20,21,18,,20.15,17.89,22.05,22.93,22.93,21.29,,,19.625
2020-01-22 15-20-20,21,19,,20.15,17.89,22.05,22.93,22.93,21.29,17.42,50.75147753800001,19.625
2020-01-22 15-20-21,22,16,1159,,,,,,,,,6.187
2020-01-22 15-20-21,22,17,,18.11,17.51,17.89,,,,,,6.187
2020-01-22 15-20-21,22,18,,18.11,17.51,17.89,15.91,19.79,17.95,,,19.625
2020-01-22 15-20-21,22,19,,18.11,17.51,17.89,15.91,19.79,17.95,11.99,78.89763068450002,19.625
2020-01-22 15-20-21,23,16,1186,,,,,,,,,6.187
2020-01-22 15-20-21,23,17,,16.89,17.89,19.23,,,,,,6.187
2020-01-22 15-20-21,23,18,,16.89,17.89,19.23,21.77,20.39,17.73,,,19.625
2020-01-22 15-20-21,23,19,,16.89,17.89,19.23,21.77,20.39,17.73,15.39,55.67024801800001,19.625
2020-01-22 15-20-22,24,16,1055,,,,,,,,,6.187
2020-01-22 15-20-22,24,17,,17.63,17.79,19.39,,,,,,6.187
2020-01-22 15-20-22,24,18,,17.63,17.79,19.39,15.91,17.51,18.95,,,19.625
2020-01-22 15-20-22,24,19,,17.63,17.79,19.39,15.91,17.51,18.95,12.37,95.34311014450002,19.625
2020-01-22 15-20-22,25,16,1176,,,,,,,,,6.187
2020-01-22 15-20-22,25,17,,20.09,20.59,19.89,,,,,,6.187
2020-01-22 15-20-22,25,18,,20.09,20.59,19.89,19.17,20.11,19.61,,,19.625
2020-01-22 15-20-22,25,19,,20.09,20.59,19.89,19.17,20.11,19.61,12.01,84.06088256800001,19.625
2020-01-22 15-21-14,10,16,21207,,,,,,,,,6.187
2020-01-22 15-21-14,10,17,,88.6,121.62,124.28,,,,,,6.187
2020-01-22 15-21-14,10,18,,88.6,121.62,124.28,52.7,40.95,40.96,,,19.562
2020-01-22 15-21-14,11,16,1195,,,,,,,,,6.187
2020-01-22 15-21-15,11,17,,22.35,19.41,21.79,,,,,,6.187
2020-01-22 15-21-15,11,18,,22.35,19.41,21.79,20.23,16.53,16.83,,,19.562
2020-01-22 15-21-15,11,19,,22.35,19.41,21.79,20.23,16.53,16.83,19.53,54.447835664500005,19.562
2020-01-22 15-21-15,12,16,1176,,,,,,,,,6.187
2020-01-22 15-21-15,12,17,,18.85,17.63,19.01,,,,,,6.187
2020-01-22 15-21-15,12,18,,18.85,17.63,19.01,19.33,17.41,17.51,,,19.562
2020-01-22 15-21-15,12,19,,18.85,17.63,19.01,19.33,17.41,17.51,19.8,39.69628000000001,19.562
2020-01-22 15-21-15,13,16,1176,,,,,,,,,6.187
2020-01-22 15-21-16,13,17,,21.85,21.11,21.43,,,,,,6.187
2020-01-22 15-21-16,13,18,,21.85,21.11,21.43,18.31,17.93,16.63,,,19.562
2020-01-22 15-21-16,13,19,,21.85,21.11,21.43,18.31,17.93,16.63,20.28,45.23820605,19.562
2020-01-22 15-21-17,15,16,1177,,,,,,,,,6.187
2020-01-22 15-21-17,15,17,,20.15,19.61,16.43,,,,,,6.187
2020-01-22 15-21-17,15,18,,20.15,19.61,16.43,17.69,18.01,20.37,,,19.562
2020-01-22 15-21-17,15,19,,20.15,19.61,16.43,17.69,18.01,20.37,22.12,39.235776082,19.562
2020-01-22 15-21-17,16,16,1177,,,,,,,,,6.187
2020-01-22 15-21-17,16,17,,16.79,19.61,18.11,,,,,,6.187
2020-01-22 15-21-17,16,18,,16.79,19.61,18.11,19.73,19.47,18.11,,,19.562
2020-01-22 15-21-17,16,19,,16.79,19.61,18.11,19.73,19.47,18.11,12.3,62.046567872000004,19.562
2020-01-22 15-21-18,17,16,1172,,,,,,,,,6.187
2020-01-22 15-21-18,17,17,,23.15,23.29,21.07,,,,,,6.187
2020-01-22 15-21-18,17,18,,23.15,23.29,21.07,23.45,20.37,20.11,,,19.562
2020-01-22 15-21-18,17,19,,23.15,23.29,21.07,23.45,20.37,20.11,17.28,51.44985383200001,19.562
2020-01-22 15-21-19,19,16,1187,,,,,,,,,6.187
2020-01-22 15-21-19,19,17,,19.03,20.71,20.55,,,,,,6.187
2020-01-22 15-21-19,19,18,,19.03,20.71,20.55,22.29,20.11,19.89,,,19.562
2020-01-22 15-21-19,19,19,,19.03,20.71,20.55,22.29,20.11,19.89,18.42,-2.0462,19.562
2020-01-22 15-21-19,20,16,23293,,,,,,,,,6.187
2020-01-22 15-21-19,20,17,,21.97,22.13,22.43,,,,,,6.187
2020-01-22 15-21-19,20,18,,21.97,22.13,22.43,19.57,22.17,21.17,,,19.562
2020-01-22 15-21-19,20,19,,21.97,22.13,22.43,19.57,22.17,21.17,17.66,51.57666540800001,19.562
2020-01-22 15-21-20,21,16,1190,,,,,,,,,6.187
2020-01-22 15-21-20,21,17,,19.93,18.05,22.87,,,,,,6.187
2020-01-22 15-21-20,21,18,,19.93,18.05,22.87,23.11,23.47,20.77,,,19.562
2020-01-22 15-21-20,21,19,,19.93,18.05,22.87,23.11,23.47,20.77,17.05,51.22781072050001,19.562
2020-01-22 15-21-20,22,16,1160,,,,,,,,,6.187
2020-01-22 15-21-20,22,17,,17.59,18.11,17.83,,,,,,6.187
2020-01-22 15-21-20,22,18,,17.59,18.11,17.83,16.17,19.09,17.93,,,19.562
2020-01-22 15-21-20,22,19,,17.59,18.11,17.83,16.17,19.09,17.93,12.14,75.15393993800001,19.562
2020-01-22 15-21-21,23,16,1187,,,,,,,,,6.187
2020-01-22 15-21-21,23,17,,17.59,18.21,19.17,,,,,,6.187
2020-01-22 15-21-21,23,18,,17.59,18.21,19.17,21.49,20.17,18.55,,,19.562
2020-01-22 15-21-21,23,19,,17.59,18.21,19.17,21.49,20.17,18.55,15.11,56.918962498000006,19.562
2020-01-22 15-21-21,24,16,1056,,,,,,,,,6.187
2020-01-22 15-21-21,24,17,,17.57,18.09,19.09,,,,,,6.187
2020-01-22 15-21-21,24,18,,17.57,18.09,19.09,15.45,17.99,19.07,,,19.562
2020-01-22 15-21-21,24,19,,17.57,18.09,19.09,15.45,17.99,19.07,12.09,95.88111892450002,19.562
2020-01-22 15-21-22,25,16,1177,,,,,,,,,6.187
2020-01-22 15-21-22,25,17,,21.71,20.93,20.01,,,,,,6.187
2020-01-22 15-21-22,25,18,,21.71,20.93,20.01,19.51,20.37,20.55,,,19.562
2020-01-22 15-21-22,25,19,,21.71,20.93,20.01,19.51,20.37,20.55,12.21,84.08911844050002,19.562
2020-01-22 15-22-14,10,16,21208,,,,,,,,,6.25
2020-01-22 15-22-14,10,17,,87.44,121.42,123.7,,,,,,6.25
2020-01-22 15-22-14,10,18,,87.44,121.42,123.7,52.73,40.95,40.96,,,19.562
2020-01-22 15-22-15,11,16,1196,,,,,,,,,6.25
2020-01-22 15-22-15,11,17,,21.57,19.23,21.61,,,,,,6.25
2020-01-22 15-22-15,11,18,,21.57,19.23,21.61,18.87,16.57,16.69,,,19.562
2020-01-22 15-22-15,11,19,,21.57,19.23,21.61,18.87,16.57,16.69,19.0,55.38858364450001,19.562
2020-01-22 15-22-15,12,16,1177,,,,,,,,,6.25
2020-01-22 15-22-15,12,17,,18.49,17.57,19.39,,,,,,6.25
2020-01-22 15-22-15,12,18,,18.49,17.57,19.39,18.95,16.95,16.95,,,19.562
2020-01-22 15-22-15,12,19,,18.49,17.57,19.39,18.95,16.95,16.95,19.18,42.902295218,19.562
2020-01-22 15-22-16,13,16,1177,,,,,,,,,6.25
2020-01-22 15-22-16,13,17,,21.55,20.83,20.45,,,,,,6.25
2020-01-22 15-22-16,13,18,,21.55,20.83,20.45,17.67,17.83,15.93,,,19.562
2020-01-22 15-22-16,13,19,,21.55,20.83,20.45,17.67,17.83,15.93,20.02,45.302856328000004,19.562
2020-01-22 15-22-17,15,16,1178,,,,,,,,,6.25
2020-01-22 15-22-17,15,17,,19.51,18.81,16.17,,,,,,6.25
2020-01-22 15-22-17,15,18,,19.51,18.81,16.17,16.85,17.01,19.57,,,19.562
2020-01-22 15-22-17,15,19,,19.51,18.81,16.17,16.85,17.01,19.57,21.6,39.56477127200001,19.562
2020-01-22 15-22-17,16,16,1178,,,,,,,,,6.25
2020-01-22 15-22-17,16,17,,16.21,19.29,17.95,,,,,,6.25
2020-01-22 15-22-17,16,18,,16.21,19.29,17.95,19.03,18.33,17.51,,,19.562
2020-01-22 15-22-17,16,19,,16.21,19.29,17.95,19.03,18.33,17.51,12.32,63.847849760500004,19.562
2020-01-22 15-22-18,17,16,1173,,,,,,,,,6.25
2020-01-22 15-22-18,17,17,,22.63,22.41,20.31,,,,,,6.25
2020-01-22 15-22-18,17,18,,22.63,22.41,20.31,22.43,19.47,19.95,,,19.562
2020-01-22 15-22-18,17,19,,22.63,22.41,20.31,22.43,19.47,19.95,16.79,51.608360324500005,19.562
2020-01-22 15-22-19,19,16,1188,,,,,,,,,6.25
2020-01-22 15-22-19,19,17,,17.95,20.05,19.51,,,,,,6.25
2020-01-22 15-22-19,19,18,,17.95,20.05,19.51,22.19,20.23,19.41,,,19.562
2020-01-22 15-22-19,19,19,,17.95,20.05,19.51,22.19,20.23,19.41,17.72,-2.0462,19.562
2020-01-22 15-22-19,20,16,23294,,,,,,,,,6.25
2020-01-22 15-22-19,20,17,,21.55,21.37,22.53,,,,,,6.25
2020-01-22 15-22-19,20,18,,21.55,21.37,22.53,18.91,22.05,21.05,,,19.562
2020-01-22 15-22-19,20,19,,21.55,21.37,22.53,18.91,22.05,21.05,17.29,52.304841164500004,19.562
2020-01-22 15-22-20,21,16,1191,,,,,,,,,6.25
2020-01-22 15-22-20,21,17,,19.51,17.31,21.15,,,,,,6.25
2020-01-22 15-22-20,21,18,,19.51,17.31,21.15,22.31,22.17,20.61,,,19.562
2020-01-22 15-22-20,21,19,,19.51,17.31,21.15,22.31,22.17,20.61,16.59,51.51326600200001,19.562
2020-01-22 15-22-20,22,16,1161,,,,,,,,,6.25
2020-01-22 15-22-20,22,17,,17.33,16.79,17.21,,,,,,6.25
2020-01-22 15-22-20,22,18,,17.33,16.79,17.21,15.61,18.55,17.25,,,19.562
2020-01-22 15-22-20,22,19,,17.33,16.79,17.21,15.61,18.55,17.25,11.9,73.89424270450002,19.562
2020-01-22 15-22-21,23,16,1188,,,,,,,,,6.25
2020-01-22 15-22-21,23,17,,16.91,17.33,18.49,,,,,,6.25
2020-01-22 15-22-21,23,18,,16.91,17.33,18.49,20.87,19.57,17.31,,,19.562
2020-01-22 15-22-21,23,19,,16.91,17.33,18.49,20.87,19.57,17.31,14.94,55.10666080000001,19.562
2020-01-22 15-22-21,24,16,1057,,,,,,,,,6.25
2020-01-22 15-22-21,24,17,,16.73,17.31,19.03,,,,,,6.25
2020-01-22 15-22-21,24,18,,16.73,17.31,19.03,14.89,16.95,18.09,,,19.562
2020-01-22 15-22-21,24,19,,16.73,17.31,19.03,14.89,16.95,18.09,11.9,96.01542168200001,19.562
2020-01-22 15-22-22,25,16,1178,,,,,,,,,6.25
2020-01-22 15-22-22,25,17,,19.39,19.83,19.47,,,,,,6.25
2020-01-22 15-22-22,25,18,,19.39,19.83,19.47,17.89,19.41,18.91,,,19.562
2020-01-22 15-22-22,25,19,,19.39,19.83,19.47,17.89,19.41,18.91,12.14,83.608674632,19.562
2020-01-22 15-23-14,10,16,21209,,,,,,,,,6.062
2020-01-22 15-23-14,10,17,,122.29,126.11,126.84,,,,,,6.062
2020-01-22 15-23-14,10,18,,122.29,126.11,126.84,52.77,40.95,40.96,,,19.562
2020-01-22 15-23-15,11,16,1197,,,,,,,,,6.062
2020-01-22 15-23-15,11,17,,20.37,19.07,21.23,,,,,,6.062
2020-01-22 15-23-15,11,18,,20.37,19.07,21.23,18.91,16.03,15.87,,,19.562
2020-01-22 15-23-15,11,19,,20.37,19.07,21.23,18.91,16.03,15.87,18.56,55.54509576200001,19.562
2020-01-22 15-23-15,12,16,1178,,,,,,,,,6.062
2020-01-22 15-23-15,12,17,,18.87,17.17,18.43,,,,,,6.062
2020-01-22 15-23-15,12,18,,18.87,17.17,18.43,18.17,16.49,16.65,,,19.562
2020-01-22 15-23-15,12,19,,18.87,17.17,18.43,18.17,16.49,16.65,18.71,44.33176193800001,19.562
2020-01-22 15-23-16,13,16,1178,,,,,,,,,6.062
2020-01-22 15-23-16,13,17,,20.89,21.07,19.77,,,,,,6.062
2020-01-22 15-23-16,13,18,,20.89,21.07,19.77,17.53,17.21,15.85,,,19.562
2020-01-22 15-23-16,13,19,,20.89,21.07,19.77,17.53,17.21,15.85,19.67,46.20662,19.562
2020-01-22 15-23-17,15,16,1179,,,,,,,,,6.062
2020-01-22 15-23-17,15,17,,19.41,18.79,16.37,,,,,,6.062
2020-01-22 15-23-17,15,18,,19.41,18.79,16.37,15.93,16.85,19.39,,,19.562
2020-01-22 15-23-17,15,19,,19.41,18.79,16.37,15.93,16.85,19.39,20.95,39.959144288000005,19.562
2020-01-22 15-23-17,16,16,1179,,,,,,,,,6.062
2020-01-22 15-23-17,16,17,,15.77,19.09,17.73,,,,,,6.062
2020-01-22 15-23-17,16,18,,15.77,19.09,17.73,19.47,18.71,17.69,,,19.562
2020-01-22 15-23-17,16,19,,15.77,19.09,17.73,19.47,18.71,17.69,11.56,63.817412098000005,19.562
2020-01-22 15-23-18,17,16,1174,,,,,,,,,6.062
2020-01-22 15-23-18,17,17,,22.83,22.47,20.09,,,,,,6.062
2020-01-22 15-23-18,17,18,,22.83,22.47,20.09,22.59,19.23,19.47,,,19.562
2020-01-22 15-23-18,17,19,,22.83,22.47,20.09,22.59,19.23,19.47,16.52,53.0628770125,19.562
2020-01-22 15-23-19,19,16,1189,,,,,,,,,6.062
2020-01-22 15-23-19,19,17,,18.31,19.89,19.93,,,,,,6.062
2020-01-22 15-23-19,19,18,,18.31,19.89,19.93,21.55,18.71,18.71,,,19.562
2020-01-22 15-23-19,19,19,,18.31,19.89,19.93,21.55,18.71,18.71,17.18,-2.0462,19.562
2020-01-22 15-23-19,20,16,23295,,,,,,,,,6.062
2020-01-22 15-23-19,20,17,,21.21,21.29,22.43,,,,,,6.062
2020-01-22 15-23-19,20,18,,21.21,21.29,22.43,18.59,21.11,20.43,,,19.562
2020-01-22 15-23-19,20,19,,21.21,21.29,22.43,18.59,21.11,20.43,16.76,52.93666534450001,19.562
2020-01-22 15-23-20,21,16,1192,,,,,,,,,6.062
2020-01-22 15-23-20,21,17,1192,19.09,16.91,20.81,,,,,,6.062
2020-01-22 15-23-20,21,18,,,,,22.19,21.97,19.87,,,19.562
2020-01-22 15-23-20,21,19,,,,,22.19,21.97,19.87,16.18,52.778828962000006,19.562
2020-01-22 15-23-20,22,16,1162,,,,,,,,,6.062
2020-01-22 15-23-20,22,17,,17.11,16.85,17.31,,,,,,6.062
2020-01-22 15-23-20,22,18,,17.11,16.85,17.31,15.35,18.47,17.09,,,19.562
2020-01-22 15-23-20,22,19,,17.11,16.85,17.31,15.35,18.47,17.09,11.63,73.60044424450001,19.562
2020-01-22 15-23-21,23,16,1189,,,,,,,,,6.062
2020-01-22 15-23-21,23,17,,17.41,16.95,18.49,,,,,,6.062
2020-01-22 15-23-21,23,18,,17.41,16.95,18.49,20.43,19.47,17.63,,,19.562
2020-01-22 15-23-21,23,19,,17.41,16.95,18.49,20.43,19.47,17.63,14.17,57.63466144450001,19.562
2020-01-22 15-23-21,24,16,1058,,,,,,,,,6.062
2020-01-22 15-23-21,24,17,,16.85,17.33,18.71,,,,,,6.062
2020-01-22 15-23-21,24,18,,16.85,17.33,18.71,14.71,16.99,18.11,,,19.562
2020-01-22 15-23-21,24,19,,16.85,17.33,18.71,14.71,16.99,18.11,11.54,95.85424880000001,19.562
2020-01-22 15-23-22,25,16,1179,,,,,,,,,6.062
2020-01-22 15-23-22,25,17,,19.25,19.89,19.13,,,,,,6.062
2020-01-22 15-23-22,25,18,,19.25,19.89,19.13,18.33,19.13,18.25,,,19.562
2020-01-22 15-23-22,25,19,,19.25,19.89,19.13,18.33,19.13,18.25,12.07,84.08911844050002,19.562
2020-01-22 15-24-14,10,16,21210,,,,,,,,,6.062
2020-01-22 15-24-14,10,17,,74.87,116.11,122.2,,,,,,6.062
2020-01-22 15-24-14,10,18,,74.87,116.11,122.2,52.81,40.95,40.96,,,19.437
2020-01-22 15-24-15,11,16,1198,,,,,,,,,6.062
2020-01-22 15-24-15,11,17,,18.87,18.37,20.65,,,,,,6.062
2020-01-22 15-24-15,11,18,,18.87,18.37,20.65,18.31,15.51,14.71,,,19.437
2020-01-22 15-24-15,11,19,,18.87,18.37,20.65,18.31,15.51,14.71,18.14,56.42008937800001,19.437
2020-01-22 15-24-15,12,16,1179,,,,,,,,,6.062
2020-01-22 15-24-15,12,17,,17.83,17.01,18.43,,,,,,6.062
2020-01-22 15-24-15,12,18,,17.83,17.01,18.43,17.37,15.57,15.77,,,19.437
2020-01-22 15-24-15,12,19,,17.83,17.01,18.43,17.37,15.57,15.77,18.6,45.755050882000006,19.437
2020-01-22 15-24-16,13,16,1179,,,,,,,,,6.062
2020-01-22 15-24-16,13,17,,20.81,20.39,19.61,,,,,,6.062
2020-01-22 15-24-16,13,18,,20.81,20.39,19.61,16.75,16.27,15.21,,,19.437
2020-01-22 15-24-16,13,19,,20.81,20.39,19.61,16.75,16.27,15.21,19.08,47.621765512,19.437
2020-01-22 15-24-17,15,16,1180,,,,,,,,,6.062
2020-01-22 15-24-17,15,17,,18.95,18.25,15.45,,,,,,6.062
2020-01-22 15-24-17,15,18,,18.95,18.25,15.45,15.35,15.75,18.59,,,19.437
2020-01-22 15-24-17,15,19,,18.95,18.25,15.45,15.35,15.75,18.59,20.36,41.59741913800001,19.437
2020-01-22 15-24-17,16,16,1180,,,,,,,,,6.062
2020-01-22 15-24-17,16,17,1180,15.05,18.75,16.83,,,,,,6.062
2020-01-22 15-24-17,16,18,1180,15.05,18.75,16.83,18.31,17.93,17.21,,,19.437
2020-01-22 15-24-17,16,19,,,,,,,,11.46,67.77757452050001,19.437
2020-01-22 15-24-18,17,16,1175,,,,,,,,,6.062
2020-01-22 15-24-18,17,17,,21.91,21.61,19.07,,,,,,6.062
2020-01-22 15-24-18,17,18,,21.91,21.61,19.07,21.05,18.49,18.79,,,19.437
2020-01-22 15-24-18,17,19,,21.91,21.61,19.07,21.05,18.49,18.79,15.9,54.573434660500006,19.437
2020-01-22 15-24-19,19,16,1190,,,,,,,,,6.062
2020-01-22 15-24-19,19,17,,17.05,19.45,19.45,,,,,,6.062
2020-01-22 15-24-19,19,18,,17.05,19.45,19.45,20.95,17.33,17.43,,,19.437
2020-01-22 15-24-19,19,19,,17.05,19.45,19.45,20.95,17.33,17.43,17.04,-2.0462,19.437
2020-01-22 15-24-19,20,16,23296,,,,,,,,,6.062
2020-01-22 15-24-19,20,17,,20.71,20.93,21.61,,,,,,6.062
2020-01-22 15-24-19,20,18,,20.71,20.93,21.61,17.15,20.21,20.27,,,19.437
2020-01-22 15-24-19,20,19,,20.71,20.93,21.61,17.15,20.21,20.27,16.24,54.79311005000001,19.437
2020-01-22 15-24-20,21,16,1193,,,,,,,,,6.062
2020-01-22 15-24-20,21,17,,18.33,15.61,20.37,,,,,,6.062
2020-01-22 15-24-20,21,18,,18.33,15.61,20.37,21.55,21.33,18.97,,,19.437
2020-01-22 15-24-20,21,19,,18.33,15.61,20.37,21.55,21.33,18.97,15.62,54.03928632200001,19.437
2020-01-22 15-24-20,22,16,1163,,,,,,,,,6.062
2020-01-22 15-24-20,22,17,1163,16.49,16.07,16.57,,,,,,6.062
2020-01-22 15-24-20,22,18,,,,,14.85,17.75,16.69,,,19.437
2020-01-22 15-24-20,22,19,,,,,14.85,17.75,16.69,11.32,74.48088232450002,19.437
2020-01-22 15-24-21,23,16,1190,,,,,,,,,6.062
2020-01-22 15-24-21,23,17,,16.83,16.53,17.43,,,,,,6.062
2020-01-22 15-24-21,23,18,,16.83,16.53,17.43,19.89,19.07,16.65,,,19.437
2020-01-22 15-24-21,23,19,,16.83,16.53,17.43,19.89,19.07,16.65,13.84,59.277454082000006,19.437
2020-01-22 15-24-21,24,16,1059,,,,,,,,,6.062
2020-01-22 15-24-21,24,17,,16.21,16.21,17.83,,,,,,6.062
2020-01-22 15-24-21,24,18,,16.21,16.21,17.83,14.01,15.71,17.53,,,19.437
2020-01-22 15-24-21,24,19,,16.21,16.21,17.83,14.01,15.71,17.53,11.32,96.31060694050001,19.437
2020-01-22 15-24-22,25,16,1180,,,,,,,,,6.062
2020-01-22 15-24-22,25,17,,18.79,18.85,18.41,,,,,,6.062
2020-01-22 15-24-22,25,18,,18.79,18.85,18.41,17.53,19.01,17.41,,,19.437
2020-01-22 15-24-22,25,19,,18.79,18.85,18.41,17.53,19.01,17.41,11.74,83.41057678450001,19.437
2020-01-22 15-25-15,10,16,21211,,,,,,,,,5.875
2020-01-22 15-25-15,10,17,,117.17,123.55,125.2,,,,,,5.875
2020-01-22 15-25-15,10,18,,117.17,123.55,125.2,50.23,40.95,40.96,,,19.187
2020-01-22 15-25-15,11,16,1199,,,,,,,,,5.875
2020-01-22 15-25-15,11,17,,18.85,18.53,20.15,,,,,,5.875
2020-01-22 15-25-15,11,18,,18.85,18.53,20.15,18.37,15.35,15.09,,,19.187
2020-01-22 15-25-15,11,19,,18.85,18.53,20.15,18.37,15.35,15.09,17.77,56.638446884500006,19.187
2020-01-22 15-25-16,12,16,1180,,,,,,,,,5.875
2020-01-22 15-25-16,12,17,,18.15,17.43,17.79,,,,,,5.875
2020-01-22 15-25-16,12,18,,18.15,17.43,17.79,17.17,15.29,15.85,,,19.187
2020-01-22 15-25-16,12,19,,18.15,17.43,17.79,17.17,15.29,15.85,18.68,47.14002358450001,19.187
2020-01-22 15-25-16,13,16,1180,,,,,,,,,5.875
2020-01-22 15-25-16,13,17,,20.51,20.51,19.33,,,,,,5.875
2020-01-22 15-25-16,13,18,,20.51,20.51,19.33,16.91,16.39,15.47,,,19.187
2020-01-22 15-25-16,13,19,,20.51,20.51,19.33,16.91,16.39,15.47,18.55,49.477745618,19.187
2020-01-22 15-25-17,15,16,1181,,,,,,,,,5.875
2020-01-22 15-25-17,15,17,,18.71,18.17,15.51,,,,,,5.875
2020-01-22 15-25-17,15,18,,18.71,18.17,15.51,15.29,15.35,18.41,,,19.187
2020-01-22 15-25-17,15,19,,18.71,18.17,15.51,15.29,15.35,18.41,19.9,42.8697355405,19.187
2020-01-22 15-25-18,16,16,1181,,,,,,,,,5.875
2020-01-22 15-25-18,16,17,,14.35,18.37,16.47,,,,,,5.875
2020-01-22 15-25-18,16,18,,14.35,18.37,16.47,18.49,17.89,17.09,,,19.187
2020-01-22 15-25-18,16,19,,14.35,18.37,16.47,18.49,17.89,17.09,11.18,66.242341538,19.187
2020-01-22 15-25-18,17,16,1176,,,,,,,,,5.875
2020-01-22 15-25-18,17,17,,22.01,21.55,19.61,,,,,,5.875
2020-01-22 15-25-18,17,18,,22.01,21.55,19.61,21.17,18.43,18.91,,,19.187
2020-01-22 15-25-18,17,19,,22.01,21.55,19.61,21.17,18.43,18.91,15.46,55.26331651250001,19.187
2020-01-22 15-25-19,19,16,1191,,,,,,,,,5.875
2020-01-22 15-25-19,19,17,,16.43,19.73,18.97,,,,,,5.875
2020-01-22 15-25-19,19,18,,16.43,19.73,18.97,20.61,17.67,17.83,,,19.187
2020-01-22 15-25-19,19,19,,16.43,19.73,18.97,20.61,17.67,17.83,17.11,-2.0462,19.187
2020-01-22 15-25-20,20,16,23297,,,,,,,,,5.875
2020-01-22 15-25-20,20,17,,20.31,21.23,22.07,,,,,,5.875
2020-01-22 15-25-20,20,18,,20.31,21.23,22.07,17.59,20.09,19.57,,,19.187
2020-01-22 15-25-20,20,19,,20.31,21.23,22.07,17.59,20.09,19.57,16.09,56.107878848000006,19.187
2020-01-22 15-25-20,21,16,1194,,,,,,,,,5.875
2020-01-22 15-25-20,21,17,,18.59,15.91,20.67,,,,,,5.875
2020-01-22 15-25-20,21,18,,18.59,15.91,20.67,21.71,21.55,19.07,,,19.187
2020-01-22 15-25-20,21,19,,18.59,15.91,20.67,21.71,21.55,19.07,15.41,54.542039698,19.187
2020-01-22 15-25-21,22,16,1164,,,,,,,,,5.875
2020-01-22 15-25-21,22,17,,16.65,16.63,16.29,,,,,,5.875
2020-01-22 15-25-21,22,18,,16.65,16.63,16.29,14.55,17.95,17.15,,,19.187
2020-01-22 15-25-21,22,19,,16.65,16.63,16.29,14.55,17.95,17.15,11.2,74.45158065800001,19.187
2020-01-22 15-25-21,23,16,1191,,,,,,,,,5.875
2020-01-22 15-25-21,23,17,,16.85,16.27,17.51,,,,,,5.875
2020-01-22 15-25-21,23,18,,16.85,16.27,17.51,19.57,18.75,16.49,,,19.187
2020-01-22 15-25-21,23,19,,16.85,16.27,17.51,19.57,18.75,16.49,13.58,59.70990272800001,19.187
2020-01-22 15-25-22,24,16,1060,,,,,,,,,5.875
2020-01-22 15-25-22,24,17,,16.13,16.03,17.53,,,,,,5.875
2020-01-22 15-25-22,24,18,,16.13,16.03,17.53,14.05,15.57,17.51,,,19.187
2020-01-22 15-25-22,24,19,,16.13,16.03,17.53,14.05,15.57,17.51,11.12,96.36423550450002,19.187
2020-01-22 15-25-22,25,16,1181,,,,,,,,,5.875
2020-01-22 15-25-22,25,17,,19.33,19.83,19.25,,,,,,5.875
2020-01-22 15-25-22,25,18,,19.33,19.83,19.25,18.87,18.41,18.53,,,19.187
2020-01-22 15-25-22,25,19,,19.33,19.83,19.25,18.87,18.41,18.53,11.55,83.098964258,19.187
2020-01-22 15-26-15,10,16,21212,,,,,,,,,5.75
2020-01-22 15-26-15,10,17,,74.97,115.77,121.86,,,,,,5.75
2020-01-22 15-26-15,10,18,,74.97,115.77,121.86,46.57,40.95,40.96,,,19.062
2020-01-22 15-26-15,11,16,1200,,,,,,,,,5.75
2020-01-22 15-26-15,11,17,,19.03,18.65,20.59,,,,,,5.75
2020-01-22 15-26-15,11,18,,19.03,18.65,20.59,18.63,15.45,14.55,,,19.062
2020-01-22 15-26-15,11,19,,19.03,18.65,20.59,18.63,15.45,14.55,17.6,57.074692820500005,19.062
2020-01-22 15-26-16,12,16,1181,,,,,,,,,5.75
2020-01-22 15-26-16,12,17,,17.89,16.89,18.55,,,,,,5.75
2020-01-22 15-26-16,12,18,,17.89,16.89,18.55,17.21,15.45,15.35,,,19.062
2020-01-22 15-26-16,12,19,,17.89,16.89,18.55,17.21,15.45,15.35,18.58,46.36774311250001,19.062
2020-01-22 15-26-16,13,16,1181,,,,,,,,,5.75
2020-01-22 15-26-16,13,17,,20.01,19.95,19.47,,,,,,5.75
2020-01-22 15-26-16,13,18,,20.01,19.95,19.47,16.49,15.93,15.01,,,19.062
2020-01-22 15-26-16,13,19,,20.01,19.95,19.47,16.49,15.93,15.01,18.2,49.669130888000005,19.062
2020-01-22 15-26-17,15,16,1182,,,,,,,,,5.75
2020-01-22 15-26-17,15,17,,18.63,18.27,15.19,,,,,,5.75
2020-01-22 15-26-17,15,18,,18.63,18.27,15.19,15.05,15.25,18.63,,,19.062
2020-01-22 15-26-17,15,19,,18.63,18.27,15.19,15.05,15.25,18.63,19.67,42.902295218,19.062
2020-01-22 15-26-18,16,16,1182,,,,,,,,,5.75
2020-01-22 15-26-18,16,17,,14.31,18.43,16.17,,,,,,5.75
2020-01-22 15-26-18,16,18,,14.31,18.43,16.17,17.99,17.63,16.79,,,19.062
2020-01-22 15-26-18,16,19,,14.31,18.43,16.17,17.99,17.63,16.79,11.04,67.987645,19.062
2020-01-22 15-26-18,17,16,1177,,,,,,,,,5.75
2020-01-22 15-26-18,17,17,,21.61,21.61,19.41,,,,,,5.75
2020-01-22 15-26-18,17,18,,21.61,21.61,19.41,20.61,18.27,18.85,,,19.062
2020-01-22 15-26-18,17,19,,21.61,21.61,19.41,20.61,18.27,18.85,15.41,55.795349218000005,19.062
2020-01-22 15-26-19,19,16,1192,,,,,,,,,5.75
2020-01-22 15-26-19,19,17,,16.53,19.33,18.95,,,,,,5.75
2020-01-22 15-26-19,19,18,,16.53,19.33,18.95,20.67,17.63,17.63,,,19.062
2020-01-22 15-26-19,19,19,,16.53,19.33,18.95,20.67,17.63,17.63,17.25,-2.0462,19.062
2020-01-22 15-26-20,20,16,23298,,,,,,,,,5.75
2020-01-22 15-26-20,20,17,,20.27,20.67,21.73,,,,,,5.75
2020-01-22 15-26-20,20,18,,20.27,20.67,21.73,16.83,20.15,20.21,,,19.062
2020-01-22 15-26-20,20,19,,20.27,20.67,21.73,16.83,20.15,20.21,15.97,55.67024801800001,19.062
2020-01-22 15-26-20,21,16,1195,,,,,,,,,5.75
2020-01-22 15-26-20,21,17,,18.31,15.65,20.15,,,,,,5.75
2020-01-22 15-26-20,21,18,,18.31,15.65,20.15,21.07,20.73,19.29,,,19.062
2020-01-22 15-26-20,21,19,,18.31,15.65,20.15,21.07,20.73,19.29,15.29,54.8872087805,19.062
2020-01-22 15-26-21,22,16,1165,,,,,,,,,5.75
2020-01-22 15-26-21,22,17,,15.85,15.87,15.81,,,,,,5.75
2020-01-22 15-26-21,22,18,,15.85,15.87,15.81,14.15,17.17,16.23,,,19.062
2020-01-22 15-26-21,22,19,,15.85,15.87,15.81,14.15,17.17,16.23,11.13,75.15393993800001,19.062
2020-01-22 15-26-21,23,16,1192,,,,,,,,,5.75
2020-01-22 15-26-21,23,17,,16.63,16.63,17.43,,,,,,5.75
2020-01-22 15-26-21,23,18,,16.63,16.63,17.43,19.29,18.87,16.85,,,19.062
2020-01-22 15-26-21,23,19,,16.63,16.63,17.43,19.29,18.87,16.85,13.59,60.63447233800001,19.062
2020-01-22 15-26-22,24,16,1061,,,,,,,,,5.75
2020-01-22 15-26-22,24,17,,15.93,16.13,17.41,,,,,,5.75
2020-01-22 15-26-22,24,18,,15.93,16.13,17.41,13.95,15.37,17.41,,,19.062
2020-01-22 15-26-22,24,19,,15.93,16.13,17.41,13.95,15.37,17.41,10.88,96.498251072,19.062
2020-01-22 15-26-22,25,16,1182,,,,,,,,,5.75
2020-01-22 15-26-22,25,17,,18.01,18.69,18.41,,,,,,5.75
2020-01-22 15-26-22,25,18,,18.01,18.69,18.41,17.63,17.57,17.59,,,19.062
2020-01-22 15-26-22,25,19,,18.01,18.69,18.41,17.63,17.57,17.59,11.51,83.9196553405,19.062
2020-01-22 15-26-53,14,16,18,,,,,,,,,5.75
2020-01-22 15-26-53,14,17,,15.41,15.65,14.79,,,,,,5.75
2020-01-22 15-26-53,14,18,,15.41,15.65,14.79,15.57,14.85,14.05,,,19.062
2020-01-22 15-26-53,14,19,,15.41,15.65,14.79,15.57,14.85,14.05,10.86,67.11633508450001,19.062
2020-01-22 15-27-14,10,16,21213,,,,,,,,,5.625
2020-01-22 15-27-14,10,17,,78.89,120.26,124.52,,,,,,5.625
2020-01-22 15-27-14,10,18,,78.89,120.26,124.52,42.91,40.95,40.96,,,18.875
2020-01-22 15-27-14,11,16,1201,,,,,,,,,5.625
2020-01-22 15-27-14,11,17,,17.41,18.41,20.59,,,,,,5.625
2020-01-22 15-27-14,11,18,,17.41,18.41,20.59,18.63,16.03,14.71,,,18.875
2020-01-22 15-27-14,11,19,,17.41,18.41,20.59,18.63,16.03,14.71,17.37,57.479218312,18.875
2020-01-22 15-27-15,12,16,1182,,,,,,,,,5.625
2020-01-22 15-27-15,12,17,,18.37,16.75,18.21,,,,,,5.625
2020-01-22 15-27-15,12,18,,18.37,16.75,18.21,17.43,15.51,15.45,,,18.875
2020-01-22 15-27-15,12,19,,18.37,16.75,18.21,17.43,15.51,15.45,18.18,46.077664072000005,18.875
2020-01-22 15-27-15,13,16,1182,,,,,,,,,5.625
2020-01-22 15-27-15,13,17,,19.95,20.21,18.71,,,,,,5.625
2020-01-22 15-27-15,13,18,,19.95,20.21,18.71,17.05,16.27,15.45,,,18.875
2020-01-22 15-27-15,13,19,,19.95,20.21,18.71,17.05,16.27,15.45,17.88,50.27442638050001,18.875
2020-01-22 15-27-16,14,16,19,,,,,,,,,5.625
2020-01-22 15-27-16,14,17,,14.79,16.13,15.93,,,,,,5.625
2020-01-22 15-27-16,14,18,,14.79,16.13,15.93,15.93,15.35,14.81,,,18.875
2020-01-22 15-27-16,14,19,,14.79,16.13,15.93,15.93,15.35,14.81,10.83,67.567347682,18.875
2020-01-22 15-27-16,15,16,1183,,,,,,,,,5.625
2020-01-22 15-27-16,15,17,,19.09,18.31,15.35,,,,,,5.625
2020-01-22 15-27-16,15,18,,19.09,18.31,15.35,15.37,16.17,18.33,,,18.875
2020-01-22 15-27-16,15,19,,19.09,18.31,15.35,15.37,16.17,18.33,19.33,43.35779564800001,18.875
2020-01-22 15-27-17,16,16,1183,,,,,,,,,5.625
2020-01-22 15-27-17,16,17,,15.09,18.55,16.95,,,,,,5.625
2020-01-22 15-27-17,16,18,,15.09,18.55,16.95,18.63,18.09,18.01,,,18.875
2020-01-22 15-27-17,16,19,,15.09,18.55,16.95,18.63,18.09,18.01,11.04,68.04763641800001,18.875
2020-01-22 15-27-17,17,16,1178,,,,,,,,,5.625
2020-01-22 15-27-17,17,17,,21.17,21.37,19.93,,,,,,5.625
2020-01-22 15-27-17,17,18,,21.17,21.37,19.93,21.71,19.63,18.97,,,18.875
2020-01-22 15-27-17,17,19,,21.17,21.37,19.93,21.71,19.63,18.97,15.2,56.76315240050001,18.875
2020-01-22 15-27-18,19,16,1193,,,,,,,,,5.625
2020-01-22 15-27-18,19,17,,16.99,19.35,19.33,,,,,,5.625
2020-01-22 15-27-18,19,18,,16.99,19.35,19.33,20.87,17.27,17.53,,,18.875
2020-01-22 15-27-18,19,19,,16.99,19.35,19.33,20.87,17.27,17.53,16.7,-2.0462,18.875
2020-01-22 15-27-19,20,16,23299,,,,,,,,,5.625
2020-01-22 15-27-19,20,17,,19.83,20.51,22.37,,,,,,5.625
2020-01-22 15-27-19,20,18,,19.83,20.51,22.37,17.83,20.37,19.55,,,18.875
2020-01-22 15-27-19,20,19,,19.83,20.51,22.37,17.83,20.37,19.55,15.63,56.42008937800001,18.875
2020-01-22 15-27-19,21,16,1196,,,,,,,,,5.625
2020-01-22 15-27-19,21,17,,18.01,16.57,21.63,,,,,,5.625
2020-01-22 15-27-19,21,18,,18.01,16.57,21.63,21.57,20.65,19.19,,,18.875
2020-01-22 15-27-19,21,19,,18.01,16.57,21.63,21.57,20.65,19.19,15.2,55.13799832450001,18.875
2020-01-22 15-27-20,22,16,1166,,,,,,,,,5.625
2020-01-22 15-27-20,22,17,,16.85,17.09,16.49,,,,,,5.625
2020-01-22 15-27-20,22,18,,16.85,17.09,16.49,15.09,17.95,16.47,,,18.875
2020-01-22 15-27-20,22,19,,16.85,17.09,16.49,15.09,17.95,16.47,11.04,74.0703686125,18.875
2020-01-22 15-27-20,23,16,1193,,,,,,,,,5.625
2020-01-22 15-27-20,23,17,,17.17,16.53,17.57,,,,,,5.625
2020-01-22 15-27-20,23,18,,17.17,16.53,17.57,19.39,18.97,16.85,,,18.875
2020-01-22 15-27-20,23,19,,17.17,16.53,17.57,19.39,18.97,16.85,13.54,60.5421446125,18.875
2020-01-22 15-27-21,24,16,1062,,,,,,,,,5.625
2020-01-22 15-27-21,24,17,,16.59,16.53,17.63,,,,,,5.625
2020-01-22 15-27-21,24,18,,16.59,16.53,17.63,14.41,16.57,17.85,,,18.875
2020-01-22 15-27-21,24,19,,16.59,16.53,17.63,14.41,16.57,17.85,10.74,96.73927806050001,18.875
2020-01-22 15-27-21,25,16,0,,,,,,,,,5.625
2020-01-22 15-27-22,25,17,,0.0,0.0,0.0,,,,,,5.625
2020-01-22 15-27-22,25,18,,0.0,0.0,0.0,0.0,0.0,0.0,,,18.875
2020-01-22 15-27-22,25,19,,0.0,0.0,0.0,0.0,0.0,0.0,0.0,-2.0462,18.875
2020-01-22 15-27-25,25,16,1183,,,,,,,,,5.625
2020-01-22 15-27-25,25,17,,19.29,18.97,18.27,,,,,,5.625
2020-01-22 15-27-25,25,18,,19.29,18.97,18.27,18.17,18.95,18.63,,,18.875
2020-01-22 15-27-25,25,19,,19.29,18.97,18.27,18.17,18.95,18.63,11.33,83.12730862450002,18.875
2020-01-22 15-28-13,14,16,20,,,,,,,,,5.625
2020-01-22 15-28-13,14,17,,15.87,16.13,15.91,,,,,,5.625
2020-01-22 15-28-13,14,18,,15.87,16.13,15.91,17.05,15.93,15.65,,,18.625
2020-01-22 15-28-13,14,19,,15.87,16.13,15.91,17.05,15.93,15.65,11.78,66.724876738,18.625
2020-01-22 15-28-14,10,16,21214,,,,,,,,,5.625
2020-01-22 15-28-14,10,17,,84.15,118.62,122.73,,,,,,5.625
2020-01-22 15-28-14,10,18,,84.15,118.62,122.73,40.83,40.95,40.96,,,18.625
2020-01-22 15-28-14,16,16,1184,,,,,,,,,5.625
2020-01-22 15-28-14,16,17,,15.71,17.99,17.21,,,,,,5.625
2020-01-22 15-28-14,16,18,,15.71,17.99,17.21,18.25,18.53,18.79,,,18.625
2020-01-22 15-28-14,16,19,,15.71,17.99,17.21,18.25,18.53,18.79,11.56,65.6077743845,18.625
2020-01-22 15-28-14,11,16,1202,,,,,,,,,5.625
2020-01-22 15-28-14,11,17,,17.69,18.33,20.15,,,,,,5.625
2020-01-22 15-28-14,11,18,,17.69,18.33,20.15,18.05,16.23,15.29,,,18.625
2020-01-22 15-28-14,11,19,,17.69,18.33,20.15,18.05,16.23,15.29,17.3,57.26146390450001,18.625
2020-01-22 15-28-15,17,16,1179,,,,,,,,,5.625
2020-01-22 15-28-15,17,17,,21.01,21.11,19.89,,,,,,5.625
2020-01-22 15-28-15,17,18,,21.01,21.11,19.89,21.71,19.71,18.81,,,18.625
2020-01-22 15-28-15,17,19,,21.01,21.11,19.89,21.71,19.71,18.81,15.28,56.451292880500006,18.625
2020-01-22 15-28-15,12,16,1183,,,,,,,,,5.625
2020-01-22 15-28-15,12,17,,18.43,17.09,17.21,,,,,,5.625
2020-01-22 15-28-15,12,18,,18.43,17.09,17.21,17.05,15.75,15.81,,,18.625
2020-01-22 15-28-15,12,19,,18.43,17.09,17.21,17.05,15.75,15.81,18.23,46.335524872,18.625
2020-01-22 15-28-15,13,16,1183,,,,,,,,,5.625
2020-01-22 15-28-16,13,17,,19.29,19.99,18.79,,,,,,5.625
2020-01-22 15-28-16,13,18,,19.29,19.99,18.79,16.49,16.53,15.77,,,18.625
2020-01-22 15-28-16,13,19,,19.29,19.99,18.79,16.49,16.53,15.77,17.78,51.544967300500005,18.625
2020-01-22 15-28-16,14,16,20,,,,,,,,,5.625
2020-01-22 15-28-16,14,17,,15.87,16.13,15.91,,,,,,5.625
2020-01-22 15-28-16,14,18,,15.87,16.13,15.91,17.05,15.93,15.65,,,18.625
2020-01-22 15-28-16,14,19,,15.87,16.13,15.91,17.05,15.93,15.65,11.78,66.724876738,18.625
2020-01-22 15-28-17,15,16,1184,,,,,,,,,5.625
2020-01-22 15-28-17,15,17,,18.91,18.47,15.61,,,,,,5.625
2020-01-22 15-28-17,15,18,,18.91,18.47,15.61,15.93,16.11,18.33,,,18.625
2020-01-22 15-28-17,15,19,,18.91,18.47,15.61,15.93,16.11,18.33,19.22,44.2669202,18.625
2020-01-22 15-28-17,21,16,1197,,,,,,,,,5.625
2020-01-22 15-28-17,21,17,,18.15,17.01,21.21,,,,,,5.625
2020-01-22 15-28-17,21,18,,18.15,17.01,21.21,21.23,20.43,18.43,,,18.625
2020-01-22 15-28-17,21,19,,18.15,17.01,21.21,21.23,20.43,18.43,15.13,56.5136903125,18.625
2020-01-22 15-28-17,16,16,1184,,,,,,,,,5.625
2020-01-22 15-28-17,16,17,,15.71,17.99,17.21,,,,,,5.625
2020-01-22 15-28-17,16,18,,15.71,17.99,17.21,18.25,18.53,18.79,,,18.625
2020-01-22 15-28-17,16,19,,15.71,17.99,17.21,18.25,18.53,18.79,11.56,65.6077743845,18.625
2020-01-22 15-28-18,17,16,1179,,,,,,,,,5.625
2020-01-22 15-28-18,17,17,,21.01,21.11,19.89,,,,,,5.625
2020-01-22 15-28-18,17,18,,21.01,21.11,19.89,21.71,19.71,18.81,,,18.625
2020-01-22 15-28-18,17,19,,21.01,21.11,19.89,21.71,19.71,18.81,15.28,56.451292880500006,18.625
2020-01-22 15-28-18,23,16,1194,,,,,,,,,5.625
2020-01-22 15-28-18,23,17,,17.59,17.09,17.47,,,,,,5.625
2020-01-22 15-28-18,23,18,,17.59,17.09,17.47,19.17,19.29,16.83,,,18.625
2020-01-22 15-28-18,23,19,,17.59,17.09,17.47,19.17,19.29,16.83,14.0,62.230256450000006,18.625
2020-01-22 15-28-19,19,16,1194,,,,,,,,,5.625
2020-01-22 15-28-19,19,17,,18.01,19.29,19.79,,,,,,5.625
2020-01-22 15-28-19,19,18,,18.01,19.29,19.79,19.73,18.43,18.59,,,18.625
2020-01-22 15-28-19,19,19,,18.01,19.29,19.79,19.73,18.43,18.59,16.94,-2.0462,18.625
2020-01-22 15-28-19,20,16,23300,,,,,,,,,5.625
2020-01-22 15-28-19,20,17,,19.19,19.71,22.01,,,,,,5.625
2020-01-22 15-28-19,20,18,,19.19,19.71,22.01,18.75,20.05,19.09,,,18.625
2020-01-22 15-28-19,20,19,,19.19,19.71,22.01,18.75,20.05,19.09,15.62,56.35767280000001,18.625
2020-01-22 15-28-20,21,16,1197,,,,,,,,,5.625
2020-01-22 15-28-20,21,17,,18.15,17.01,21.21,,,,,,5.625
2020-01-22 15-28-20,21,18,,18.15,17.01,21.21,21.23,20.43,18.43,,,18.625
2020-01-22 15-28-20,21,19,,18.15,17.01,21.21,21.23,20.43,18.43,15.13,56.5136903125,18.625
2020-01-22 15-28-20,22,16,1167,,,,,,,,,5.625
2020-01-22 15-28-20,22,17,,16.59,17.33,16.75,,,,,,5.625
2020-01-22 15-28-20,22,18,,16.59,17.33,16.75,15.37,17.99,17.11,,,18.625
2020-01-22 15-28-20,22,19,,16.59,17.33,16.75,15.37,17.99,17.11,11.13,73.95296410450001,18.625
2020-01-22 15-28-21,23,16,1194,,,,,,,,,5.625
2020-01-22 15-28-21,23,17,,17.59,17.09,17.47,,,,,,5.625
2020-01-22 15-28-21,23,18,,17.59,17.09,17.47,19.17,19.29,16.83,,,18.625
2020-01-22 15-28-21,23,19,,17.59,17.09,17.47,19.17,19.29,16.83,14.0,62.230256450000006,18.625
2020-01-22 15-28-21,24,16,1063,,,,,,,,,5.625
2020-01-22 15-28-21,24,17,,16.75,18.21,17.57,,,,,,5.625
2020-01-22 15-28-21,24,18,,16.75,18.21,17.57,14.35,17.15,17.93,,,18.625
2020-01-22 15-28-21,24,19,,16.75,18.21,17.57,14.35,17.15,17.93,11.31,97.1136951805,18.625
2020-01-22 15-28-22,25,16,1184,,,,,,,,,5.625
2020-01-22 15-28-22,25,17,,19.47,19.07,17.99,,,,,,5.625
2020-01-22 15-28-22,25,18,,19.47,19.07,17.99,18.27,18.37,18.75,,,18.625
2020-01-22 15-28-22,25,19,,19.47,19.07,17.99,18.27,18.37,18.75,11.36,82.58822,18.625
2020-01-22 15-29-14,10,16,21215,,,,,,,,,5.625
2020-01-22 15-29-14,10,17,,140.76,132.64,129.35,,,,,,5.625
2020-01-22 15-29-14,10,18,,140.76,132.64,129.35,39.22,40.95,40.96,,,18.562
2020-01-22 15-29-15,11,16,1203,,,,,,,,,5.625
2020-01-22 15-29-15,11,17,,17.01,18.75,20.55,,,,,,5.625
2020-01-22 15-29-15,11,18,,17.01,18.75,20.55,18.15,15.61,15.25,,,18.562
2020-01-22 15-29-15,11,19,,17.01,18.75,20.55,18.15,15.61,15.25,17.14,58.131543380500005,18.562
2020-01-22 15-29-15,12,16,1184,,,,,,,,,5.625
2020-01-22 15-29-15,12,17,,18.59,16.75,16.69,,,,,,5.625
2020-01-22 15-29-15,12,18,,18.59,16.75,16.69,16.39,15.67,15.65,,,18.562
2020-01-22 15-29-15,12,19,,18.59,16.75,16.69,16.39,15.67,15.65,18.32,49.1904523205,18.562
2020-01-22 15-29-16,13,16,1184,,,,,,,,,5.625
2020-01-22 15-29-16,13,17,,19.47,19.63,18.31,,,,,,5.625
2020-01-22 15-29-16,13,18,,19.47,19.63,18.31,15.87,16.29,14.71,,,18.562
2020-01-22 15-29-16,13,19,,19.47,19.63,18.31,15.87,16.29,14.71,17.5,52.6209128045,18.562
2020-01-22 15-29-16,14,16,21,,,,,,,,,5.625
2020-01-22 15-29-16,14,17,,15.11,16.03,15.75,,,,,,5.625
2020-01-22 15-29-16,14,18,,15.11,16.03,15.75,16.53,16.11,16.07,,,18.562
2020-01-22 15-29-16,14,19,,15.11,16.03,15.75,16.53,16.11,16.07,12.44,65.48674490050001,18.562
2020-01-22 15-29-17,15,16,1185,,,,,,,,,5.625
2020-01-22 15-29-17,15,17,,18.01,18.15,15.37,,,,,,5.625
2020-01-22 15-29-17,15,18,,18.01,18.15,15.37,15.19,15.55,17.75,,,18.562
2020-01-22 15-29-17,15,19,,18.01,18.15,15.37,15.19,15.55,17.75,18.88,44.85003633800001,18.562
2020-01-22 15-29-17,16,16,1185,,,,,,,,,5.625
2020-01-22 15-29-17,16,17,,14.91,17.79,16.69,,,,,,5.625
2020-01-22 15-29-17,16,18,,14.91,17.79,16.69,17.37,17.53,17.63,,,18.562
2020-01-22 15-29-17,16,19,,14.91,17.79,16.69,17.37,17.53,17.63,11.26,65.940342208,18.562
2020-01-22 15-29-18,17,16,1180,,,,,,,,,5.625
2020-01-22 15-29-18,17,17,,21.07,20.59,18.71,,,,,,5.625
2020-01-22 15-29-18,17,18,,21.07,20.59,18.71,21.29,18.87,18.55,,,18.562
2020-01-22 15-29-18,17,19,,21.07,20.59,18.71,21.29,18.87,18.55,15.16,56.981264200000005,18.562
2020-01-22 15-29-19,19,16,1195,,,,,,,,,5.625
2020-01-22 15-29-19,19,17,,17.33,19.03,19.13,,,,,,5.625
2020-01-22 15-29-19,19,18,,17.33,19.03,19.13,19.93,17.05,17.41,,,18.562
2020-01-22 15-29-19,19,19,,17.33,19.03,19.13,19.93,17.05,17.41,16.74,-2.0462,18.562
2020-01-22 15-29-19,20,16,23301,,,,,,,,,5.625
2020-01-22 15-29-19,20,17,,18.87,19.45,21.43,,,,,,5.625
2020-01-22 15-29-19,20,18,,18.87,19.45,21.43,18.43,19.09,18.59,,,18.562
2020-01-22 15-29-19,20,19,,18.87,19.45,21.43,18.43,19.09,18.59,15.45,57.26146390450001,18.562
2020-01-22 15-29-20,21,16,1198,,,,,,,,,5.625
2020-01-22 15-29-20,21,17,,17.79,16.33,20.83,,,,,,5.625
2020-01-22 15-29-20,21,18,,17.79,16.33,20.83,20.99,20.43,18.09,,,18.562
2020-01-22 15-29-20,21,19,,17.79,16.33,20.83,20.99,20.43,18.09,14.96,55.732805000000006,18.562
2020-01-22 15-29-20,22,16,1168,,,,,,,,,5.625
2020-01-22 15-29-20,22,17,,15.93,16.07,15.81,,,,,,5.625
2020-01-22 15-29-20,22,18,,15.93,16.07,15.81,14.35,17.21,16.23,,,18.562
2020-01-22 15-29-20,22,19,,15.93,16.07,15.81,14.35,17.21,16.23,10.94,74.36365651250001,18.562
2020-01-22 15-29-21,23,16,1195,,,,,,,,,5.625
2020-01-22 15-29-21,23,17,,17.31,16.57,17.21,,,,,,5.625
2020-01-22 15-29-21,23,18,,17.31,16.57,17.21,18.63,18.53,16.33,,,18.562
2020-01-22 15-29-21,23,19,,17.31,16.57,17.21,18.63,18.53,16.33,13.76,60.0800752,18.562
2020-01-22 15-29-21,24,16,1064,,,,,,,,,5.625
2020-01-22 15-29-21,24,17,1064,16.11,16.59,17.21,,,,,,5.625
2020-01-22 15-29-21,24,18,,,,,13.85,16.47,17.09,,,18.562
2020-01-22 15-29-21,24,19,,,,,13.85,16.47,17.09,11.26,96.0959650445,18.562
2020-01-22 15-29-22,25,16,1185,,,,,,,,,5.625
2020-01-22 15-29-22,25,17,,18.37,18.41,17.99,,,,,,5.625
2020-01-22 15-29-22,25,18,,18.37,18.41,17.99,17.43,17.89,17.73,,,18.562
2020-01-22 15-29-22,25,19,,18.37,18.41,17.99,17.43,17.89,17.73,11.22,84.48408560050001,18.562
2020-01-22 15-30-14,10,16,21216,,,,,,,,,5.625
2020-01-22 15-30-14,10,17,,123.31,125.63,126.6,,,,,,5.625
2020-01-22 15-30-14,10,18,,123.31,125.63,126.6,39.09,40.95,40.96,,,18.375
2020-01-22 15-30-15,11,16,1204,,,,,,,,,5.625
2020-01-22 15-30-15,11,17,,15.93,17.89,19.77,,,,,,5.625
2020-01-22 15-30-15,11,18,,15.93,17.89,19.77,17.73,15.15,14.59,,,18.375
2020-01-22 15-30-15,11,19,,15.93,17.89,19.77,17.73,15.15,14.59,16.82,57.63466144450001,18.375
2020-01-22 15-30-15,12,16,1185,,,,,,,,,5.625
2020-01-22 15-30-15,12,17,,17.67,16.01,16.49,,,,,,5.625
2020-01-22 15-30-15,12,18,,17.67,16.01,16.49,16.17,15.05,15.05,,,18.375
2020-01-22 15-30-15,12,19,,17.67,16.01,16.49,16.17,15.05,15.05,18.3,47.397041960500005,18.375
2020-01-22 15-30-16,13,16,1185,,,,,,,,,5.625
2020-01-22 15-30-16,13,17,,18.71,19.51,17.93,,,,,,5.625
2020-01-22 15-30-16,13,18,,18.71,19.51,17.93,16.01,15.57,14.89,,,18.375
2020-01-22 15-30-16,13,19,,18.71,19.51,17.93,16.01,15.57,14.89,17.09,52.841973088,18.375
2020-01-22 15-30-16,14,16,22,,,,,,,,,5.625
2020-01-22 15-30-16,14,17,,15.01,15.77,15.35,,,,,,5.625
2020-01-22 15-30-16,14,18,,15.01,15.77,15.35,16.95,16.37,16.01,,,18.375
2020-01-22 15-30-16,14,19,,15.01,15.77,15.35,16.95,16.37,16.01,12.91,63.299483612500005,18.375
2020-01-22 15-30-17,15,16,1186,,,,,,,,,5.625
2020-01-22 15-30-17,15,17,,18.15,17.53,15.55,,,,,,5.625
2020-01-22 15-30-17,15,18,,18.15,17.53,15.55,14.59,15.35,17.47,,,18.375
2020-01-22 15-30-17,15,19,,18.15,17.53,15.55,14.59,15.35,17.47,18.34,44.591001250000005,18.375
2020-01-22 15-30-17,16,16,1186,,,,,,,,,5.625
2020-01-22 15-30-17,16,17,,13.75,17.17,15.61,,,,,,5.625
2020-01-22 15-30-17,16,18,,13.75,17.17,15.61,16.63,16.83,16.79,,,18.375
2020-01-22 15-30-17,16,19,,13.75,17.17,15.61,16.63,16.83,16.79,10.62,66.03097551250002,18.375
2020-01-22 15-30-18,17,16,1181,,,,,,,,,5.625
2020-01-22 15-30-18,17,17,,20.39,20.21,18.81,,,,,,5.625
2020-01-22 15-30-18,17,18,,20.39,20.21,18.81,20.39,18.21,18.05,,,18.375
2020-01-22 15-30-18,17,19,,20.39,20.21,18.81,20.39,18.21,18.05,14.25,56.981264200000005,18.375
2020-01-22 15-30-19,19,16,1196,,,,,,,,,5.625
2020-01-22 15-30-19,19,17,,16.23,18.05,18.75,,,,,,5.625
2020-01-22 15-30-19,19,18,,16.23,18.05,18.75,19.35,16.63,16.83,,,18.375
2020-01-22 15-30-19,19,19,,16.23,18.05,18.75,19.35,16.63,16.83,16.44,-2.0462,18.375
2020-01-22 15-30-19,20,16,23302,,,,,,,,,5.625
2020-01-22 15-30-19,20,17,,18.41,19.23,20.55,,,,,,5.625
2020-01-22 15-30-19,20,18,,18.41,19.23,20.55,17.25,18.63,18.09,,,18.375
2020-01-22 15-30-19,20,19,,18.41,19.23,20.55,17.25,18.63,18.09,15.12,57.85214780800001,18.375
2020-01-22 15-30-20,21,16,1199,,,,,,,,,5.625
2020-01-22 15-30-20,21,17,,17.53,16.47,19.77,,,,,,5.625
2020-01-22 15-30-20,21,18,,17.53,16.47,19.77,20.17,18.95,17.27,,,18.375
2020-01-22 15-30-20,21,19,,17.53,16.47,19.77,20.17,18.95,17.27,14.41,56.54488424200001,18.375
2020-01-22 15-30-20,22,16,1169,,,,,,,,,5.625
2020-01-22 15-30-21,22,17,,15.81,16.23,15.55,,,,,,5.625
2020-01-22 15-30-21,22,18,,15.81,16.23,15.55,14.51,16.95,16.17,,,18.375
2020-01-22 15-30-21,22,19,,15.81,16.23,15.55,14.51,16.95,16.17,10.72,74.12905172050002,18.375
2020-01-22 15-30-21,23,16,1196,,,,,,,,,5.625
2020-01-22 15-30-21,23,17,,16.65,16.07,16.69,,,,,,5.625
2020-01-22 15-30-21,23,18,,16.65,16.07,16.69,17.73,18.09,15.75,,,18.375
2020-01-22 15-30-21,23,19,,16.65,16.07,16.69,17.73,18.09,15.75,13.14,60.141725938000015,18.375
2020-01-22 15-30-21,24,16,1065,,,,,,,,,5.625
2020-01-22 15-30-22,24,17,,15.21,15.65,16.73,,,,,,5.625
2020-01-22 15-30-22,24,18,,15.21,15.65,16.73,13.69,15.45,16.47,,,18.375
2020-01-22 15-30-22,24,19,,15.21,15.65,16.73,13.69,15.45,16.47,10.68,96.25696561250001,18.375
2020-01-22 15-30-22,25,16,1186,,,,,,,,,5.625
2020-01-22 15-30-22,25,17,,18.47,18.21,17.69,,,,,,5.625
2020-01-22 15-30-22,25,18,,18.47,18.21,17.69,17.25,17.59,17.69,,,18.375
2020-01-22 15-30-22,25,19,,18.47,18.21,17.69,17.25,17.59,17.69,11.04,83.947907168,18.375
2020-01-22 15-31-14,10,16,21217,,,,,,,,,5.625
2020-01-22 15-31-15,10,17,,133.85,129.93,128.0,,,,,,5.625
2020-01-22 15-31-15,10,18,,133.85,129.93,128.0,39.7,40.95,40.96,,,18.375
2020-01-22 15-31-15,11,16,1205,,,,,,,,,5.625
2020-01-22 15-31-15,11,17,,18.05,17.51,19.17,,,,,,5.625
2020-01-22 15-31-15,11,18,,18.05,17.51,19.17,17.41,14.89,15.09,,,18.375
2020-01-22 15-31-15,11,19,,18.05,17.51,19.17,17.41,14.89,15.09,16.23,57.665740498000005,18.375
2020-01-22 15-31-16,12,16,1186,,,,,,,,,5.625
2020-01-22 15-31-16,12,17,,17.15,15.29,16.43,,,,,,5.625
2020-01-22 15-31-16,12,18,,17.15,15.29,16.43,16.27,15.31,15.15,,,18.375
2020-01-22 15-31-16,12,19,,17.15,15.29,16.43,16.27,15.31,15.15,17.86,44.785296712000005,18.375
2020-01-22 15-31-16,13,16,1186,,,,,,,,,5.625
2020-01-22 15-31-16,13,17,,18.53,18.65,17.83,,,,,,5.625
2020-01-22 15-31-16,13,18,,18.53,18.65,17.83,15.93,15.71,15.41,,,18.375
2020-01-22 15-31-16,13,19,,18.53,18.65,17.83,15.93,15.71,15.41,16.57,49.413925000000006,18.375
2020-01-22 15-31-17,14,16,23,,,,,,,,,5.625
2020-01-22 15-31-17,14,17,,14.79,16.33,16.07,,,,,,5.625
2020-01-22 15-31-17,14,18,,14.79,16.33,16.07,16.43,16.11,16.07,,,18.375
2020-01-22 15-31-17,14,19,,14.79,16.33,16.07,16.43,16.11,16.07,13.04,64.12164512800001,18.375
2020-01-22 15-31-17,15,16,1187,,,,,,,,,5.625
2020-01-22 15-31-17,15,17,,17.01,16.91,14.61,,,,,,5.625
2020-01-22 15-31-17,15,18,,17.01,16.91,14.61,15.15,15.57,17.63,,,18.375
2020-01-22 15-31-17,15,19,,17.01,16.91,14.61,15.15,15.57,17.63,17.44,46.81846342450001,18.375
2020-01-22 15-31-18,16,16,1187,,,,,,,,,5.625
2020-01-22 15-31-18,16,17,,14.91,16.79,15.21,,,,,,5.625
2020-01-22 15-31-18,16,18,,14.91,16.79,15.21,16.21,16.03,15.09,,,18.375
2020-01-22 15-31-18,16,19,,14.91,16.79,15.21,16.21,16.03,15.09,10.72,67.77757452050001,18.375
2020-01-22 15-31-18,17,16,1182,,,,,,,,,5.625
2020-01-22 15-31-18,17,17,,20.01,19.55,17.63,,,,,,5.625
2020-01-22 15-31-18,17,18,,20.01,19.55,17.63,17.89,18.27,17.59,,,18.375
2020-01-22 15-31-18,17,19,,20.01,19.55,17.63,17.89,18.27,17.59,14.8,59.12285656450001,18.375
2020-01-22 15-31-19,19,16,1197,,,,,,,,,5.625
2020-01-22 15-31-19,19,17,,16.57,17.43,18.05,,,,,,5.625
2020-01-22 15-31-19,19,18,,16.57,17.43,18.05,18.97,17.57,17.25,,,18.375
2020-01-22 15-31-19,19,19,,16.57,17.43,18.05,18.97,17.57,17.25,15.22,-2.0462,18.375
2020-01-22 15-31-20,20,16,23303,,,,,,,,,5.625
2020-01-22 15-31-20,20,17,,18.63,18.41,19.03,,,,,,5.625
2020-01-22 15-31-20,20,18,,18.63,18.41,19.03,17.73,18.81,18.53,,,18.375
2020-01-22 15-31-20,20,19,,18.63,18.41,19.03,17.73,18.81,18.53,14.84,56.700806024500004,18.375
2020-01-22 15-31-20,21,16,1200,,,,,,,,,5.625
2020-01-22 15-31-20,21,17,,17.57,16.21,17.21,,,,,,5.625
2020-01-22 15-31-20,21,18,,17.57,16.21,17.21,19.35,18.43,18.63,,,18.375
2020-01-22 15-31-20,21,19,,17.57,16.21,17.21,19.35,18.43,18.63,14.25,57.60357920000001,18.375
2020-01-22 15-31-21,22,16,1170,,,,,,,,,5.625
2020-01-22 15-31-21,22,17,,15.67,15.37,14.91,,,,,,5.625
2020-01-22 15-31-21,22,18,,15.67,15.37,14.91,13.95,16.33,15.21,,,18.375
2020-01-22 15-31-21,22,19,,15.67,15.37,14.91,13.95,16.33,15.21,11.15,77.5687628125,18.375
2020-01-22 15-31-21,23,16,1197,,,,,,,,,5.625
2020-01-22 15-31-21,23,17,,15.93,16.29,16.43,,,,,,5.625
2020-01-22 15-31-21,23,18,,15.93,16.29,16.43,18.21,17.27,16.29,,,18.375
2020-01-22 15-31-21,23,19,,15.93,16.29,16.43,18.21,17.27,16.29,13.36,62.47499585800001,18.375
2020-01-22 15-31-22,24,16,1066,,,,,,,,,5.625
2020-01-22 15-31-22,24,17,,14.85,15.61,16.49,,,,,,5.625
2020-01-22 15-31-22,24,18,,14.85,15.61,16.49,13.75,15.21,16.07,,,18.375
2020-01-22 15-31-22,24,19,,14.85,15.61,16.49,13.75,15.21,16.07,10.64,97.86065311250002,18.375
2020-01-22 15-31-22,25,16,1187,,,,,,,,,5.625
2020-01-22 15-31-22,25,17,,16.83,17.47,17.83,,,,,,5.625
2020-01-22 15-31-22,25,18,,16.83,17.47,17.83,16.03,17.53,16.75,,,18.375
2020-01-22 15-31-22,25,19,,16.83,17.47,17.83,16.03,17.53,16.75,11.09,85.917605458,18.375
2020-01-22 15-32-15,10,16,21218,,,,,,,,,5.562
2020-01-22 15-32-15,10,17,21218,62.79,110.55,119.2,,,,,,5.562
2020-01-22 15-32-15,10,18,21218,62.79,110.55,119.2,39.81,40.95,40.96,,,18.25
2020-01-22 15-32-15,11,16,1206,,,,,,,,,5.562
2020-01-22 15-32-15,11,17,1206,17.85,17.11,18.65,,,,,,5.562
2020-01-22 15-32-15,11,18,1206,17.85,17.11,18.65,16.89,14.65,14.55,,,18.25
2020-01-22 15-32-15,11,19,,,,,,,,15.69,58.10051219200001,18.25
2020-01-22 15-32-16,12,16,1187,,,,,,,,,5.562
2020-01-22 15-32-16,12,17,1187,15.85,14.61,16.13,,,,,,5.562
2020-01-22 15-32-16,12,18,,,,,16.29,15.47,15.15,,,18.25
2020-01-22 15-32-16,12,19,,,,,16.29,15.47,15.15,16.54,46.36774311250001,18.25
2020-01-22 15-32-16,13,16,1187,,,,,,,,,5.562
2020-01-22 15-32-16,13,17,1187,17.99,18.27,17.99,,,,,,5.562
2020-01-22 15-32-16,13,18,1187,17.99,18.27,17.99,15.51,15.21,14.85,,,18.25
2020-01-22 15-32-16,13,19,,,,,,,,16.08,51.22781072050001,18.25
2020-01-22 15-32-17,14,16,24,,,,,,,,,5.562
2020-01-22 15-32-17,14,17,24,14.89,16.53,16.21,,,,,,5.562
2020-01-22 15-32-17,14,18,24,14.89,16.53,16.21,16.17,16.13,15.57,,,18.25
2020-01-22 15-32-17,14,19,,,,,,,,13.84,64.7594958205,18.25
2020-01-22 15-32-17,15,16,1188,,,,,,,,,5.562
2020-01-22 15-32-17,15,17,1188,16.91,16.57,14.09,,,,,,5.562
2020-01-22 15-32-17,15,18,1188,16.91,16.57,14.09,15.29,15.35,17.09,,,18.25
2020-01-22 15-32-17,15,19,,,,,,,,17.28,48.48709168450001,18.25
2020-01-22 15-32-18,16,16,1188,,,,,,,,,5.562
2020-01-22 15-32-18,16,17,1188,14.79,16.57,15.37,,,,,,5.562
2020-01-22 15-32-18,16,18,1188,14.79,16.57,15.37,15.47,15.31,14.35,,,18.25
2020-01-22 15-32-18,16,19,,,,,,,,10.21,70.07975005000002,18.25
2020-01-22 15-32-18,17,16,1183,,,,,,,,,5.562
2020-01-22 15-32-18,17,17,1183,19.29,19.57,17.15,,,,,,5.562
2020-01-22 15-32-18,17,18,1183,19.29,19.57,17.15,18.37,17.43,17.31,,,18.25
2020-01-22 15-32-18,17,19,,,,,,,,14.63,59.9875751605,18.25
2020-01-22 15-32-19,19,16,1198,,,,,,,,,5.562
2020-01-22 15-32-19,19,17,1198,16.39,17.21,17.89,,,,,,5.562
2020-01-22 15-32-19,19,18,1198,16.39,17.21,17.89,18.85,17.85,17.37,,,18.25
2020-01-22 15-32-19,19,19,,,,,,,,14.26,-2.0462,18.25
2020-01-22 15-32-20,20,16,23304,,,,,,,,,5.562
2020-01-22 15-32-20,20,17,23304,18.59,18.21,18.55,,,,,,5.562
2020-01-22 15-32-20,20,18,,,,,17.21,18.69,18.41,,,18.25
2020-01-22 15-32-20,20,19,,,,,17.21,18.69,18.41,14.61,59.33927075200001,18.25
2020-01-22 15-32-20,21,16,1201,,,,,,,,,5.562
2020-01-22 15-32-20,21,17,1201,17.25,16.03,17.05,,,,,,5.562
2020-01-22 15-32-20,21,18,,,,,18.69,18.91,18.69,,,18.25
2020-01-22 15-32-20,21,19,,,,,18.69,18.91,18.69,13.91,57.85214780800001,18.25
2020-01-22 15-32-21,22,16,1171,,,,,,,,,5.562
2020-01-22 15-32-21,22,17,1171,15.29,15.05,14.39,,,,,,5.562
2020-01-22 15-32-21,22,18,,,,,13.51,16.03,14.75,,,18.25
2020-01-22 15-32-21,22,19,,,,,13.51,16.03,14.75,11.58,78.49390742050001,18.25
2020-01-22 15-32-21,23,16,1198,,,,,,,,,5.562
2020-01-22 15-32-21,23,17,1198,15.71,16.13,16.63,,,,,,5.562
2020-01-22 15-32-21,23,18,,,,,18.09,17.33,15.81,,,18.25
2020-01-22 15-32-21,23,19,,,,,18.09,17.33,15.81,13.28,62.47499585800001,18.25
2020-01-22 15-32-22,24,16,1067,,,,,,,,,5.562
2020-01-22 15-32-22,24,17,1067,14.55,15.47,16.23,,,,,,5.562
2020-01-22 15-32-22,24,18,,,,,13.49,14.69,16.13,,,18.25
2020-01-22 15-32-22,24,19,,,,,13.49,14.69,16.13,10.09,97.514162338,18.25
2020-01-22 15-32-22,25,16,1188,,,,,,,,,5.562
2020-01-22 15-32-22,25,17,1188,16.85,17.93,17.53,,,,,,5.562
2020-01-22 15-32-22,25,18,,,,,15.77,17.15,15.71,,,18.25
2020-01-22 15-32-22,25,19,,,,,15.77,17.15,15.71,11.12,85.35643001800001,18.25
2020-01-22 15-32-43,14,16,24,,,,,,,,,5.562
2020-01-22 15-32-43,14,17,24,14.21,16.39,15.77,,,,,,5.562
2020-01-22 15-32-43,14,18,,,,,17.27,16.11,15.97,,,18.25
2020-01-22 15-32-43,14,19,,,,,17.27,16.11,15.97,13.84,64.7594958205,18.25
2020-01-22 15-33-14,10,16,21219,,,,,,,,,5.562
2020-01-22 15-33-14,10,17,,88.89,121.42,123.75,,,,,,5.562
2020-01-22 15-33-14,10,18,,88.89,121.42,123.75,39.32,40.95,40.96,,,18.187
2020-01-22 15-33-14,11,16,1207,,,,,,,,,5.562
2020-01-22 15-33-14,11,17,1207,18.79,17.53,18.79,,,,,,5.562
2020-01-22 15-33-14,11,18,1207,18.79,17.53,18.79,17.27,14.85,14.99,,,18.187
2020-01-22 15-33-14,11,19,,,,,,,,15.45,58.87533460450001,18.187
2020-01-22 15-33-15,12,16,1188,,,,,,,,,5.562
2020-01-22 15-33-15,12,17,1188,16.13,15.09,16.79,,,,,,5.562
2020-01-22 15-33-15,12,18,,,,,16.69,15.75,15.37,,,18.187
2020-01-22 15-33-15,12,19,,,,,16.69,15.75,15.37,15.96,48.7750168,18.187
2020-01-22 15-33-15,13,16,1188,,,,,,,,,5.562
2020-01-22 15-33-15,13,17,1188,18.25,18.75,17.31,,,,,,5.562
2020-01-22 15-33-15,13,18,1188,18.25,18.75,17.31,15.77,15.65,14.81,,,18.187
2020-01-22 15-33-15,13,19,,,,,,,,16.12,54.855845728000006,18.187
2020-01-22 15-33-16,14,16,26,,,,,,,,,5.562
2020-01-22 15-33-16,14,17,26,14.39,16.37,15.65,,,,,,5.562
2020-01-22 15-33-16,14,18,26,14.39,16.37,15.65,16.99,16.43,16.29,,,18.187
2020-01-22 15-33-16,14,19,,,,,,,,16.33,57.38591414050001,18.187
2020-01-22 15-33-16,15,16,1189,,,,,,,,,5.562
2020-01-22 15-33-16,15,17,1189,16.65,16.23,14.39,,,,,,5.562
2020-01-22 15-33-16,15,18,1189,16.65,16.23,14.39,15.05,15.51,17.33,,,18.187
2020-01-22 15-33-16,15,19,,,,,,,,17.22,47.043589042,18.187
2020-01-22 15-33-17,16,16,1189,,,,,,,,,5.562
2020-01-22 15-33-17,16,17,1189,16.73,16.95,16.43,,,,,,5.562
2020-01-22 15-33-17,16,18,1189,16.73,16.95,16.43,16.73,16.85,15.35,,,18.187
2020-01-22 15-33-17,16,19,,,,,,,,10.31,70.8825262405,18.187
2020-01-22 15-33-17,17,16,1184,,,,,,,,,5.562
2020-01-22 15-33-17,17,17,1184,19.87,19.87,17.93,,,,,,5.562
2020-01-22 15-33-17,17,18,1184,19.87,19.87,17.93,19.79,17.27,17.31,,,18.187
2020-01-22 15-33-17,17,19,,,,,,,,14.88,57.04355313800001,18.187
2020-01-22 15-33-18,19,16,1199,,,,,,,,,5.562
2020-01-22 15-33-18,19,17,1199,16.75,17.47,18.11,,,,,,5.562
2020-01-22 15-33-18,19,18,1199,16.75,17.47,18.11,19.47,18.43,17.79,,,18.187
2020-01-22 15-33-18,19,19,,,,,,,,14.26,-2.0462,18.187
2020-01-22 15-33-19,20,16,23305,,,,,,,,,5.562
2020-01-22 15-33-19,20,17,23305,18.71,17.93,18.85,,,,,,5.562
2020-01-22 15-33-19,20,18,23305,18.71,17.93,18.85,17.93,19.35,18.55,,,18.187
2020-01-22 15-33-19,20,19,,,,,,,,14.74,59.555528580499995,18.187
2020-01-22 15-33-19,21,16,1202,,,,,,,,,5.562
2020-01-22 15-33-19,21,17,1202,17.59,16.39,18.09,,,,,,5.562
2020-01-22 15-33-19,21,18,1202,17.59,16.39,18.09,18.81,19.23,18.41,,,18.187
2020-01-22 15-33-19,21,19,,,,,,,,14.0,56.88780686050001,18.187
2020-01-22 15-33-20,22,16,1172,,,,,,,,,5.562
2020-01-22 15-33-20,22,17,1172,15.65,15.41,14.89,,,,,,5.562
2020-01-22 15-33-20,22,18,,,,,14.21,16.13,15.35,,,18.187
2020-01-22 15-33-20,22,19,,,,,14.21,16.13,15.35,11.56,73.74738336200001,18.187
2020-01-22 15-33-20,23,16,1199,,,,,,,,,5.562
2020-01-22 15-33-20,23,17,1199,15.97,16.27,16.79,,,,,,5.562
2020-01-22 15-33-20,23,18,,,,,18.55,17.37,16.07,,,18.187
2020-01-22 15-33-20,23,19,,,,,18.55,17.37,16.07,13.32,62.6278542805,18.187
2020-01-22 15-33-21,24,16,1068,,,,,,,,,5.562
2020-01-22 15-33-21,24,17,1068,15.47,16.23,16.63,,,,,,5.562
2020-01-22 15-33-21,24,18,,,,,14.19,16.13,16.53,,,18.187
2020-01-22 15-33-21,24,19,,,,,14.19,16.13,16.53,10.45,97.64749184050001,18.187
2020-01-22 15-33-21,25,16,1189,,,,,,,,,5.562
2020-01-22 15-33-21,25,17,1189,17.33,17.73,17.79,,,,,,5.562
2020-01-22 15-33-21,25,18,,,,,16.39,17.51,16.99,,,18.187
2020-01-22 15-33-21,25,19,,,,,16.39,17.51,16.99,11.25,85.917605458,18.187
2020-01-22 15-34-14,10,16,21220,,,,,,,,,5.562
2020-01-22 15-34-14,10,17,21220,64.92,111.61,119.06,,,,,,5.562
2020-01-22 15-34-14,10,18,,,,,39.39,40.95,40.96,,,18.062
2020-01-22 15-34-14,11,16,1208,,,,,,,,,5.562
2020-01-22 15-34-14,11,17,1208,18.21,16.99,17.17,,,,,,5.562
2020-01-22 15-34-14,11,18,1208,18.21,16.99,17.17,16.73,15.57,15.25,,,18.062
2020-01-22 15-34-14,11,19,,,,,,,,15.12,56.48249319200001,18.062
2020-01-22 15-34-15,12,16,1189,,,,,,,,,5.562
2020-01-22 15-34-15,12,17,1189,16.57,15.41,15.75,,,,,,5.562
2020-01-22 15-34-15,12,18,,,,,15.87,15.25,15.31,,,18.062
2020-01-22 15-34-15,12,19,,,,,15.87,15.25,15.31,15.72,51.48156151250001,18.062
2020-01-22 15-34-15,13,16,1189,,,,,,,,,5.562
2020-01-22 15-34-15,13,17,1189,16.89,17.11,17.15,,,,,,5.562
2020-01-22 15-34-15,13,18,,,,,16.03,15.75,15.61,,,18.062
2020-01-22 15-34-15,13,19,,,,,16.03,15.75,15.61,15.66,50.8468016125,18.062
2020-01-22 15-34-16,14,16,27,,,,,,,,,5.562
2020-01-22 15-34-16,14,17,27,14.85,16.53,15.77,,,,,,5.562
2020-01-22 15-34-16,14,18,27,14.85,16.53,15.77,16.57,16.49,15.91,,,18.062
2020-01-22 15-34-16,14,19,,,,,,,,14.86,56.48249319200001,18.062
2020-01-22 15-34-16,15,16,1190,,,,,,,,,5.562
2020-01-22 15-34-16,15,17,1190,17.11,16.95,14.79,,,,,,5.562
2020-01-22 15-34-16,15,18,1190,17.11,16.95,14.79,15.25,15.65,15.67,,,18.062
2020-01-22 15-34-16,15,19,,,,,,,,16.72,47.172162050000004,18.062
2020-01-22 15-34-17,16,16,1190,,,,,,,,,5.562
2020-01-22 15-34-17,16,17,1190,15.45,15.67,14.69,,,,,,5.562
2020-01-22 15-34-17,16,18,,,,,15.87,15.15,14.15,,,18.062
2020-01-22 15-34-17,16,19,,,,,15.87,15.15,14.15,10.5,68.347402048,18.062
2020-01-22 15-34-17,17,16,1185,,,,,,,,,5.562
2020-01-22 15-34-17,17,17,1185,18.87,17.99,17.33,,,,,,5.562
2020-01-22 15-34-17,17,18,1185,18.87,17.99,17.33,19.07,17.79,16.85,,,18.062
2020-01-22 15-34-17,17,19,,,,,,,,14.82,58.47267584800001,18.062
2020-01-22 15-34-18,19,16,1200,,,,,,,,,5.562
2020-01-22 15-34-18,19,17,1200,17.15,17.57,16.21,,,,,,5.562
2020-01-22 15-34-18,19,18,1200,17.15,17.57,16.21,17.51,17.95,17.73,,,18.062
2020-01-22 15-34-19,19,19,,,,,,,,14.3,-2.0462,18.062
2020-01-22 15-34-19,20,16,23306,,,,,,,,,5.562
2020-01-22 15-34-19,20,17,23306,16.89,17.41,18.87,,,,,,5.562
2020-01-22 15-34-19,20,18,23306,16.89,17.41,18.87,17.63,18.79,17.21,,,18.062
2020-01-22 15-34-19,20,19,,,,,,,,14.7,57.6968163605,18.062
2020-01-22 15-34-19,21,16,1203,,,,,,,,,5.562
2020-01-22 15-34-19,21,17,1203,17.69,17.11,18.27,,,,,,5.562
2020-01-22 15-34-19,21,18,1203,17.69,17.11,18.27,18.27,18.41,18.97,,,18.062
2020-01-22 15-34-20,21,19,,,,,,,,14.01,57.790024802000005,18.062
2020-01-22 15-34-20,22,16,1173,,,,,,,,,5.562
2020-01-22 15-34-20,22,17,1173,15.37,15.35,14.59,,,,,,5.562
2020-01-22 15-34-20,22,18,,,,,13.65,15.35,15.25,,,18.062
2020-01-22 15-34-20,22,19,,,,,13.65,15.35,15.25,11.42,72.628645312,18.062
2020-01-22 15-34-20,23,16,1200,,,,,,,,,5.562
2020-01-22 15-34-20,23,17,1200,16.29,16.47,15.71,,,,,,5.562
2020-01-22 15-34-21,23,18,,,,,17.11,16.07,15.41,,,18.062
2020-01-22 15-34-21,23,19,,,,,17.11,16.07,15.41,13.84,61.64818186450001,18.062
2020-01-22 15-34-21,24,16,1069,,,,,,,,,5.562
2020-01-22 15-34-21,24,17,1069,13.91,14.05,15.65,,,,,,5.562
2020-01-22 15-34-21,24,18,,,,,13.45,16.01,15.47,,,18.062
2020-01-22 15-34-21,24,19,,,,,13.45,16.01,15.47,10.28,98.23319392450001,18.062
2020-01-22 15-34-22,25,16,1190,,,,,,,,,5.562
2020-01-22 15-34-22,25,17,1190,16.49,17.01,17.05,,,,,,5.562
2020-01-22 15-34-22,25,18,,,,,15.97,16.79,16.99,,,18.062
2020-01-22 15-34-22,25,19,,,,,15.97,16.79,16.99,11.23,82.84372136450001,18.062
2020-01-22 15-35-14,10,16,21221,,,,,,,,,5.75
2020-01-22 15-35-14,10,17,,80.09,117.12,122.68,,,,,,5.75
2020-01-22 15-35-14,10,18,,80.09,117.12,122.68,39.06,40.95,40.96,,,17.937
2020-01-22 15-35-15,11,16,1209,,,,,,,,,5.75
2020-01-22 15-35-15,11,17,,16.47,17.47,17.89,,,,,,5.75
2020-01-22 15-35-15,11,18,,16.47,17.47,17.89,17.53,15.65,15.51,,,17.937
2020-01-22 15-35-15,11,19,,16.47,17.47,17.89,17.53,15.65,15.51,15.12,60.018411698000016,17.937
2020-01-22 15-35-15,12,16,1190,,,,,,,,,5.75
2020-01-22 15-35-15,12,17,,17.27,16.03,14.65,,,,,,5.75
2020-01-22 15-35-15,12,18,,17.27,16.03,14.65,15.19,15.19,15.37,,,17.937
2020-01-22 15-35-15,12,19,,17.27,16.03,14.65,15.19,15.19,15.37,16.05,51.86180478050001,17.937
2020-01-22 15-35-16,13,16,1190,,,,,,,,,5.75
2020-01-22 15-35-16,13,17,,16.99,17.69,15.91,,,,,,5.75
2020-01-22 15-35-16,13,18,,16.99,17.69,15.91,15.37,15.87,15.01,,,17.937
2020-01-22 15-35-16,13,19,,16.99,17.69,15.91,15.37,15.87,15.01,15.17,54.667600402000005,17.937
2020-01-22 15-35-16,14,16,28,,,,,,,,,5.75
2020-01-22 15-35-16,14,17,,15.85,16.33,15.45,,,,,,5.75
2020-01-22 15-35-16,14,18,,15.85,16.33,15.45,16.17,16.75,16.27,,,17.937
2020-01-22 15-35-16,14,19,,15.85,16.33,15.45,16.17,16.75,16.27,13.92,58.2556362245,17.937
2020-01-22 15-35-17,15,16,1191,,,,,,,,,5.75
2020-01-22 15-35-17,15,17,,17.37,17.21,15.55,,,,,,5.75
2020-01-22 15-35-17,15,18,,17.37,17.21,15.55,14.89,15.51,15.45,,,17.937
2020-01-22 15-35-17,15,19,,17.37,17.21,15.55,14.89,15.51,15.45,16.09,51.418142960500006,17.937
2020-01-22 15-35-17,16,16,1191,,,,,,,,,5.75
2020-01-22 15-35-17,16,17,,14.49,16.23,15.09,,,,,,5.75
2020-01-22 15-35-17,16,18,,14.49,16.23,15.09,15.77,15.65,15.45,,,17.937
2020-01-22 15-35-17,16,19,,14.49,16.23,15.09,15.77,15.65,15.45,10.26,69.125299298,17.937
2020-01-22 15-35-18,17,16,1186,,,,,,,,,5.75
2020-01-22 15-35-18,17,17,,17.53,18.25,18.17,,,,,,5.75
2020-01-22 15-35-18,17,18,,17.53,18.25,18.17,19.79,18.65,17.25,,,17.937
2020-01-22 15-35-18,17,19,,17.53,18.25,18.17,19.79,18.65,17.25,14.94,57.04355313800001,17.937
2020-01-22 15-35-19,19,16,1201,,,,,,,,,5.75
2020-01-22 15-35-19,19,17,,17.25,18.21,17.37,,,,,,5.75
2020-01-22 15-35-19,19,18,,17.25,18.21,17.37,17.51,16.63,17.05,,,17.937
2020-01-22 15-35-19,19,19,,17.25,18.21,17.37,17.51,16.63,17.05,15.08,-2.0462,17.937
2020-01-22 15-35-19,20,16,23307,,,,,,,,,5.75
2020-01-22 15-35-19,20,17,,16.27,17.67,19.41,,,,,,5.75
2020-01-22 15-35-19,20,18,,16.27,17.67,19.41,17.75,17.89,16.69,,,17.937
2020-01-22 15-35-19,20,19,,16.27,17.67,19.41,17.75,17.89,16.69,14.03,58.81342220450001,17.937
2020-01-22 15-35-20,21,16,1204,,,,,,,,,5.75
2020-01-22 15-35-20,21,17,,16.79,17.11,18.97,,,,,,5.75
2020-01-22 15-35-20,21,18,,16.79,17.11,18.97,18.85,16.39,16.75,,,17.937
2020-01-22 15-35-20,21,19,,16.79,17.11,18.97,18.85,16.39,16.75,14.6,58.84438,17.937
2020-01-22 15-35-20,22,16,1174,,,,,,,,,5.75
2020-01-22 15-35-20,22,17,,15.31,15.97,14.99,,,,,,5.75
2020-01-22 15-35-20,22,18,,15.31,15.97,14.99,13.89,15.81,14.99,,,17.937
2020-01-22 15-35-20,22,19,,15.31,15.97,14.99,13.89,15.81,14.99,11.32,72.333474722,17.937
2020-01-22 15-35-21,23,16,1201,,,,,,,,,5.75
2020-01-22 15-35-21,23,17,,16.53,16.39,15.75,,,,,,5.75
2020-01-22 15-35-21,23,18,,16.53,16.39,15.75,16.65,16.57,16.01,,,17.937
2020-01-22 15-35-21,23,19,,16.53,16.39,15.75,16.65,16.57,16.01,13.8,60.449788168000005,17.937
2020-01-22 15-35-21,24,16,1070,,,,,,,,,5.75
2020-01-22 15-35-21,24,17,,15.25,15.57,15.67,,,,,,5.75
2020-01-22 15-35-21,24,18,,15.25,15.57,15.67,14.01,16.99,16.27,,,17.937
2020-01-22 15-35-21,24,19,,15.25,15.57,15.67,14.01,16.99,16.27,10.02,98.419229792,17.937
2020-01-22 15-35-22,25,16,1191,,,,,,,,,5.75
2020-01-22 15-35-22,25,17,,17.01,16.91,16.57,,,,,,5.75
2020-01-22 15-35-22,25,18,,17.01,16.91,16.57,16.53,16.83,16.53,,,17.937
2020-01-22 15-35-22,25,19,,17.01,16.91,16.57,16.53,16.83,16.53,11.25,82.41774216200001,17.937
2020-01-22 15-36-14,10,16,21222,,,,,,,,,5.875
2020-01-22 15-36-14,10,17,,83.86,119.06,123.75,,,,,,5.875
2020-01-22 15-36-14,10,18,,83.86,119.06,123.75,39.26,40.95,40.96,,,17.812
2020-01-22 15-36-15,11,16,1210,,,,,,,,,5.875
2020-01-22 15-36-15,11,17,,18.05,16.99,17.43,,,,,,5.875
2020-01-22 15-36-15,11,18,,18.05,16.99,17.43,16.39,14.79,15.51,,,17.812
2020-01-22 15-36-15,11,19,,18.05,16.99,17.43,16.39,14.79,15.51,15.29,58.007399480500005,17.812
2020-01-22 15-36-15,12,16,1191,,,,,,,,,5.875
2020-01-22 15-36-15,12,17,,16.03,14.61,15.81,,,,,,5.875
2020-01-22 15-36-15,12,18,,16.03,14.61,15.81,15.85,15.91,15.77,,,17.812
2020-01-22 15-36-15,12,19,,16.03,14.61,15.81,15.85,15.91,15.77,15.87,49.1265742645,17.812
2020-01-22 15-36-16,13,16,1191,,,,,,,,,5.875
2020-01-22 15-36-16,13,17,,16.95,17.21,17.95,,,,,,5.875
2020-01-22 15-36-16,13,18,,16.95,17.21,17.95,15.87,16.37,15.81,,,17.812
2020-01-22 15-36-16,13,19,,16.95,17.21,17.95,15.87,16.37,15.81,15.11,52.968223048000006,17.812
2020-01-22 15-36-16,14,16,29,,,,,,,,,5.875
2020-01-22 15-36-16,14,17,,15.01,16.37,15.81,,,,,,5.875
2020-01-22 15-36-16,14,18,,15.01,16.37,15.81,16.79,16.59,15.93,,,17.812
2020-01-22 15-36-16,14,19,,15.01,16.37,15.81,16.79,16.59,15.93,14.26,59.833344608000004,17.812
2020-01-22 15-36-17,15,16,1192,,,,,,,,,5.875
2020-01-22 15-36-17,15,17,,16.85,16.79,14.89,,,,,,5.875
2020-01-22 15-36-17,15,18,,16.85,16.79,14.89,16.01,16.27,16.43,,,17.812
2020-01-22 15-36-17,15,19,,16.85,16.79,14.89,16.01,16.27,16.43,16.18,51.544967300500005,17.812
2020-01-22 15-36-17,16,16,1192,,,,,,,,,5.875
2020-01-22 15-36-17,16,17,,15.47,15.81,14.55,,,,,,5.875
2020-01-22 15-36-17,16,18,,15.47,15.81,14.55,15.85,15.57,14.55,,,17.812
2020-01-22 15-36-17,16,19,,15.47,15.81,14.55,15.85,15.57,14.55,10.98,69.96062240200001,17.812
2020-01-22 15-36-18,17,16,1187,,,,,,,,,5.875
2020-01-22 15-36-18,17,17,,18.59,18.21,17.33,,,,,,5.875
2020-01-22 15-36-18,17,18,,18.59,18.21,17.33,18.75,17.75,16.99,,,17.812
2020-01-22 15-36-18,17,19,,18.59,18.21,17.33,18.75,17.75,16.99,15.31,59.3083640125,17.812
2020-01-22 15-36-19,19,16,1202,,,,,,,,,5.875
2020-01-22 15-36-19,19,17,,16.57,16.83,17.37,,,,,,5.875
2020-01-22 15-36-19,19,18,,16.57,16.83,17.37,18.15,17.51,17.75,,,17.812
2020-01-22 15-36-19,19,19,,16.57,16.83,17.37,18.15,17.51,17.75,15.0,49.92413255200001,17.812
2020-01-22 15-36-19,20,16,23308,,,,,,,,,5.875
2020-01-22 15-36-19,20,17,,17.05,17.69,17.85,,,,,,5.875
2020-01-22 15-36-19,20,18,,17.05,17.69,17.85,17.57,18.85,17.99,,,17.812
2020-01-22 15-36-19,20,19,,17.05,17.69,17.85,17.57,18.85,17.99,14.43,60.84979201250001,17.812
2020-01-22 15-36-20,21,16,1205,,,,,,,,,5.875
2020-01-22 15-36-20,21,17,,17.57,17.09,18.81,,,,,,5.875
2020-01-22 15-36-20,21,18,,17.57,17.09,18.81,18.37,18.71,17.53,,,17.812
2020-01-22 15-36-20,21,19,,17.57,17.09,18.81,18.37,18.71,17.53,14.82,57.354806368,17.812
2020-01-22 15-36-20,22,16,1175,,,,,,,,,5.875
2020-01-22 15-36-20,22,17,,15.67,15.77,14.91,,,,,,5.875
2020-01-22 15-36-20,22,18,,15.67,15.77,14.91,13.95,16.13,15.65,,,17.812
2020-01-22 15-36-20,22,19,,15.67,15.77,14.91,13.95,16.13,15.65,11.67,74.5394760845,17.812
2020-01-22 15-36-21,23,16,1202,,,,,,,,,5.875
2020-01-22 15-36-21,23,17,,15.61,16.73,16.49,,,,,,5.875
2020-01-22 15-36-21,23,18,,15.61,16.73,16.49,17.85,16.69,16.01,,,17.812
2020-01-22 15-36-21,23,19,,15.61,16.73,16.49,17.85,16.69,16.01,13.98,60.5421446125,17.812
2020-01-22 15-36-21,24,16,1071,,,,,,,,,5.875
2020-01-22 15-36-21,24,17,,14.41,15.05,15.37,,,,,,5.875
2020-01-22 15-36-21,24,18,,14.41,15.05,15.37,13.51,14.51,15.09,,,17.812
2020-01-22 15-36-21,24,19,,14.41,15.05,15.37,13.51,14.51,15.09,10.67,98.419229792,17.812
2020-01-22 15-36-22,25,16,1192,,,,,,,,,5.875
2020-01-22 15-36-22,25,17,,15.97,16.95,16.57,,,,,,5.875
2020-01-22 15-36-22,25,18,,15.97,16.95,16.57,15.37,16.11,16.63,,,17.812
2020-01-22 15-36-22,25,19,,15.97,16.95,16.57,15.37,16.11,16.63,11.5,84.681334642,17.812
2020-01-22 15-37-14,10,16,21223,,,,,,,,,6.0
2020-01-22 15-37-14,10,17,,102.04,117.27,122.83,,,,,,6.0
2020-01-22 15-37-14,10,18,,102.04,117.27,122.83,40.53,40.95,40.96,,,17.625
2020-01-22 15-37-15,11,16,1211,,,,,,,,,6.0
2020-01-22 15-37-15,11,17,,18.37,17.09,17.69,,,,,,6.0
2020-01-22 15-37-15,11,18,,18.37,17.09,17.69,16.65,15.75,15.65,,,17.625
2020-01-22 15-37-15,11,19,,18.37,17.09,17.69,16.65,15.75,15.65,14.69,58.162571378,17.625
2020-01-22 15-37-15,12,16,1192,,,,,,,,,6.0
2020-01-22 15-37-15,12,17,,17.11,15.47,15.47,,,,,,6.0
2020-01-22 15-37-15,12,18,,17.11,15.47,15.47,16.11,15.67,15.87,,,17.625
2020-01-22 15-37-15,12,19,,17.11,15.47,15.47,16.11,15.67,15.87,15.37,53.56721312450001,17.625
2020-01-22 15-37-16,13,16,1192,,,,,,,,,6.0
2020-01-22 15-37-16,13,17,,16.37,17.51,16.79,,,,,,6.0
2020-01-22 15-37-16,13,18,,16.37,17.51,16.79,16.07,15.93,15.85,,,17.625
2020-01-22 15-37-16,13,19,,16.37,17.51,16.79,16.07,15.93,15.85,14.62,55.982905288000005,17.625
2020-01-22 15-37-16,14,16,30,,,,,,,,,6.0
2020-01-22 15-37-16,14,17,,15.67,16.43,15.87,,,,,,6.0
2020-01-22 15-37-16,14,18,,15.67,16.43,15.87,16.59,16.65,15.97,,,17.625
2020-01-22 15-37-16,14,19,,15.67,16.43,15.87,16.59,16.65,15.97,13.91,59.03005976200001,17.625
2020-01-22 15-37-17,15,16,1193,,,,,,,,,6.0
2020-01-22 15-37-17,15,17,,16.89,17.31,15.35,,,,,,6.0
2020-01-22 15-37-17,15,18,,16.89,17.31,15.35,15.31,15.75,15.35,,,17.625
2020-01-22 15-37-17,15,19,,16.89,17.31,15.35,15.31,15.75,15.35,16.35,51.6717405845,17.625
2020-01-22 15-37-17,16,16,1193,,,,,,,,,6.0
2020-01-22 15-37-17,16,17,,16.27,16.13,14.65,,,,,,6.0
2020-01-22 15-37-17,16,18,,16.27,16.13,14.65,15.71,15.67,15.11,,,17.625
2020-01-22 15-37-17,16,19,,16.27,16.13,14.65,15.71,15.67,15.11,10.82,68.43726951250001,17.625
2020-01-22 15-37-18,17,16,1188,,,,,,,,,6.0
2020-01-22 15-37-18,17,17,,17.41,17.31,18.49,,,,,,6.0
2020-01-22 15-37-18,17,18,,17.41,17.31,18.49,19.47,18.53,17.33,,,17.625
2020-01-22 15-37-18,17,19,,17.41,17.31,18.49,19.47,18.53,17.33,15.26,59.80248892450001,17.625
2020-01-22 15-37-19,19,16,1203,,,,,,,,,6.0
2020-01-22 15-37-19,19,17,,16.63,17.43,17.05,,,,,,6.0
2020-01-22 15-37-19,19,18,,16.63,17.43,17.05,17.47,17.31,17.79,,,17.625
2020-01-22 15-37-19,19,19,,16.63,17.43,17.05,17.47,17.31,17.79,14.89,66.1819672,17.625
2020-01-22 15-37-19,20,16,23309,,,,,,,,,6.0
2020-01-22 15-37-20,20,17,,16.49,17.85,18.91,,,,,,6.0
2020-01-22 15-37-20,20,18,,16.49,17.85,18.91,18.37,18.95,16.63,,,17.625
2020-01-22 15-37-20,20,19,,16.49,17.85,18.91,18.37,18.95,16.63,14.66,59.246540960500006,17.625
2020-01-22 15-37-20,21,16,1206,,,,,,,,,6.0
2020-01-22 15-37-20,21,17,,17.59,17.69,19.07,,,,,,6.0
2020-01-22 15-37-20,21,18,,17.59,17.69,19.07,18.05,17.63,18.55,,,17.625
2020-01-22 15-37-20,21,19,,17.59,17.69,19.07,18.05,17.63,18.55,14.6,58.47267584800001,17.625
2020-01-22 15-37-21,22,16,1176,,,,,,,,,6.0
2020-01-22 15-37-21,22,17,,15.35,15.65,14.71,,,,,,6.0
2020-01-22 15-37-21,22,18,,15.35,15.65,14.71,13.45,15.55,14.95,,,17.625
2020-01-22 15-37-21,22,19,,15.35,15.65,14.71,13.45,15.55,14.95,11.86,74.94927501250001,17.625
2020-01-22 15-37-21,23,16,1203,,,,,,,,,6.0
2020-01-22 15-37-21,23,17,,16.47,16.89,15.41,,,,,,6.0
2020-01-22 15-37-21,23,18,,16.47,16.89,15.41,16.99,15.93,16.17,,,17.625
2020-01-22 15-37-21,23,19,,16.47,16.89,15.41,16.99,15.93,16.17,13.88,62.10781016200001,17.625
2020-01-22 15-37-22,24,17,,15.05,15.09,15.55,,,,,,6.0
2020-01-22 15-37-22,24,18,,,,,13.81,16.39,15.97,,,17.625
2020-01-22 15-37-22,24,19,,,,,13.81,16.39,15.97,10.61,98.5254658,17.625
2020-01-22 15-37-22,25,16,1193,,,,,,,,,6.0
2020-01-22 15-37-22,25,17,,16.17,16.65,16.57,,,,,,6.0
2020-01-22 15-37-22,25,18,,16.17,16.65,16.57,15.91,16.57,16.65,,,17.625
2020-01-22 15-37-22,25,19,,16.17,16.65,16.57,15.91,16.57,16.65,11.32,81.02120661250001,17.625
2020-01-22 15-38-15,10,16,21224,,,,,,,,,6.0
2020-01-22 15-38-15,10,17,,64.82,111.32,119.83,,,,,,6.0
2020-01-22 15-38-15,10,18,,64.82,111.32,119.83,41.82,40.95,40.96,,,17.562
2020-01-22 15-38-15,11,16,1212,,,,,,,,,6.0
2020-01-22 15-38-15,11,17,,16.53,17.01,17.99,,,,,,6.0
2020-01-22 15-38-15,11,18,,16.53,17.01,17.99,16.89,15.61,15.35,,,17.562
2020-01-22 15-38-15,11,19,,16.53,17.01,17.99,16.89,15.61,15.35,14.76,60.110902164500004,17.562
2020-01-22 15-38-16,12,16,1193,,,,,,,,,6.0
2020-01-22 15-38-16,12,17,,16.89,15.41,14.81,,,,,,6.0
2020-01-22 15-38-16,12,18,,16.89,15.41,14.81,14.89,15.11,15.47,,,17.562
2020-01-22 15-38-16,12,19,,16.89,15.41,14.81,14.89,15.11,15.47,15.84,54.510641544500004,17.562
2020-01-22 15-38-16,13,16,1193,,,,,,,,,6.0
2020-01-22 15-38-16,13,17,,16.23,17.15,16.39,,,,,,6.0
2020-01-22 15-38-16,13,18,,16.23,17.15,16.39,15.09,15.45,15.41,,,17.562
2020-01-22 15-38-16,13,19,,16.23,17.15,16.39,15.09,15.45,15.41,14.69,56.88780686050001,17.562
2020-01-22 15-38-17,14,16,31,,,,,,,,,6.0
2020-01-22 15-38-17,14,17,,15.75,15.75,15.19,,,,,,6.0
2020-01-22 15-38-17,14,18,,15.75,15.75,15.19,15.71,16.23,15.97,,,17.562
2020-01-22 15-38-17,14,19,,15.75,15.75,15.19,15.71,16.23,15.97,13.66,59.493756584500005,17.562
2020-01-22 15-38-17,15,16,1194,,,,,,,,,6.0
2020-01-22 15-38-17,15,17,,17.09,17.11,14.85,,,,,,6.0
2020-01-22 15-38-17,15,18,,17.09,17.11,14.85,15.15,15.47,15.31,,,17.562
2020-01-22 15-38-17,15,19,,17.09,17.11,14.85,15.15,15.47,15.31,15.85,51.95679380000001,17.562
2020-01-22 15-38-18,16,16,1194,,,,,,,,,6.0
2020-01-22 15-38-18,16,17,,14.01,15.55,14.45,,,,,,6.0
2020-01-22 15-38-18,16,18,,14.01,15.55,14.45,15.35,15.55,15.05,,,17.562
2020-01-22 15-38-18,16,19,,14.01,15.55,14.45,15.35,15.55,15.05,10.52,67.71752566450002,17.562
2020-01-22 15-38-18,17,16,1189,,,,,,,,,6.0
2020-01-22 15-38-18,17,17,,17.05,17.27,18.25,,,,,,6.0
2020-01-22 15-38-18,17,18,,17.05,17.27,18.25,19.63,18.27,17.25,,,17.562
2020-01-22 15-38-18,17,19,,17.05,17.27,18.25,19.63,18.27,17.25,15.08,56.918962498000006,17.562
2020-01-22 15-38-19,19,16,1204,,,,,,,,,6.0
2020-01-22 15-38-19,19,17,,16.73,17.57,17.53,,,,,,6.0
2020-01-22 15-38-19,19,18,,16.73,17.57,17.53,17.25,16.01,17.05,,,17.562
2020-01-22 15-38-19,19,19,,16.73,17.57,17.53,17.25,16.01,17.05,15.46,70.912214018,17.562
2020-01-22 15-38-20,20,16,23310,,,,,,,,,6.0
2020-01-22 15-38-20,20,17,,16.01,17.59,19.17,,,,,,6.0
2020-01-22 15-38-20,20,18,,16.01,17.59,19.17,17.67,17.73,16.49,,,17.562
2020-01-22 15-38-20,20,19,,16.01,17.59,19.17,17.67,17.73,16.49,14.02,58.53465845000001,17.562
2020-01-22 15-38-20,21,16,1207,,,,,,,,,6.0
2020-01-22 15-38-20,21,17,,17.01,17.17,18.47,,,,,,6.0
2020-01-22 15-38-20,21,18,,17.01,17.17,18.47,18.49,15.91,16.37,,,17.562
2020-01-22 15-38-20,21,19,,17.01,17.17,18.47,18.49,15.91,16.37,14.92,57.91425805,17.562
2020-01-22 15-38-21,22,16,1177,,,,,,,,,6.0
2020-01-22 15-38-21,22,17,,14.95,15.29,14.09,,,,,,6.0
2020-01-22 15-38-21,22,18,,14.95,15.29,14.09,13.39,15.19,14.69,,,17.562
2020-01-22 15-38-21,22,19,,14.95,15.29,14.09,13.39,15.19,14.69,11.25,70.73403948800001,17.562
2020-01-22 15-38-21,23,16,1204,,,,,,,,,6.0
2020-01-22 15-38-21,23,17,,16.83,15.61,15.31,,,,,,6.0
2020-01-22 15-38-21,23,18,,16.83,15.61,15.31,16.43,16.11,15.21,,,17.562
2020-01-22 15-38-21,23,19,,16.83,15.61,15.31,16.43,16.11,15.21,13.78,59.80248892450001,17.562
2020-01-22 15-38-22,24,16,1073,,,,,,,,,6.0
2020-01-22 15-38-22,24,17,,14.45,14.69,15.31,,,,,,6.0
2020-01-22 15-38-22,24,18,,14.45,14.69,15.31,13.01,15.91,15.47,,,17.562
2020-01-22 15-38-22,24,19,,14.45,14.69,15.31,13.01,15.91,15.47,9.96,98.100215432,17.562
2020-01-22 15-38-22,25,16,1194,,,,,,,,,6.0
2020-01-22 15-38-22,25,17,,16.01,16.37,15.85,,,,,,6.0
2020-01-22 15-38-22,25,18,,16.01,16.37,15.85,15.29,15.55,16.17,,,17.562
2020-01-22 15-38-22,25,19,,16.01,16.37,15.85,15.29,15.55,16.17,11.18,82.1618100125,17.562
2020-01-22 15-39-15,10,16,21225,,,,,,,,,5.937
2020-01-22 15-39-15,10,17,,64.82,111.32,119.83,,,,,,5.937
2020-01-22 15-39-15,10,18,,64.82,111.32,119.83,42.4,40.95,40.96,,,17.375
2020-01-22 15-39-15,11,16,1213,,,,,,,,,5.937
2020-01-22 15-39-15,11,17,,16.13,16.91,17.63,,,,,,5.937
2020-01-22 15-39-15,11,18,,16.13,16.91,17.63,16.29,15.67,15.09,,,17.375
2020-01-22 15-39-15,11,19,,16.13,16.91,17.63,16.29,15.67,15.09,15.02,59.7407679845,17.375
2020-01-22 15-39-16,12,16,1194,,,,,,,,,5.937
2020-01-22 15-39-16,12,17,,17.01,15.19,14.69,,,,,,5.937
2020-01-22 15-39-16,12,18,,17.01,15.19,14.69,14.95,14.85,15.37,,,17.375
2020-01-22 15-39-16,12,19,,17.01,15.19,14.69,14.95,14.85,15.37,16.3,53.22056980000001,17.375
2020-01-22 15-39-16,13,16,1194,,,,,,,,,5.937
2020-01-22 15-39-16,13,17,,16.03,16.89,15.75,,,,,,5.937
2020-01-22 15-39-16,13,18,,16.03,16.89,15.75,14.91,15.09,14.95,,,17.375
2020-01-22 15-39-16,13,19,,16.03,16.89,15.75,14.91,15.09,14.95,14.89,56.076640244500005,17.375
2020-01-22 15-39-17,14,16,32,,,,,,,,,5.937
2020-01-22 15-39-17,14,17,,15.45,15.61,14.99,,,,,,5.937
2020-01-22 15-39-17,14,18,,15.45,15.61,14.99,15.21,15.41,16.13,,,17.375
2020-01-22 15-39-17,14,19,,15.45,15.61,14.99,15.21,15.41,16.13,13.64,59.524644178,17.375
2020-01-22 15-39-17,15,16,1195,,,,,,,,,5.937
2020-01-22 15-39-17,15,17,,17.25,16.75,15.09,,,,,,5.937
2020-01-22 15-39-17,15,18,,17.25,16.75,15.09,15.25,15.09,14.49,,,17.375
2020-01-22 15-39-17,15,19,,17.25,16.75,15.09,15.25,15.09,14.49,15.86,52.115045012500005,17.375
2020-01-22 15-39-18,16,16,1195,,,,,,,,,5.937
2020-01-22 15-39-18,16,17,,14.11,15.29,14.65,,,,,,5.937
2020-01-22 15-39-18,16,18,,14.11,15.29,14.65,14.91,15.51,15.19,,,17.375
2020-01-22 15-39-18,16,19,,14.11,15.29,14.65,14.91,15.51,15.19,10.42,68.73662031250001,17.375
2020-01-22 15-39-18,17,16,1190,,,,,,,,,5.937
2020-01-22 15-39-18,17,17,,16.83,17.05,18.01,,,,,,5.937
2020-01-22 15-39-18,17,18,,16.83,17.05,18.01,19.29,18.17,16.95,,,17.375
2020-01-22 15-39-18,17,19,,16.83,17.05,18.01,19.29,18.17,16.95,14.85,57.32369540450001,17.375
2020-01-22 15-39-19,19,16,1205,,,,,,,,,5.937
2020-01-22 15-39-19,19,17,,16.59,17.37,17.33,,,,,,5.937
2020-01-22 15-39-19,19,18,,16.59,17.37,17.33,16.63,16.21,17.11,,,17.375
2020-01-22 15-39-19,19,19,,16.59,17.37,17.33,16.63,16.21,17.11,15.55,73.62983845000001,17.375
2020-01-22 15-39-20,20,16,23311,,,,,,,,,5.937
2020-01-22 15-39-20,20,17,,15.67,16.65,18.79,,,,,,5.937
2020-01-22 15-39-20,20,18,,15.67,16.65,18.79,17.53,17.09,16.37,,,17.375
2020-01-22 15-39-20,20,19,,15.67,16.65,18.79,17.53,17.09,16.37,13.76,59.03005976200001,17.375
2020-01-22 15-39-20,21,16,1208,,,,,,,,,5.937
2020-01-22 15-39-20,21,17,,16.65,17.25,18.71,,,,,,5.937
2020-01-22 15-39-20,21,18,,16.65,17.25,18.71,18.43,15.91,16.57,,,17.375
2020-01-22 15-39-20,21,19,,16.65,17.25,18.71,18.43,15.91,16.57,14.91,57.821087900500004,17.375
2020-01-22 15-39-21,22,16,1178,,,,,,,,,5.937
2020-01-22 15-39-21,22,17,,14.81,15.87,14.45,,,,,,5.937
2020-01-22 15-39-21,22,18,,14.81,15.87,14.45,13.91,15.55,14.85,,,17.375
2020-01-22 15-39-21,22,19,,14.81,15.87,14.45,13.91,15.55,14.85,11.09,72.628645312,17.375
2020-01-22 15-39-21,23,16,1205,,,,,,,,,5.937
2020-01-22 15-39-21,23,17,,16.17,15.85,14.61,,,,,,5.937
2020-01-22 15-39-21,23,18,,16.17,15.85,14.61,15.61,14.79,14.01,,,17.375
2020-01-22 15-39-21,23,19,,16.17,15.85,14.61,15.61,14.79,14.01,13.28,59.648162642,17.375
2020-01-22 15-39-22,24,16,1074,,,,,,,,,5.937
2020-01-22 15-39-22,24,17,,14.29,14.79,15.25,,,,,,5.937
2020-01-22 15-39-22,24,18,,14.29,14.79,15.25,13.21,15.85,14.81,,,17.375
2020-01-22 15-39-22,24,19,,14.29,14.79,15.25,13.21,15.85,14.81,9.88,97.43412634450002,17.375
2020-01-22 15-39-22,25,16,1195,,,,,,,,,5.937
2020-01-22 15-39-22,25,17,,16.13,16.43,16.07,,,,,,5.937
2020-01-22 15-39-22,25,18,,16.13,16.43,16.07,15.57,16.21,16.21,,,17.375
2020-01-22 15-39-22,25,19,,16.13,16.43,16.07,15.57,16.21,16.21,10.78,83.6369615605,17.375
2020-01-22 15-40-15,10,16,21226,,,,,,,,,5.937
2020-01-22 15-40-15,10,17,,119.1,124.91,126.65,,,,,,5.937
2020-01-22 15-40-15,10,18,,119.1,124.91,126.65,41.82,40.95,40.96,,,17.187
2020-01-22 15-40-15,11,16,1214,,,,,,,,,5.937
2020-01-22 15-40-15,11,17,,16.37,16.33,16.43,,,,,,5.937
2020-01-22 15-40-15,11,18,,16.37,16.33,16.43,15.75,15.01,15.01,,,17.187
2020-01-22 15-40-15,11,19,,16.37,16.33,16.43,15.75,15.01,15.01,14.74,57.16809272200001,17.187
2020-01-22 15-40-16,12,16,1195,,,,,,,,,5.937
2020-01-22 15-40-16,12,17,,16.83,14.81,14.15,,,,,,5.937
2020-01-22 15-40-16,12,18,,16.83,14.81,14.15,14.51,14.79,15.41,,,17.187
2020-01-22 15-40-16,12,19,,16.83,14.81,14.15,14.51,14.79,15.41,16.58,50.17892999200001,17.187
2020-01-22 15-40-16,13,16,1195,,,,,,,,,5.937
2020-01-22 15-40-16,13,17,,15.09,16.07,14.65,,,,,,5.937
2020-01-22 15-40-16,13,18,,15.09,16.07,14.65,14.89,14.81,14.51,,,17.187
2020-01-22 15-40-16,13,19,,15.09,16.07,14.65,14.89,14.81,14.51,14.29,53.47271232800001,17.187
2020-01-22 15-40-17,14,16,33,,,,,,,,,5.937
2020-01-22 15-40-17,14,17,,14.71,15.09,14.59,,,,,,5.937
2020-01-22 15-40-17,14,18,,14.71,15.09,14.59,14.91,16.11,15.11,,,17.187
2020-01-22 15-40-17,14,19,,14.71,15.09,14.59,14.91,16.11,15.11,13.44,59.4319718245,17.187
2020-01-22 15-40-17,15,16,1196,,,,,,,,,5.937
2020-01-22 15-40-17,15,17,,16.27,16.57,14.55,,,,,,5.937
2020-01-22 15-40-17,15,18,,16.27,16.57,14.55,14.89,14.41,14.15,,,17.187
2020-01-22 15-40-17,15,19,,16.27,16.57,14.55,14.89,14.41,14.15,15.24,50.497139602000004,17.187
2020-01-22 15-40-18,16,16,1196,,,,,,,,,5.937
2020-01-22 15-40-18,16,17,,12.97,14.39,13.41,,,,,,5.937
2020-01-22 15-40-18,16,18,,12.97,14.39,13.41,14.19,14.59,13.79,,,17.187
2020-01-22 15-40-18,16,19,,12.97,14.39,13.41,14.19,14.59,13.79,10.22,66.6947422205,17.187
2020-01-22 15-40-18,17,16,1191,,,,,,,,,5.937
2020-01-22 15-40-18,17,17,,16.43,16.11,16.85,,,,,,5.937
2020-01-22 15-40-18,17,18,,16.43,16.11,16.85,18.21,17.41,16.03,,,17.187
2020-01-22 15-40-18,17,19,,16.43,16.11,16.85,18.21,17.41,16.03,14.85,56.17034648200001,17.187
2020-01-22 15-40-19,19,16,1206,,,,,,,,,5.937
2020-01-22 15-40-19,19,17,,15.47,17.09,15.81,,,,,,5.937
2020-01-22 15-40-19,19,18,,15.47,17.09,15.81,16.29,15.55,16.99,,,17.187
2020-01-22 15-40-19,19,19,,15.47,17.09,15.81,16.29,15.55,16.99,15.22,76.6984721125,17.187
2020-01-22 15-40-20,20,16,23312,,,,,,,,,5.937
2020-01-22 15-40-20,20,17,,14.49,16.37,17.25,,,,,,5.937
2020-01-22 15-40-20,20,18,,14.49,16.37,17.25,17.21,16.65,15.35,,,17.187
2020-01-22 15-40-20,20,19,,14.49,16.37,17.25,17.21,16.65,15.35,13.56,58.84438,17.187
2020-01-22 15-40-20,21,16,1209,,,,,,,,,5.937
2020-01-22 15-40-21,21,17,,16.79,17.05,17.25,,,,,,5.937
2020-01-22 15-40-21,21,18,,16.79,17.05,17.25,17.67,15.45,16.23,,,17.187
2020-01-22 15-40-21,21,19,,16.79,17.05,17.25,17.67,15.45,16.23,14.86,55.95165392050001,17.187
2020-01-22 15-40-21,22,16,1179,,,,,,,,,5.937
2020-01-22 15-40-21,22,17,,13.81,14.71,13.35,,,,,,5.937
2020-01-22 15-40-21,22,18,,13.81,14.71,13.35,12.67,14.65,14.05,,,17.187
2020-01-22 15-40-21,22,19,,13.81,14.71,13.35,12.67,14.65,14.05,11.09,73.15914824200001,17.187
2020-01-22 15-40-21,23,16,1206,,,,,,,,,5.937
2020-01-22 15-40-22,23,17,,15.55,15.37,14.05,,,,,,5.937
2020-01-22 15-40-22,23,18,,15.55,15.37,14.05,14.99,14.81,14.11,,,17.187
2020-01-22 15-40-22,23,19,,15.55,15.37,14.05,14.99,14.81,14.11,13.32,60.572923712000005,17.187
2020-01-22 15-40-22,24,16,1075,,,,,,,,,5.937
2020-01-22 15-40-22,24,17,,13.65,14.09,14.25,,,,,,5.937
2020-01-22 15-40-22,24,18,,13.65,14.09,14.25,12.73,15.25,14.55,,,17.187
2020-01-22 15-40-22,24,19,,13.65,14.09,14.25,12.73,15.25,14.55,9.65,98.23319392450001,17.187
2020-01-22 15-40-23,25,16,1196,,,,,,,,,5.937
2020-01-22 15-40-23,25,17,,14.59,15.25,15.31,,,,,,5.937
2020-01-22 15-40-23,25,18,,14.59,15.25,15.31,14.11,15.15,14.99,,,17.187
2020-01-22 15-40-23,25,19,,14.59,15.25,15.31,14.11,15.15,14.99,10.84,83.5803845125,17.187
2020-01-22 15-41-14,10,16,21227,,,,,,,,,5.937
2020-01-22 15-41-14,10,17,,131.87,129.74,128.29,,,,,,5.937
2020-01-22 15-41-14,10,18,,131.87,129.74,128.29,42.06,40.95,40.96,,,17.0
2020-01-22 15-41-15,11,16,1215,,,,,,,,,5.937
2020-01-22 15-41-15,11,17,,16.33,15.93,16.07,,,,,,5.937
2020-01-22 15-41-15,11,18,,16.33,15.93,16.07,15.37,15.09,14.81,,,17.0
2020-01-22 15-41-15,11,19,,16.33,15.93,16.07,15.37,15.09,14.81,14.23,57.38591414050001,17.0
2020-01-22 15-41-15,12,16,1196,,,,,,,,,5.937
2020-01-22 15-41-15,12,17,,16.33,14.19,14.05,,,,,,5.937
2020-01-22 15-41-15,12,18,,16.33,14.19,14.05,14.55,14.39,14.89,,,17.0
2020-01-22 15-41-15,12,19,,16.33,14.19,14.05,14.55,14.39,14.89,16.2,47.55757473800001,17.0
2020-01-22 15-41-16,13,16,1196,,,,,,,,,5.937
2020-01-22 15-41-16,13,17,,14.65,15.75,14.95,,,,,,5.937
2020-01-22 15-41-16,13,18,,14.65,15.75,14.95,14.69,14.99,15.01,,,17.0
2020-01-22 15-41-16,13,19,,14.65,15.75,14.95,14.69,14.99,15.01,13.77,55.0753200845,17.0
2020-01-22 15-41-16,14,16,34,,,,,,,,,5.937
2020-01-22 15-41-16,14,17,,14.75,15.41,14.79,,,,,,5.937
2020-01-22 15-41-16,14,18,,14.75,15.41,14.79,14.71,15.91,13.89,,,17.0
2020-01-22 15-41-16,14,19,,14.75,15.41,14.79,14.71,15.91,13.89,13.0,61.249256578,17.0
2020-01-22 15-41-17,15,16,1197,,,,,,,,,5.937
2020-01-22 15-41-17,15,17,,15.91,16.03,14.01,,,,,,5.937
2020-01-22 15-41-17,15,18,,15.91,16.03,14.01,14.35,14.35,13.95,,,17.0
2020-01-22 15-41-17,15,19,,15.91,16.03,14.01,14.35,14.35,13.95,14.9,52.020103858000006,17.0
2020-01-22 15-41-17,16,16,1197,,,,,,,,,5.937
2020-01-22 15-41-17,16,17,,13.59,14.51,13.39,,,,,,5.937
2020-01-22 15-41-17,16,18,,13.59,14.51,13.39,14.11,13.91,13.17,,,17.0
2020-01-22 15-41-17,16,19,,13.59,14.51,13.39,14.11,13.91,13.17,10.26,67.987645,17.0
2020-01-22 15-41-18,17,16,1192,,,,,,,,,5.937
2020-01-22 15-41-18,17,17,,15.91,15.65,16.49,,,,,,5.937
2020-01-22 15-41-18,17,18,,15.91,15.65,16.49,17.25,17.17,15.75,,,17.0
2020-01-22 15-41-18,17,19,,15.91,15.65,16.49,17.25,17.17,15.75,14.5,58.286651458,17.0
2020-01-22 15-41-19,19,16,1207,,,,,,,,,5.937
2020-01-22 15-41-19,19,17,,16.07,16.43,15.25,,,,,,5.937
2020-01-22 15-41-19,19,18,,16.07,16.43,15.25,15.87,16.21,16.85,,,17.0
2020-01-22 15-41-19,19,19,,16.07,16.43,15.25,15.87,16.21,16.85,14.89,78.2629276045,17.0
2020-01-22 15-41-19,20,16,23313,,,,,,,,,5.937
2020-01-22 15-41-19,20,17,,15.11,15.71,17.01,,,,,,5.937
2020-01-22 15-41-19,20,18,,15.11,15.71,17.01,17.05,17.15,15.35,,,17.0
2020-01-22 15-41-19,20,19,,15.11,15.71,17.01,17.05,17.15,15.35,13.24,60.203363912,17.0
2020-01-22 15-41-20,21,16,1210,,,,,,,,,5.937
2020-01-22 15-41-20,21,17,,16.47,16.75,16.83,,,,,,5.937
2020-01-22 15-41-20,21,18,,16.47,16.75,16.83,17.21,15.45,16.65,,,17.0
2020-01-22 15-41-20,21,19,,16.47,16.75,16.83,17.21,15.45,16.65,14.56,57.16809272200001,17.0
2020-01-22 15-41-20,22,16,1180,,,,,,,,,5.937
2020-01-22 15-41-20,22,17,,13.59,13.85,12.91,,,,,,5.937
2020-01-22 15-41-20,22,18,,13.59,13.85,12.91,12.57,14.29,13.49,,,17.0
2020-01-22 15-41-20,22,19,,13.59,13.85,12.91,12.57,14.29,13.49,10.94,73.982320018,17.0
2020-01-22 15-41-21,23,16,1207,,,,,,,,,5.937
2020-01-22 15-41-21,23,17,,15.77,15.65,14.39,,,,,,5.937
2020-01-22 15-41-21,23,18,,15.77,15.65,14.39,15.65,13.81,14.09,,,17.0
2020-01-22 15-41-21,23,19,,15.77,15.65,14.39,15.65,13.81,14.09,13.07,60.97276162450001,17.0
2020-01-22 15-41-21,24,16,1076,,,,,,,,,5.937
2020-01-22 15-41-21,24,17,,13.49,13.69,14.25,,,,,,5.937
2020-01-22 15-41-21,24,18,,13.49,13.69,14.25,12.67,15.11,14.65,,,17.0
2020-01-22 15-41-21,24,19,,13.49,13.69,14.25,12.67,15.11,14.65,9.7,98.472354178,17.0
2020-01-22 15-41-22,25,16,1197,,,,,,,,,5.937
2020-01-22 15-41-22,25,17,,13.99,14.99,15.47,,,,,,5.937
2020-01-22 15-41-22,25,18,,13.99,14.99,15.47,14.65,15.09,15.21,,,17.0
2020-01-22 15-41-22,25,19,,13.99,14.99,15.47,14.65,15.09,15.21,10.84,82.58822,17.0
2020-01-22 15-42-14,10,16,21228,,,,,,,,,6.0
2020-01-22 15-42-14,10,17,,115.19,122.54,125.24,,,,,,6.0
2020-01-22 15-42-14,10,18,,115.19,122.54,125.24,42.18,40.95,40.96,,,16.75
2020-01-22 15-42-15,11,16,1216,,,,,,,,,6.0
2020-01-22 15-42-15,11,17,,15.87,15.45,15.01,,,,,,6.0
2020-01-22 15-42-15,11,18,,15.87,15.45,15.01,15.25,14.85,14.25,,,16.75
2020-01-22 15-42-15,11,19,,15.87,15.45,15.01,15.25,14.85,14.25,13.76,57.5724937645,16.75
2020-01-22 15-42-15,12,16,1197,,,,,,,,,6.0
2020-01-22 15-42-15,12,17,,15.77,14.25,13.17,,,,,,6.0
2020-01-22 15-42-15,12,18,,15.77,14.25,13.17,14.45,14.21,15.15,,,16.75
2020-01-22 15-42-15,12,19,,15.77,14.25,13.17,14.45,14.21,15.15,15.94,50.14709148050001,16.75
2020-01-22 15-42-16,13,16,1197,,,,,,,,,6.0
2020-01-22 15-42-16,13,17,,13.99,14.81,14.69,,,,,,6.0
2020-01-22 15-42-16,13,18,,13.99,14.81,14.69,14.91,13.61,13.65,,,16.75
2020-01-22 15-42-16,13,19,,13.99,14.81,14.69,14.91,13.61,13.65,13.21,56.076640244500005,16.75
2020-01-22 15-42-16,14,16,35,,,,,,,,,6.0
2020-01-22 15-42-16,14,17,,14.29,14.61,14.59,,,,,,6.0
2020-01-22 15-42-16,14,18,,14.29,14.61,14.59,14.49,15.41,13.71,,,16.75
2020-01-22 15-42-16,14,19,,14.29,14.61,14.59,14.49,15.41,13.71,12.97,59.86419710050001,16.75
2020-01-22 15-42-17,15,16,1198,,,,,,,,,6.0
2020-01-22 15-42-17,15,17,,15.75,15.91,13.99,,,,,,6.0
2020-01-22 15-42-17,15,18,,15.75,15.91,13.99,14.01,13.65,12.71,,,16.75
2020-01-22 15-42-17,15,19,,15.75,15.91,13.99,14.01,13.65,12.71,14.17,53.850543200000004,16.75
2020-01-22 15-42-17,16,16,1198,,,,,,,,,6.0
2020-01-22 15-42-17,16,17,,13.15,13.05,11.81,,,,,,6.0
2020-01-22 15-42-17,16,18,,13.15,13.05,11.81,13.11,13.15,12.09,,,16.75
2020-01-22 15-42-17,16,19,,13.15,13.05,11.81,13.11,13.15,12.09,10.28,68.107615072,16.75
2020-01-22 15-42-18,17,16,1193,,,,,,,,,6.0
2020-01-22 15-42-18,17,17,,14.71,13.75,15.47,,,,,,6.0
2020-01-22 15-42-18,17,18,,14.71,13.75,15.47,16.63,15.91,15.29,,,16.75
2020-01-22 15-42-18,17,19,,14.71,13.75,15.47,16.63,15.91,15.29,14.1,57.41701872200001,16.75
2020-01-22 15-42-19,19,16,1208,,,,,,,,,6.0
2020-01-22 15-42-19,19,17,,15.41,15.81,13.75,,,,,,6.0
2020-01-22 15-42-19,19,18,,15.41,15.81,13.75,14.59,15.55,16.33,,,16.75
2020-01-22 15-42-19,19,19,,15.41,15.81,13.75,14.59,15.55,16.33,14.38,79.70320090450001,16.75
2020-01-22 15-42-19,20,16,23314,,,,,,,,,6.0
2020-01-22 15-42-19,20,17,,13.49,14.25,16.21,,,,,,6.0
2020-01-22 15-42-19,20,18,,13.49,14.25,16.21,16.01,16.21,14.25,,,16.75
2020-01-22 15-42-19,20,19,,13.49,14.25,16.21,16.01,16.21,14.25,12.94,60.141725938000015,16.75
2020-01-22 15-42-20,21,16,1211,,,,,,,,,6.0
2020-01-22 15-42-20,21,17,,16.23,16.01,15.57,,,,,,6.0
2020-01-22 15-42-20,21,18,,16.23,16.01,15.57,16.13,14.49,15.11,,,16.75
2020-01-22 15-42-20,21,19,,16.23,16.01,15.57,16.13,14.49,15.11,14.35,56.95011494450001,16.75
2020-01-22 15-42-20,22,16,1181,,,,,,,,,6.0
2020-01-22 15-42-20,22,17,,12.63,13.07,12.23,,,,,,6.0
2020-01-22 15-42-20,22,18,,12.63,13.07,12.23,11.55,12.91,12.51,,,16.75
2020-01-22 15-42-20,22,19,,12.63,13.07,12.23,11.55,12.91,12.51,11.3,73.4828355125,16.75
2020-01-22 15-42-21,23,16,1208,,,,,,,,,6.0
2020-01-22 15-42-21,23,17,,14.59,14.71,12.87,,,,,,6.0
2020-01-22 15-42-21,23,18,,14.59,14.71,12.87,14.19,12.63,13.17,,,16.75
2020-01-22 15-42-21,23,19,,14.59,14.71,12.87,14.19,12.63,13.17,12.8,60.60369962050001,16.75
2020-01-22 15-42-21,24,16,1077,,,,,,,,,6.0
2020-01-22 15-42-21,24,17,,12.29,13.05,13.49,,,,,,6.0
2020-01-22 15-42-21,24,18,,12.29,13.05,13.49,12.51,14.41,13.91,,,16.75
2020-01-22 15-42-21,24,19,,12.29,13.05,13.49,12.51,14.41,13.91,9.54,98.2863629845,16.75
2020-01-22 15-42-22,25,16,1198,,,,,,,,,6.0
2020-01-22 15-42-22,25,17,,12.57,13.69,14.21,,,,,,6.0
2020-01-22 15-42-22,25,18,,12.57,13.69,14.21,12.67,13.71,14.05,,,16.75
2020-01-22 15-42-22,25,19,,12.57,13.69,14.21,12.67,13.71,14.05,10.36,75.504430322,16.75
2020-01-22 15-43-14,10,16,21229,,,,,,,,,6.125
2020-01-22 15-43-14,10,17,,77.48,116.83,122.0,,,,,,6.125
2020-01-22 15-43-14,10,18,,77.48,116.83,122.0,42.33,40.95,40.96,,,16.5
2020-01-22 15-43-15,11,16,1217,,,,,,,,,6.125
2020-01-22 15-43-15,11,17,,16.01,14.79,14.29,,,,,,6.125
2020-01-22 15-43-15,11,18,,16.01,14.79,14.29,14.45,14.55,14.11,,,16.5
2020-01-22 15-43-15,11,19,,16.01,14.79,14.29,14.45,14.55,14.11,13.48,58.2556362245,16.5
2020-01-22 15-43-15,12,16,1198,,,,,,,,,6.125
2020-01-22 15-43-15,12,17,,15.87,13.59,12.87,,,,,,6.125
2020-01-22 15-43-15,12,18,,15.87,13.59,12.87,14.01,13.81,14.79,,,16.5
2020-01-22 15-43-15,12,19,,15.87,13.59,12.87,14.01,13.81,14.79,15.64,49.79665724800001,16.5
2020-01-22 15-43-16,13,16,1198,,,,,,,,,6.125
2020-01-22 15-43-16,13,17,,13.07,14.51,14.31,,,,,,6.125
2020-01-22 15-43-16,13,18,,13.07,14.51,14.31,14.05,13.59,12.87,,,16.5
2020-01-22 15-43-16,13,19,,13.07,14.51,14.31,14.05,13.59,12.87,12.98,56.88780686050001,16.5
2020-01-22 15-43-16,14,16,36,,,,,,,,,6.125
2020-01-22 15-43-16,14,17,,13.51,14.15,14.11,,,,,,6.125
2020-01-22 15-43-16,14,18,,13.51,14.15,14.11,13.45,15.05,12.63,,,16.5
2020-01-22 15-43-16,14,19,,13.51,14.15,14.11,13.45,15.05,12.63,12.72,60.172546520500006,16.5
2020-01-22 15-43-17,15,16,1199,,,,,,,,,6.125
2020-01-22 15-43-17,15,17,,14.91,15.57,13.71,,,,,,6.125
2020-01-22 15-43-17,15,18,,14.91,15.57,13.71,13.07,13.15,12.19,,,16.5
2020-01-22 15-43-17,15,19,,14.91,15.57,13.71,13.07,13.15,12.19,13.46,54.6989826005,16.5
2020-01-22 15-43-17,16,16,1199,,,,,,,,,6.125
2020-01-22 15-43-17,16,17,,12.27,13.45,12.13,,,,,,6.125
2020-01-22 15-43-17,16,18,,12.27,13.45,12.13,12.23,12.71,11.33,,,16.5
2020-01-22 15-43-17,16,19,,12.27,13.45,12.13,12.23,12.71,11.33,10.02,68.3174398445,16.5
2020-01-22 15-43-18,17,16,1194,,,,,,,,,6.125
2020-01-22 15-43-18,17,17,,14.69,13.55,15.15,,,,,,6.125
2020-01-22 15-43-18,17,18,,14.69,13.55,15.15,15.45,15.67,14.89,,,16.5
2020-01-22 15-43-18,17,19,,14.69,13.55,15.15,15.45,15.67,14.89,13.66,58.44167976050001,16.5
2020-01-22 15-43-19,19,16,1209,,,,,,,,,6.125
2020-01-22 15-43-19,19,17,,15.25,15.67,12.39,,,,,,6.125
2020-01-22 15-43-19,19,18,,15.25,15.67,12.39,14.61,15.55,16.17,,,16.5
2020-01-22 15-43-19,19,19,,15.25,15.67,12.39,14.61,15.55,16.17,13.93,81.4209985645,16.5
2020-01-22 15-43-19,20,16,23315,,,,,,,,,6.125
2020-01-22 15-43-19,20,17,,13.69,13.85,15.57,,,,,,6.125
2020-01-22 15-43-19,20,18,,13.69,13.85,15.57,15.91,16.47,14.25,,,16.5
2020-01-22 15-43-19,20,19,,13.69,13.85,15.57,15.91,16.47,14.25,12.76,61.09568018050001,16.5
2020-01-22 15-43-20,21,16,1212,,,,,,,,,6.125
2020-01-22 15-43-20,21,17,,15.65,15.45,15.25,,,,,,6.125
2020-01-22 15-43-20,21,18,,15.65,15.45,15.25,15.37,14.59,15.09,,,16.5
2020-01-22 15-43-20,21,19,,15.65,15.45,15.25,15.37,14.59,15.09,13.95,56.88780686050001,16.5
2020-01-22 15-43-20,22,16,1182,,,,,,,,,6.125
2020-01-22 15-43-20,22,17,,12.53,12.57,11.75,,,,,,6.125
2020-01-22 15-43-20,22,18,,12.53,12.57,11.75,11.17,12.57,11.99,,,16.5
2020-01-22 15-43-20,22,19,,12.53,12.57,11.75,11.17,12.57,11.99,11.0,71.978848802,16.5
2020-01-22 15-43-21,23,16,1209,,,,,,,,,6.125
2020-01-22 15-43-21,23,17,,13.99,14.69,13.07,,,,,,6.125
2020-01-22 15-43-21,23,18,,13.99,14.69,13.07,14.99,12.05,12.71,,,16.5
2020-01-22 15-43-21,23,19,,13.99,14.69,13.07,14.99,12.05,12.71,12.72,61.00349605,16.5
2020-01-22 15-43-21,24,16,1078,,,,,,,,,6.125
2020-01-22 15-43-21,24,17,,11.65,12.53,13.01,,,,,,6.125
2020-01-22 15-43-21,24,18,,11.65,12.53,13.01,12.05,14.11,13.27,,,16.5
2020-01-22 15-43-21,24,19,,11.65,12.53,13.01,12.05,14.11,13.27,9.36,98.0203900445,16.5
2020-01-22 15-43-22,25,16,1199,,,,,,,,,6.125
2020-01-22 15-43-22,25,17,,11.89,12.91,13.65,,,,,,6.125
2020-01-22 15-43-22,25,18,,11.89,12.91,13.65,11.95,12.43,13.27,,,16.5
2020-01-22 15-43-22,25,19,,11.89,12.91,13.65,11.95,12.43,13.27,9.98,74.77372348450001,16.5
2020-01-22 15-44-14,10,16,21230,,,,,,,,,6.187
2020-01-22 15-44-14,10,17,,123.26,126.98,127.08,,,,,,6.187
2020-01-22 15-44-14,10,18,,123.26,126.98,127.08,42.4,40.95,40.96,,,16.25
2020-01-22 15-44-15,11,16,1218,,,,,,,,,6.187
2020-01-22 15-44-15,11,17,,16.27,14.95,14.11,,,,,,6.187
2020-01-22 15-44-15,11,18,,16.27,14.95,14.11,14.35,14.45,14.29,,,16.25
2020-01-22 15-44-15,11,19,,16.27,14.95,14.11,14.35,14.45,14.29,13.06,58.34867235200001,16.25
2020-01-22 15-44-15,12,16,1199,,,,,,,,,6.187
2020-01-22 15-44-15,12,17,,15.81,13.89,12.91,,,,,,6.187
2020-01-22 15-44-15,12,18,,15.81,13.89,12.91,14.05,13.79,14.81,,,16.25
2020-01-22 15-44-15,12,19,,15.81,13.89,12.91,14.05,13.79,14.81,15.42,52.27321645000001,16.25
2020-01-22 15-44-16,13,16,1199,,,,,,,,,6.187
2020-01-22 15-44-16,13,17,,13.39,14.49,15.01,,,,,,6.187
2020-01-22 15-44-16,13,18,,13.39,14.49,15.01,14.45,13.39,13.55,,,16.25
2020-01-22 15-44-16,13,19,,13.39,14.49,15.01,14.45,13.39,13.55,12.76,58.503668744500004,16.25
2020-01-22 15-44-16,14,16,37,,,,,,,,,6.187
2020-01-22 15-44-16,14,17,,13.11,14.05,14.41,,,,,,6.187
2020-01-22 15-44-16,14,18,,13.11,14.05,14.41,13.65,15.01,13.05,,,16.25
2020-01-22 15-44-16,14,19,,13.11,14.05,14.41,13.65,15.01,13.05,12.69,60.172546520500006,16.25
2020-01-22 15-44-17,15,16,1200,,,,,,,,,6.187
2020-01-22 15-44-17,15,17,,14.79,15.15,13.85,,,,,,6.187
2020-01-22 15-44-17,15,18,,14.79,15.15,13.85,13.49,13.51,12.23,,,16.25
2020-01-22 15-44-17,15,19,,14.79,15.15,13.85,13.49,13.51,12.23,13.08,56.42008937800001,16.25
2020-01-22 15-44-17,16,16,1200,,,,,,,,,6.187
2020-01-22 15-44-18,16,17,,12.09,13.51,11.85,,,,,,6.187
2020-01-22 15-44-18,16,18,,12.09,13.51,11.85,12.73,12.73,11.67,,,16.25
2020-01-22 15-44-18,16,19,,12.09,13.51,11.85,12.73,12.73,11.67,10.03,69.0954200605,16.25
2020-01-22 15-44-18,17,16,1195,,,,,,,,,6.187
2020-01-22 15-44-18,17,17,,14.75,13.79,15.19,,,,,,6.187
2020-01-22 15-44-18,17,18,,14.75,13.79,15.19,16.11,15.91,14.51,,,16.25
2020-01-22 15-44-18,17,19,,14.75,13.79,15.19,16.11,15.91,14.51,13.51,59.091927487999996,16.25
2020-01-22 15-44-19,19,16,1210,,,,,,,,,6.187
2020-01-22 15-44-19,19,17,,15.65,15.57,12.97,,,,,,6.187
2020-01-22 15-44-19,19,18,,15.65,15.57,12.97,14.19,15.57,15.97,,,16.25
2020-01-22 15-44-19,19,19,,15.65,15.57,12.97,14.19,15.57,15.97,13.62,81.99104498450001,16.25
2020-01-22 15-44-20,20,16,23316,,,,,,,,,6.187
2020-01-22 15-44-20,20,17,,13.15,13.45,15.77,,,,,,6.187
2020-01-22 15-44-20,20,18,,13.15,13.45,15.77,16.11,16.23,14.39,,,16.25
2020-01-22 15-44-20,20,19,,13.15,13.45,15.77,16.11,16.23,14.39,12.86,60.94202400800001,16.25
2020-01-22 15-44-20,21,16,1213,,,,,,,,,6.187
2020-01-22 15-44-20,21,17,,16.03,15.51,15.51,,,,,,6.187
2020-01-22 15-44-20,21,18,,16.03,15.51,15.51,15.57,13.75,15.67,,,16.25
2020-01-22 15-44-20,21,19,,16.03,15.51,15.51,15.57,13.75,15.67,13.8,57.41701872200001,16.25
2020-01-22 15-44-21,22,16,1183,,,,,,,,,6.187
2020-01-22 15-44-21,22,17,,12.57,12.63,11.27,,,,,,6.187
2020-01-22 15-44-21,22,18,,12.57,12.63,11.27,11.21,12.43,11.81,,,16.25
2020-01-22 15-44-21,22,19,,12.57,12.63,11.27,11.21,12.43,11.81,11.06,71.6533713805,16.25
2020-01-22 15-44-21,23,16,1210,,,,,,,,,6.187
2020-01-22 15-44-21,23,17,,14.29,14.41,12.77,,,,,,6.187
2020-01-22 15-44-21,23,18,,14.29,14.41,12.77,14.49,12.37,13.07,,,16.25
2020-01-22 15-44-21,23,19,,14.29,14.41,12.77,14.49,12.37,13.07,12.62,60.665241864500004,16.25
2020-01-22 15-44-22,24,16,1079,,,,,,,,,6.187
2020-01-22 15-44-22,24,17,,11.71,12.87,13.07,,,,,,6.187
2020-01-22 15-44-22,24,18,,11.71,12.87,13.07,12.19,14.15,13.15,,,16.25
2020-01-22 15-44-22,24,19,,11.71,12.87,13.07,12.19,14.15,13.15,9.4,97.91391152050001,16.25
2020-01-22 15-44-22,25,16,1200,,,,,,,,,6.187
2020-01-22 15-44-22,25,17,,12.47,13.27,13.27,,,,,,6.187
2020-01-22 15-44-22,25,18,,12.47,13.27,13.27,12.33,13.07,13.85,,,16.25
2020-01-22 15-44-22,25,19,,12.47,13.27,13.27,12.33,13.07,13.85,9.96,76.08755984200002,16.25
2020-01-22 15-45-15,10,16,21231,,,,,,,,,6.312
2020-01-22 15-45-15,10,17,,131.29,129.45,128.34,,,,,,6.312
2020-01-22 15-45-15,10,18,,131.29,129.45,128.34,42.54,40.95,40.96,,,15.937
2020-01-22 15-45-15,11,16,1219,,,,,,,,,6.312
2020-01-22 15-45-15,11,17,,16.17,14.55,14.21,,,,,,6.312
2020-01-22 15-45-15,11,18,,16.17,14.55,14.21,14.15,14.19,14.29,,,15.937
2020-01-22 15-45-15,11,19,,16.17,14.55,14.21,14.15,14.19,14.29,13.12,58.3796780125,15.937
2020-01-22 15-45-16,12,16,1200,,,,,,,,,6.312
2020-01-22 15-45-16,12,17,,15.81,13.81,12.77,,,,,,6.312
2020-01-22 15-45-16,12,18,,15.81,13.81,12.77,14.11,13.61,14.95,,,15.937
2020-01-22 15-45-16,12,19,,15.81,13.81,12.77,14.11,13.61,14.95,15.82,51.44985383200001,15.937
2020-01-22 15-45-16,13,16,1200,,,,,,,,,6.312
2020-01-22 15-45-16,13,17,,13.07,14.09,14.45,,,,,,6.312
2020-01-22 15-45-16,13,18,,13.07,14.09,14.45,14.31,13.51,13.71,,,15.937
2020-01-22 15-45-16,13,19,,13.07,14.09,14.45,14.31,13.51,13.71,13.04,56.731980808,15.937
2020-01-22 15-45-17,14,16,38,,,,,,,,,6.312
2020-01-22 15-45-17,14,17,,13.31,14.41,14.11,,,,,,6.312
2020-01-22 15-45-17,14,18,,13.31,14.41,14.11,13.75,14.99,12.67,,,15.937
2020-01-22 15-45-17,14,19,,13.31,14.41,14.11,13.75,14.99,12.67,12.84,59.70990272800001,15.937
2020-01-22 15-45-17,15,16,1201,,,,,,,,,6.312
2020-01-22 15-45-17,15,17,,14.85,15.41,13.75,,,,,,6.312
2020-01-22 15-45-17,15,18,,14.85,15.41,13.75,13.55,13.25,12.17,,,15.937
2020-01-22 15-45-17,15,19,,14.85,15.41,13.75,13.55,13.25,12.17,13.05,56.42008937800001,15.937
2020-01-22 15-45-18,16,16,1201,,,,,,,,,6.312
2020-01-22 15-45-18,16,17,,13.11,13.17,12.03,,,,,,6.312
2020-01-22 15-45-18,16,18,,13.11,13.17,12.03,12.53,13.27,11.93,,,15.937
2020-01-22 15-45-18,16,19,,13.11,13.17,12.03,12.53,13.27,11.93,10.58,67.11633508450001,15.937
2020-01-22 15-45-18,17,16,1196,,,,,,,,,6.312
2020-01-22 15-45-18,17,17,,14.95,13.35,14.21,,,,,,6.312
2020-01-22 15-45-18,17,18,,14.95,13.35,14.21,15.77,15.81,14.19,,,15.937
2020-01-22 15-45-18,17,19,,14.95,13.35,14.21,15.77,15.81,14.19,13.66,58.90628601800001,15.937
2020-01-22 15-45-19,19,16,1211,,,,,,,,,6.312
2020-01-22 15-45-19,19,17,,15.15,15.55,12.51,,,,,,6.312
2020-01-22 15-45-19,19,18,,15.15,15.55,12.51,14.15,16.11,15.97,,,15.937
2020-01-22 15-45-19,19,19,,15.15,15.55,12.51,14.15,16.11,15.97,13.65,81.8201650805,15.937
2020-01-22 15-45-20,20,16,23317,,,,,,,,,6.312
2020-01-22 15-45-20,20,17,,13.65,13.61,15.47,,,,,,6.312
2020-01-22 15-45-20,20,18,,13.65,13.61,15.47,16.23,16.73,13.85,,,15.937
2020-01-22 15-45-20,20,19,,13.65,13.61,15.47,16.23,16.73,13.85,13.02,59.80248892450001,15.937
2020-01-22 15-45-20,21,16,1214,,,,,,,,,6.312
2020-01-22 15-45-20,21,17,,15.57,15.37,15.21,,,,,,6.312
2020-01-22 15-45-20,21,18,,15.57,15.37,15.21,15.01,15.01,15.91,,,15.937
2020-01-22 15-45-20,21,19,,15.57,15.37,15.21,15.01,15.01,15.91,13.84,56.82548601250001,15.937
2020-01-22 15-45-21,22,16,1184,,,,,,,,,6.312
2020-01-22 15-45-21,22,17,,12.43,12.97,12.05,,,,,,6.312
2020-01-22 15-45-21,22,18,,12.43,12.97,12.05,11.21,12.61,12.13,,,15.937
2020-01-22 15-45-21,22,19,,12.43,12.97,12.05,11.21,12.61,12.13,11.03,73.18859031250001,15.937
2020-01-22 15-45-21,23,16,1211,,,,,,,,,6.312
2020-01-22 15-45-21,23,17,,14.61,15.01,13.59,,,,,,6.312
2020-01-22 15-45-21,23,18,,14.61,15.01,13.59,15.29,12.43,13.25,,,15.937
2020-01-22 15-45-21,23,19,,14.61,15.01,13.59,15.29,12.43,13.25,12.8,60.3574030045,15.937
2020-01-22 15-45-22,24,16,1080,,,,,,,,,6.312
2020-01-22 15-45-22,24,17,,12.29,12.97,12.87,,,,,,6.312
2020-01-22 15-45-22,24,18,,12.29,12.97,12.87,12.09,14.39,13.55,,,15.937
2020-01-22 15-45-22,24,19,,12.29,12.97,12.87,12.09,14.39,13.55,9.55,97.54083462050001,15.937
2020-01-22 15-45-22,25,16,1201,,,,,,,,,6.312
2020-01-22 15-45-22,25,17,,12.27,12.95,13.31,,,,,,6.312
2020-01-22 15-45-22,25,18,,12.27,12.95,13.31,11.45,13.21,13.65,,,15.937
2020-01-22 15-45-22,25,19,,12.27,12.95,13.31,11.45,13.21,13.65,9.78,77.2209911605,15.937
2020-01-22 15-46-14,10,16,21232,,,,,,,,,6.437
2020-01-22 15-46-14,10,17,,65.16,112.24,120.12,,,,,,6.437
2020-01-22 15-46-14,10,18,,65.16,112.24,120.12,42.64,40.95,40.96,,,15.687
2020-01-22 15-46-14,11,16,1220,,,,,,,,,6.437
2020-01-22 15-46-14,11,17,,17.47,14.89,14.29,,,,,,6.437
2020-01-22 15-46-14,11,18,,17.47,14.89,14.29,14.19,14.69,14.41,,,15.687
2020-01-22 15-46-14,11,19,,17.47,14.89,14.29,14.19,14.69,14.41,13.5,58.47267584800001,15.687
2020-01-22 15-46-15,12,16,1201,,,,,,,,,6.437
2020-01-22 15-46-15,12,17,,15.91,13.79,13.35,,,,,,6.437
2020-01-22 15-46-15,12,18,,15.91,13.79,13.35,14.75,13.55,15.65,,,15.687
2020-01-22 15-46-15,12,19,,15.91,13.79,13.35,14.75,13.55,15.65,16.38,50.17892999200001,15.687
2020-01-22 15-46-15,13,16,1201,,,,,,,,,6.437
2020-01-22 15-46-15,13,17,,12.87,14.81,15.25,,,,,,6.437
2020-01-22 15-46-15,13,18,,12.87,14.81,15.25,14.75,13.91,14.11,,,15.687
2020-01-22 15-46-15,13,19,,12.87,14.81,15.25,14.75,13.91,14.11,13.5,56.5136903125,15.687
2020-01-22 15-46-16,14,16,39,,,,,,,,,6.437
2020-01-22 15-46-16,14,17,,13.07,14.09,14.11,,,,,,6.437
2020-01-22 15-46-16,14,18,,13.07,14.09,14.11,13.71,14.35,12.87,,,15.687
2020-01-22 15-46-16,14,19,,13.07,14.09,14.11,13.71,14.35,12.87,13.14,58.90628601800001,15.687
2020-01-22 15-46-16,15,16,1202,,,,,,,,,6.437
2020-01-22 15-46-16,15,17,,14.89,15.11,14.01,,,,,,6.437
2020-01-22 15-46-16,15,18,,14.89,15.11,14.01,12.95,13.45,12.73,,,15.687
2020-01-22 15-46-16,15,19,,14.89,15.11,14.01,12.95,13.45,12.73,13.39,56.35767280000001,15.687
2020-01-22 15-46-17,16,16,1202,,,,,,,,,6.437
2020-01-22 15-46-17,16,17,,12.77,13.81,12.09,,,,,,6.437
2020-01-22 15-46-17,16,18,,12.77,13.81,12.09,13.17,13.45,12.19,,,15.687
2020-01-22 15-46-17,16,19,,12.77,13.81,12.09,13.17,13.45,12.19,11.03,64.69880876450001,15.687
2020-01-22 15-46-17,17,16,1197,,,,,,,,,6.437
2020-01-22 15-46-17,17,17,,15.45,12.87,15.05,,,,,,6.437
2020-01-22 15-46-17,17,18,,15.45,12.87,15.05,16.13,16.33,14.45,,,15.687
2020-01-22 15-46-17,17,19,,15.45,12.87,15.05,16.13,16.33,14.45,14.13,58.131543380500005,15.687
2020-01-22 15-46-18,19,16,1212,,,,,,,,,6.437
2020-01-22 15-46-18,19,17,,16.21,15.75,12.43,,,,,,6.437
2020-01-22 15-46-18,19,18,,16.21,15.75,12.43,14.65,16.99,16.39,,,15.687
2020-01-22 15-46-18,19,19,,16.21,15.75,12.43,14.65,16.99,16.39,14.26,80.0476794445,15.687
2020-01-22 15-46-19,20,16,23318,,,,,,,,,6.437
2020-01-22 15-46-19,20,17,,13.81,14.25,15.61,,,,,,6.437
2020-01-22 15-46-19,20,18,,13.81,14.25,15.61,16.75,17.31,14.11,,,15.687
2020-01-22 15-46-19,20,19,,13.81,14.25,15.61,16.75,17.31,14.11,13.35,59.895046402,15.687
2020-01-22 15-46-19,21,16,1215,,,,,,,,,6.437
2020-01-22 15-46-19,21,17,,16.29,15.71,15.91,,,,,,6.437
2020-01-22 15-46-19,21,18,,16.29,15.71,15.91,15.51,15.91,16.63,,,15.687
2020-01-22 15-46-19,21,19,,16.29,15.71,15.91,15.51,15.91,16.63,14.48,56.731980808,15.687
2020-01-22 15-46-20,22,16,1185,,,,,,,,,6.437
2020-01-22 15-46-20,22,17,,13.01,12.77,12.29,,,,,,6.437
2020-01-22 15-46-20,22,18,,13.01,12.77,12.29,10.95,12.81,12.17,,,15.687
2020-01-22 15-46-20,22,19,,13.01,12.77,12.29,10.95,12.81,12.17,10.83,71.682976192,15.687
2020-01-22 15-46-20,23,16,1212,,,,,,,,,6.437
2020-01-22 15-46-20,23,17,,14.29,15.31,13.81,,,,,,6.437
2020-01-22 15-46-20,23,18,,14.29,15.31,13.81,15.37,12.17,13.79,,,15.687
2020-01-22 15-46-20,23,19,,14.29,15.31,13.81,15.37,12.17,13.79,13.34,58.84438,15.687
2020-01-22 15-46-21,24,16,1081,,,,,,,,,6.437
2020-01-22 15-46-21,24,17,,12.43,13.71,13.55,,,,,,6.437
2020-01-22 15-46-21,24,18,,12.43,13.71,13.55,12.19,15.09,13.99,,,15.687
2020-01-22 15-46-21,24,19,,12.43,13.71,13.55,12.19,15.09,13.99,10.1,96.84631820050001,15.687
2020-01-22 15-46-21,25,16,1202,,,,,,,,,6.437
2020-01-22 15-46-21,25,17,,13.11,13.21,13.61,,,,,,6.437
2020-01-22 15-46-21,25,18,,13.11,13.21,13.61,12.47,13.51,14.39,,,15.687
2020-01-22 15-46-21,25,19,,13.11,13.21,13.61,12.47,13.51,14.39,9.64,76.02930432800001,15.687
2020-01-22 15-47-14,10,16,21233,,,,,,,,,6.562
2020-01-22 15-47-14,10,17,,115.04,122.87,125.73,,,,,,6.562
2020-01-22 15-47-14,10,18,,115.04,122.87,125.73,42.73,40.95,40.96,,,15.437
2020-01-22 15-47-14,11,16,1221,,,,,,,,,6.562
2020-01-22 15-47-15,11,17,,19.07,14.89,14.59,,,,,,6.562
2020-01-22 15-47-15,11,18,,19.07,14.89,14.59,14.25,15.65,14.91,,,15.437
2020-01-22 15-47-15,11,19,,19.07,14.89,14.59,14.25,15.65,14.91,14.35,56.88780686050001,15.437
2020-01-22 15-47-15,12,16,1202,,,,,,,,,6.562
2020-01-22 15-47-15,12,17,,16.29,14.05,14.31,,,,,,6.562
2020-01-22 15-47-15,12,18,,16.29,14.05,14.31,16.27,13.81,16.29,,,15.437
2020-01-22 15-47-15,12,19,,16.29,14.05,14.31,16.27,13.81,16.29,17.64,47.621765512,15.437
2020-01-22 15-47-16,13,16,1202,,,,,,,,,6.562
2020-01-22 15-47-16,13,17,,13.69,15.05,15.97,,,,,,6.562
2020-01-22 15-47-16,13,18,,13.69,15.05,15.97,14.65,15.55,15.77,,,15.437
2020-01-22 15-47-16,13,19,,13.69,15.05,15.97,14.65,15.55,15.77,14.46,53.850543200000004,15.437
2020-01-22 15-47-16,14,16,40,,,,,,,,,6.562
2020-01-22 15-47-16,14,17,,14.39,14.59,15.35,,,,,,6.562
2020-01-22 15-47-16,14,18,,14.39,14.59,15.35,15.21,14.89,14.01,,,15.437
2020-01-22 15-47-16,14,19,,14.39,14.59,15.35,15.21,14.89,14.01,13.99,57.479218312,15.437
2020-01-22 15-47-17,15,16,1203,,,,,,,,,6.562
2020-01-22 15-47-17,15,17,,15.75,15.47,14.09,,,,,,6.562
2020-01-22 15-47-17,15,18,,15.75,15.47,14.09,13.45,13.99,13.85,,,15.437
2020-01-22 15-47-17,15,19,,15.75,15.47,14.09,13.45,13.99,13.85,14.31,53.94492912050001,15.437
2020-01-22 15-47-17,16,16,1203,,,,,,,,,6.562
2020-01-22 15-47-17,16,17,,13.61,14.05,12.27,,,,,,6.562
2020-01-22 15-47-17,16,18,,13.61,14.05,12.27,14.05,14.59,13.01,,,15.437
2020-01-22 15-47-17,16,19,,13.61,14.05,12.27,14.05,14.59,13.01,11.95,59.80248892450001,15.437
2020-01-22 15-47-18,17,16,1198,,,,,,,,,6.562
2020-01-22 15-47-18,17,17,,16.17,14.19,15.05,,,,,,6.562
2020-01-22 15-47-18,17,18,,16.17,14.19,15.05,17.47,17.51,15.35,,,15.437
2020-01-22 15-47-18,17,19,,16.17,14.19,15.05,17.47,17.51,15.35,15.01,55.920399362000005,15.437
2020-01-22 15-47-19,19,16,1213,,,,,,,,,6.562
2020-01-22 15-47-19,19,17,,16.49,16.69,12.53,,,,,,6.562
2020-01-22 15-47-19,19,18,,16.49,16.69,12.53,15.01,18.05,17.31,,,15.437
2020-01-22 15-47-19,19,19,,16.49,16.69,12.53,15.01,18.05,17.31,15.44,75.59198112050001,15.437
2020-01-22 15-47-19,20,16,23319,,,,,,,,,6.562
2020-01-22 15-47-19,20,17,,14.19,14.31,15.91,,,,,,6.562
2020-01-22 15-47-19,20,18,,14.19,14.31,15.91,17.79,18.33,14.39,,,15.437
2020-01-22 15-47-19,20,19,,14.19,14.31,15.91,17.79,18.33,14.39,14.18,57.727889032000014,15.437
2020-01-22 15-47-20,21,16,1216,,,,,,,,,6.562
2020-01-22 15-47-20,21,17,,16.99,17.25,17.83,,,,,,6.562
2020-01-22 15-47-20,21,18,,16.99,17.25,17.83,16.53,16.99,17.73,,,15.437
2020-01-22 15-47-20,21,19,,16.99,17.25,17.83,16.53,16.99,17.73,15.52,55.20066380050001,15.437
2020-01-22 15-47-20,22,16,1186,,,,,,,,,6.562
2020-01-22 15-47-20,22,17,,13.45,13.35,13.15,,,,,,6.562
2020-01-22 15-47-20,22,18,,13.45,13.35,13.15,11.33,13.01,12.91,,,15.437
2020-01-22 15-47-20,22,19,,13.45,13.35,13.15,11.33,13.01,12.91,10.92,72.45158125,15.437
2020-01-22 15-47-21,23,16,1213,,,,,,,,,6.562
2020-01-22 15-47-21,23,17,,15.25,15.47,15.05,,,,,,6.562
2020-01-22 15-47-21,23,18,,15.25,15.47,15.05,16.65,13.05,14.69,,,15.437
2020-01-22 15-47-21,23,19,,15.25,15.47,15.05,16.65,13.05,14.69,14.31,57.04355313800001,15.437
2020-01-22 15-47-21,24,16,1082,,,,,,,,,6.562
2020-01-22 15-47-21,24,17,,13.65,14.81,14.25,,,,,,6.562
2020-01-22 15-47-21,24,18,,13.65,14.81,14.25,12.97,16.23,14.95,,,15.437
2020-01-22 15-47-21,24,19,,13.65,14.81,14.25,12.97,16.23,14.95,10.58,96.12280645,15.437
2020-01-22 15-47-22,25,16,1203,,,,,,,,,6.562
2020-01-22 15-47-22,25,17,,13.75,13.51,13.99,,,,,,6.562
2020-01-22 15-47-22,25,18,,13.75,13.51,13.99,13.79,13.65,15.41,,,15.437
2020-01-22 15-47-22,25,19,,13.75,13.51,13.99,13.79,13.65,15.41,9.56,77.91607496050001,15.437
2020-01-22 15-48-14,10,16,21234,,,,,,,,,6.625
2020-01-22 15-48-14,10,17,,129.16,128.82,127.81,,,,,,6.625
2020-01-22 15-48-14,10,18,,129.16,128.82,127.81,42.93,40.95,40.96,,,15.375
2020-01-22 15-48-15,11,16,1222,,,,,,,,,6.625
2020-01-22 15-48-15,11,17,,18.05,14.25,13.99,,,,,,6.625
2020-01-22 15-48-15,11,18,,18.05,14.25,13.99,14.01,14.79,14.51,,,15.375
2020-01-22 15-48-15,11,19,,18.05,14.25,13.99,14.01,14.79,14.51,14.48,55.95165392050001,15.375
2020-01-22 15-48-15,12,16,1203,,,,,,,,,6.625
2020-01-22 15-48-15,12,17,,15.75,13.75,13.31,,,,,,6.625
2020-01-22 15-48-15,12,18,,15.75,13.75,13.31,14.99,13.49,16.23,,,15.375
2020-01-22 15-48-15,12,19,,15.75,13.75,13.31,14.99,13.49,16.23,18.06,45.270532784500006,15.375
2020-01-22 15-48-16,13,16,1203,,,,,,,,,6.625
2020-01-22 15-48-16,13,17,,13.21,14.31,15.31,,,,,,6.625
2020-01-22 15-48-16,13,18,,13.21,14.31,15.31,14.45,14.49,14.15,,,15.375
2020-01-22 15-48-16,13,19,,13.21,14.31,15.31,14.45,14.49,14.15,14.68,53.787603298,15.375
2020-01-22 15-48-16,14,16,41,,,,,,,,,6.625
2020-01-22 15-48-16,14,17,,13.59,14.51,14.11,,,,,,6.625
2020-01-22 15-48-16,14,18,,13.59,14.51,14.11,13.51,14.51,13.21,,,15.375
2020-01-22 15-48-16,14,19,,13.59,14.51,14.11,13.51,14.51,13.21,13.9,56.5760749805,15.375
2020-01-22 15-48-17,15,16,1204,,,,,,,,,6.625
2020-01-22 15-48-17,15,17,,15.05,15.35,14.15,,,,,,6.625
2020-01-22 15-48-17,15,18,,15.05,15.35,14.15,12.81,13.21,12.47,,,15.375
2020-01-22 15-48-17,15,19,,15.05,15.35,14.15,12.81,13.21,12.47,14.58,53.252098784500006,15.375
2020-01-22 15-48-17,16,16,1204,,,,,,,,,6.625
2020-01-22 15-48-17,16,17,,12.37,13.79,11.57,,,,,,6.625
2020-01-22 15-48-17,16,18,,12.37,13.79,11.57,12.87,13.15,11.99,,,15.375
2020-01-22 15-48-17,16,19,,12.37,13.79,11.57,12.87,13.15,11.99,11.44,61.21854768050001,15.375
2020-01-22 15-48-18,17,16,1199,,,,,,,,,6.625
2020-01-22 15-48-18,17,17,,15.45,13.71,15.29,,,,,,6.625
2020-01-22 15-48-18,17,18,,15.45,13.71,15.29,16.23,16.49,14.71,,,15.375
2020-01-22 15-48-18,17,19,,15.45,13.71,15.29,16.23,16.49,14.71,15.15,55.5137997205,15.375
2020-01-22 15-48-19,19,16,1214,,,,,,,,,6.625
2020-01-22 15-48-19,19,17,,15.77,15.93,12.81,,,,,,6.625
2020-01-22 15-48-19,19,18,,15.77,15.93,12.81,13.99,16.79,16.99,,,15.375
2020-01-22 15-48-19,19,19,,15.77,15.93,12.81,13.99,16.79,16.99,15.43,71.17926042050001,15.375
2020-01-22 15-48-19,20,16,23320,,,,,,,,,6.625
2020-01-22 15-48-19,20,17,,13.27,14.11,15.81,,,,,,6.625
2020-01-22 15-48-19,20,18,,13.27,14.11,15.81,16.37,17.31,13.27,,,15.375
2020-01-22 15-48-19,20,19,,13.27,14.11,15.81,16.37,17.31,13.27,13.96,57.354806368,15.375
2020-01-22 15-48-20,21,16,1217,,,,,,,,,6.625
2020-01-22 15-48-20,21,17,,16.49,16.33,16.89,,,,,,6.625
2020-01-22 15-48-20,21,18,,16.49,16.33,16.89,16.11,16.03,16.59,,,15.375
2020-01-22 15-48-20,21,19,,16.49,16.33,16.89,16.11,16.03,16.59,15.41,53.97638471200001,15.375
2020-01-22 15-48-20,22,16,1187,,,,,,,,,6.625
2020-01-22 15-48-20,22,17,,12.57,12.57,11.95,,,,,,6.625
2020-01-22 15-48-20,22,18,,12.57,12.57,11.95,10.95,12.73,12.13,,,15.375
2020-01-22 15-48-20,22,19,,12.57,12.57,11.95,10.95,12.73,12.13,10.78,72.274402312,15.375
2020-01-22 15-48-21,23,16,1214,,,,,,,,,6.625
2020-01-22 15-48-21,23,17,,14.29,14.25,13.11,,,,,,6.625
2020-01-22 15-48-21,23,18,,14.29,14.25,13.11,15.67,11.93,14.05,,,15.375
2020-01-22 15-48-21,23,19,,14.29,14.25,13.11,15.67,11.93,14.05,14.45,54.91856864200001,15.375
2020-01-22 15-48-21,24,16,1083,,,,,,,,,6.625
2020-01-22 15-48-21,24,17,,12.43,13.27,13.89,,,,,,6.625
2020-01-22 15-48-21,24,18,,12.43,13.27,13.89,12.37,15.31,14.35,,,15.375
2020-01-22 15-48-21,24,19,,12.43,13.27,13.89,12.37,15.31,14.35,10.61,95.82737548450001,15.375
2020-01-22 15-48-22,25,16,1204,,,,,,,,,6.625
2020-01-22 15-48-22,25,17,,12.73,12.77,13.59,,,,,,6.625
2020-01-22 15-48-22,25,18,,12.73,12.77,13.59,12.19,12.67,14.11,,,15.375
2020-01-22 15-48-22,25,19,,12.73,12.77,13.59,12.19,12.67,14.11,9.49,76.95986087200001,15.375
2020-01-22 15-49-14,10,16,21235,,,,,,,,,6.562
2020-01-22 15-49-14,10,17,,59.6,109.92,119.15,,,,,,6.562
2020-01-22 15-49-14,10,18,,59.6,109.92,119.15,42.67,40.95,40.96,,,15.312
2020-01-22 15-49-15,11,16,1223,,,,,,,,,6.562
2020-01-22 15-49-15,11,17,,19.25,14.89,14.85,,,,,,6.562
2020-01-22 15-49-15,11,18,,19.25,14.89,14.85,13.91,15.61,14.85,,,15.312
2020-01-22 15-49-15,11,19,,19.25,14.89,14.85,13.91,15.61,14.85,15.02,55.67024801800001,15.312
2020-01-22 15-49-15,12,16,1204,,,,,,,,,6.562
2020-01-22 15-49-15,12,17,,16.79,14.21,14.71,,,,,,6.562
2020-01-22 15-49-15,12,18,,16.79,14.21,14.71,16.23,13.65,16.95,,,15.312
2020-01-22 15-49-15,12,19,,16.79,14.21,14.71,16.23,13.65,16.95,18.74,44.785296712000005,15.312
2020-01-22 15-49-16,13,16,1204,,,,,,,,,6.562
2020-01-22 15-49-16,13,17,,13.51,14.79,16.27,,,,,,6.562
2020-01-22 15-49-16,13,18,,13.51,14.79,16.27,14.79,15.87,16.39,,,15.312
2020-01-22 15-49-16,13,19,,13.51,14.79,16.27,14.79,15.87,16.39,15.32,51.735108080500005,15.312
2020-01-22 15-49-16,14,16,42,,,,,,,,,6.562
2020-01-22 15-49-16,14,17,,15.45,15.37,14.91,,,,,,6.562
2020-01-22 15-49-16,14,18,,15.45,15.37,14.91,15.45,15.11,14.79,,,15.312
2020-01-22 15-49-16,14,19,,15.45,15.37,14.91,15.45,15.11,14.79,14.59,56.731980808,15.312
2020-01-22 15-49-17,15,16,1205,,,,,,,,,6.562
2020-01-22 15-49-17,15,17,,16.29,15.71,14.61,,,,,,6.562
2020-01-22 15-49-17,15,18,,16.29,15.71,14.61,13.21,14.41,13.75,,,15.312
2020-01-22 15-49-17,15,19,,16.29,15.71,14.61,13.21,14.41,13.75,15.25,52.115045012500005,15.312
2020-01-22 15-49-17,16,16,1205,,,,,,,,,6.562
2020-01-22 15-49-17,16,17,,13.79,14.51,13.01,,,,,,6.562
2020-01-22 15-49-17,16,18,,13.79,14.51,13.01,14.85,15.71,14.91,,,15.312
2020-01-22 15-49-17,16,19,,13.79,14.51,13.01,14.85,15.71,14.91,12.35,61.1571203125,15.312
2020-01-22 15-49-18,17,16,1200,,,,,,,,,6.562
2020-01-22 15-49-18,17,17,,15.75,14.05,15.87,,,,,,6.562
2020-01-22 15-49-18,17,18,,15.75,14.05,15.87,18.27,18.37,15.55,,,15.312
2020-01-22 15-49-18,17,19,,15.75,14.05,15.87,18.27,18.37,15.55,15.6,54.79311005000001,15.312
2020-01-22 15-49-19,19,16,1215,,,,,,,,,6.562
2020-01-22 15-49-19,19,17,,17.33,17.05,13.85,,,,,,6.562
2020-01-22 15-49-19,19,18,,17.33,17.05,13.85,15.35,17.15,18.37,,,15.312
2020-01-22 15-49-19,19,19,,17.33,17.05,13.85,15.35,17.15,18.37,16.5,60.295796940500004,15.312
2020-01-22 15-49-19,20,16,23321,,,,,,,,,6.562
2020-01-22 15-49-19,20,17,,14.21,15.11,18.21,,,,,,6.562
2020-01-22 15-49-19,20,18,,14.21,15.11,18.21,18.21,18.33,13.89,,,15.312
2020-01-22 15-49-19,20,19,,14.21,15.11,18.21,18.21,18.33,13.89,14.49,56.451292880500006,15.312
2020-01-22 15-49-20,21,16,1218,,,,,,,,,6.562
2020-01-22 15-49-20,21,17,,17.63,17.99,18.49,,,,,,6.562
2020-01-22 15-49-20,21,18,,17.63,17.99,18.49,17.69,16.73,17.99,,,15.312
2020-01-22 15-49-20,21,19,,17.63,17.99,18.49,17.69,16.73,17.99,16.22,53.3781828125,15.312
2020-01-22 15-49-20,22,16,1188,,,,,,,,,6.562
2020-01-22 15-49-20,22,17,,14.05,14.55,13.99,,,,,,6.562
2020-01-22 15-49-20,22,18,,14.05,14.55,13.99,12.03,14.55,13.51,,,15.312
2020-01-22 15-49-20,22,19,,14.05,14.55,13.99,12.03,14.55,13.51,10.86,71.71257781250002,15.312
2020-01-22 15-49-21,23,16,1215,,,,,,,,,6.562
2020-01-22 15-49-21,23,17,,15.87,15.01,15.37,,,,,,6.562
2020-01-22 15-49-21,23,18,,15.87,15.01,15.37,16.75,13.45,15.61,,,15.312
2020-01-22 15-49-21,23,19,,15.87,15.01,15.37,16.75,13.45,15.61,15.33,55.169332658,15.312
2020-01-22 15-49-21,24,16,1084,,,,,,,,,6.562
2020-01-22 15-49-21,24,17,,14.55,15.81,14.81,,,,,,6.562
2020-01-22 15-49-21,24,18,,14.55,15.81,14.81,13.41,17.31,16.57,,,15.312
2020-01-22 15-49-21,24,19,,14.55,15.81,14.81,13.41,17.31,16.57,11.12,95.50464680050001,15.312
2020-01-22 15-49-22,25,16,1205,,,,,,,,,6.562
2020-01-22 15-49-22,25,17,,15.65,14.59,14.25,,,,,,6.562
2020-01-22 15-49-22,25,18,,15.65,14.59,14.25,14.31,14.71,16.85,,,15.312
2020-01-22 15-49-22,25,19,,15.65,14.59,14.25,14.31,14.71,16.85,9.54,80.47763144200002,15.312
2020-01-22 15-50-14,10,16,21236,,,,,,,,,6.812
2020-01-22 15-50-14,10,17,,87.59,121.04,123.55,,,,,,6.812
2020-01-22 15-50-14,10,18,,87.59,121.04,123.55,43.04,40.95,81.92,,,15.312
2020-01-22 15-50-15,11,16,1224,,,,,,,,,6.812
2020-01-22 15-50-15,11,17,,21.67,15.05,14.69,,,,,,6.812
2020-01-22 15-50-15,11,18,,21.67,15.05,14.69,14.05,16.21,15.75,,,15.312
2020-01-22 15-50-15,11,19,,21.67,15.05,14.69,14.05,16.21,15.75,16.35,53.22056980000001,15.312
2020-01-22 15-50-15,12,16,1205,,,,,,,,,6.812
2020-01-22 15-50-16,12,17,,17.15,13.91,16.23,,,,,,6.812
2020-01-22 15-50-16,12,18,,17.15,13.91,16.23,18.05,14.21,17.63,,,15.312
2020-01-22 15-50-16,12,19,,17.15,13.91,16.23,18.05,14.21,17.63,20.01,40.156158482,15.312
2020-01-22 15-50-16,13,16,1205,,,,,,,,,6.812
2020-01-22 15-50-16,13,17,,13.41,14.71,17.15,,,,,,6.812
2020-01-22 15-50-16,13,18,,13.41,14.71,17.15,14.95,17.37,17.09,,,15.312
2020-01-22 15-50-16,13,19,,13.41,14.71,17.15,14.95,17.37,17.09,16.51,48.4230732245,15.312
2020-01-22 15-50-16,14,16,43,,,,,,,,,6.812
2020-01-22 15-50-17,14,17,,16.33,15.97,16.07,,,,,,6.812
2020-01-22 15-50-17,14,18,,16.33,15.97,16.07,17.15,15.61,15.15,,,15.312
2020-01-22 15-50-17,14,19,,16.33,15.97,16.07,17.15,15.61,15.15,16.14,55.576388612500004,15.312
2020-01-22 15-50-17,15,16,1206,,,,,,,,,6.812
2020-01-22 15-50-17,15,17,,16.91,15.91,15.57,,,,,,6.812
2020-01-22 15-50-17,15,18,,16.91,15.91,15.57,13.71,14.81,14.81,,,15.312
2020-01-22 15-50-17,15,19,,16.91,15.91,15.57,13.71,14.81,14.81,16.7,48.902900552000006,15.312
2020-01-22 15-50-18,16,16,1206,,,,,,,,,6.812
2020-01-22 15-50-18,16,17,,14.65,15.05,13.69,,,,,,6.812
2020-01-22 15-50-18,16,18,,14.65,15.05,13.69,15.05,16.11,14.71,,,15.312
2020-01-22 15-50-18,16,19,,14.65,15.05,13.69,15.05,16.11,14.71,13.6,56.17034648200001,15.312
2020-01-22 15-50-18,17,16,1201,,,,,,,,,6.812
2020-01-22 15-50-18,17,17,,17.67,15.11,16.53,,,,,,6.812
2020-01-22 15-50-18,17,18,,17.67,15.11,16.53,19.13,19.79,16.07,,,15.312
2020-01-22 15-50-18,17,19,,17.67,15.11,16.53,19.13,19.79,16.07,16.83,53.409695842000005,15.312
2020-01-22 15-50-19,19,16,1216,,,,,,,,,6.812
2020-01-22 15-50-19,19,17,,18.11,17.57,12.97,,,,,,6.812
2020-01-22 15-50-19,19,18,,18.11,17.57,12.97,17.05,19.41,18.91,,,15.312
2020-01-22 15-50-19,19,19,,18.11,17.57,12.97,17.05,19.41,18.91,18.12,54.542039698,15.312
2020-01-22 15-50-20,20,16,23322,,,,,,,,,6.812
2020-01-22 15-50-20,20,17,,15.11,15.71,18.21,,,,,,6.812
2020-01-22 15-50-20,20,18,,15.11,15.71,18.21,19.63,20.37,14.71,,,15.312
2020-01-22 15-50-20,20,19,,15.11,15.71,18.21,19.63,20.37,14.71,15.68,56.04539845000001,15.312
2020-01-22 15-50-20,21,16,1219,,,,,,,,,6.812
2020-01-22 15-50-20,21,17,,18.05,18.85,19.35,,,,,,6.812
2020-01-22 15-50-20,21,18,,18.05,18.85,19.35,18.05,19.41,19.13,,,15.312
2020-01-22 15-50-20,21,19,,18.05,18.85,19.35,18.05,19.41,19.13,17.6,51.51326600200001,15.312
2020-01-22 15-50-21,22,16,1189,,,,,,,,,6.812
2020-01-22 15-50-21,22,17,,14.35,15.57,15.05,,,,,,6.812
2020-01-22 15-50-21,22,18,,14.35,15.57,15.05,13.11,15.21,14.69,,,15.312
2020-01-22 15-50-21,22,19,,14.35,15.57,15.05,13.11,15.21,14.69,10.7,75.53361711250001,15.312
2020-01-22 15-50-21,23,16,1216,,,,,,,,,6.812
2020-01-22 15-50-21,23,17,,16.27,16.27,17.37,,,,,,6.812
2020-01-22 15-50-21,23,18,,16.27,16.27,17.37,19.09,14.15,16.85,,,15.312
2020-01-22 15-50-21,23,19,,16.27,16.27,17.37,19.09,14.15,16.85,16.44,51.86180478050001,15.312
2020-01-22 15-50-22,24,16,1085,,,,,,,,,6.812
2020-01-22 15-50-22,24,17,,14.21,16.59,15.41,,,,,,6.812
2020-01-22 15-50-22,24,18,,14.21,16.59,15.41,14.25,17.93,16.39,,,15.312
2020-01-22 15-50-22,24,19,,14.21,16.59,15.41,14.25,17.93,16.39,12.16,94.1549979005,15.312
2020-01-22 15-50-22,25,16,1206,,,,,,,,,6.812
2020-01-22 15-50-22,25,17,,16.01,14.71,14.71,,,,,,6.812
2020-01-22 15-50-22,25,18,,16.01,14.71,14.71,15.05,15.05,16.59,,,15.312
2020-01-22 15-50-22,25,19,,16.01,14.71,14.71,15.05,15.05,16.59,9.78,82.985554882,15.312
2020-01-22 15-51-15,10,16,21237,,,,,,,,,7.062
2020-01-22 15-51-15,10,17,,68.4,114.51,120.84,,,,,,7.062
2020-01-22 15-51-15,10,18,,68.4,114.51,120.84,43.48,40.95,81.92,,,15.25
2020-01-22 15-51-15,11,16,1225,,,,,,,,,7.062
2020-01-22 15-51-15,11,17,,22.75,15.01,14.79,,,,,,7.062
2020-01-22 15-51-15,11,18,,22.75,15.01,14.79,14.09,16.59,16.07,,,15.25
2020-01-22 15-51-15,11,19,,22.75,15.01,14.79,14.09,16.59,16.07,16.72,50.719696464500004,15.25
2020-01-22 15-51-16,12,16,1206,,,,,,,,,7.062
2020-01-22 15-51-16,12,17,,17.93,14.49,17.01,,,,,,7.062
2020-01-22 15-51-16,12,18,,17.93,14.49,17.01,18.69,14.39,18.31,,,15.25
2020-01-22 15-51-16,12,19,,17.93,14.49,17.01,18.69,14.39,18.31,20.54,39.433211488000005,15.25
2020-01-22 15-51-16,13,16,1206,,,,,,,,,7.062
2020-01-22 15-51-16,13,17,,14.25,14.71,18.17,,,,,,7.062
2020-01-22 15-51-16,13,18,,14.25,14.71,18.17,15.47,17.73,18.71,,,15.25
2020-01-22 15-51-16,13,19,,14.25,14.71,18.17,15.47,17.73,18.71,16.61,47.65385611250001,15.25
2020-01-22 15-51-17,14,16,44,,,,,,,,,7.062
2020-01-22 15-51-17,14,17,,17.69,16.29,17.01,,,,,,7.062
2020-01-22 15-51-17,14,18,,17.69,16.29,17.01,17.85,15.93,15.81,,,15.25
2020-01-22 15-51-17,14,19,,17.69,16.29,17.01,17.85,15.93,15.81,17.04,52.209957448000004,15.25
2020-01-22 15-51-17,15,16,1207,,,,,,,,,7.062
2020-01-22 15-51-17,15,17,,16.95,16.29,15.21,,,,,,7.062
2020-01-22 15-51-17,15,18,,16.95,16.29,15.21,13.99,15.37,15.87,,,15.25
2020-01-22 15-51-17,15,19,,16.95,16.29,15.21,13.99,15.37,15.87,18.03,46.077664072000005,15.25
2020-01-22 15-51-18,16,16,1207,,,,,,,,,7.062
2020-01-22 15-51-18,16,17,,15.77,15.71,14.51,,,,,,7.062
2020-01-22 15-51-18,16,18,,15.77,15.71,14.51,16.01,17.67,16.37,,,15.25
2020-01-22 15-51-18,16,19,,15.77,15.71,14.51,16.01,17.67,16.37,14.29,55.482500488,15.25
2020-01-22 15-51-18,17,16,1202,,,,,,,,,7.062
2020-01-22 15-51-18,17,17,,17.83,15.51,16.73,,,,,,7.062
2020-01-22 15-51-18,17,18,,17.83,15.51,16.73,19.57,20.73,16.83,,,15.25
2020-01-22 15-51-18,17,19,,17.83,15.51,16.73,19.57,20.73,16.83,17.62,50.5925402605,15.25
2020-01-22 15-51-19,19,16,1217,,,,,,,,,7.062
2020-01-22 15-51-19,19,17,,18.91,18.05,13.49,,,,,,7.062
2020-01-22 15-51-19,19,18,,18.91,18.05,13.49,17.05,20.21,19.67,,,15.25
2020-01-22 15-51-19,19,19,,18.91,18.05,13.49,17.05,20.21,19.67,18.8,52.146685682000005,15.25
2020-01-22 15-51-20,20,16,23323,,,,,,,,,7.062
2020-01-22 15-51-20,20,17,,15.51,16.29,19.07,,,,,,7.062
2020-01-22 15-51-20,20,18,,15.51,16.29,19.07,20.27,21.57,15.51,,,15.25
2020-01-22 15-51-20,20,19,,15.51,16.29,19.07,20.27,21.57,15.51,16.58,53.22056980000001,15.25
2020-01-22 15-51-20,21,16,1220,,,,,,,,,7.062
2020-01-22 15-51-20,21,17,,18.63,19.79,19.19,,,,,,7.062
2020-01-22 15-51-20,21,18,,18.63,19.79,19.19,18.55,19.63,19.93,,,15.25
2020-01-22 15-51-20,21,19,,18.63,19.79,19.19,18.55,19.63,19.93,18.03,48.45508405,15.25
2020-01-22 15-51-21,22,16,1190,,,,,,,,,7.062
2020-01-22 15-51-21,22,17,,15.71,15.93,15.61,,,,,,7.062
2020-01-22 15-51-21,22,18,,15.71,15.93,15.61,13.79,16.27,15.37,,,15.25
2020-01-22 15-51-21,22,19,,15.71,15.93,15.61,13.79,16.27,15.37,10.84,76.02930432800001,15.25
2020-01-22 15-51-21,23,16,1217,,,,,,,,,7.062
2020-01-22 15-51-21,23,17,,16.39,16.47,17.67,,,,,,7.062
2020-01-22 15-51-21,23,18,,16.39,16.47,17.67,19.79,14.31,17.21,,,15.25
2020-01-22 15-51-21,23,19,,16.39,16.47,17.67,19.79,14.31,17.21,17.06,50.68791220000001,15.25
2020-01-22 15-51-22,24,16,1086,,,,,,,,,7.062
2020-01-22 15-51-22,24,17,,15.65,17.75,16.21,,,,,,7.062
2020-01-22 15-51-22,24,18,,15.65,17.75,16.21,14.61,18.59,17.53,,,15.25
2020-01-22 15-51-22,24,19,,15.65,17.75,16.21,14.61,18.59,17.53,12.66,93.23267990050002,15.25
2020-01-22 15-51-22,25,16,1207,,,,,,,,,7.062
2020-01-22 15-51-22,25,17,,16.65,15.31,15.37,,,,,,7.062
2020-01-22 15-51-22,25,18,,16.65,15.31,15.37,14.85,15.25,17.79,,,15.25
2020-01-22 15-51-22,25,19,,16.65,15.31,15.37,14.85,15.25,17.79,9.84,85.21593672050001,15.25
2020-01-22 15-52-14,10,16,21238,,,,,,,,,7.375
2020-01-22 15-52-14,10,17,,105.38,119.97,124.47,,,,,,7.375
2020-01-22 15-52-14,10,18,,105.38,119.97,124.47,43.74,40.95,81.92,,,15.25
2020-01-22 15-52-14,11,16,1226,,,,,,,,,7.375
2020-01-22 15-52-14,11,17,,23.27,15.67,15.61,,,,,,7.375
2020-01-22 15-52-14,11,18,,23.27,15.67,15.61,14.45,17.27,16.49,,,15.25
2020-01-22 15-52-14,11,19,,23.27,15.67,15.61,14.45,17.27,16.49,17.7,50.242597442000005,15.25
2020-01-22 15-52-15,12,16,1207,,,,,,,,,7.375
2020-01-22 15-52-15,12,17,,18.49,14.75,16.89,,,,,,7.375
2020-01-22 15-52-15,12,18,,18.49,14.75,16.89,18.69,14.29,19.23,,,15.25
2020-01-22 15-52-15,12,19,,18.49,14.75,16.89,18.69,14.29,19.23,21.77,39.959144288000005,15.25
2020-01-22 15-52-15,13,16,1207,,,,,,,,,7.375
2020-01-22 15-52-15,13,17,,14.21,15.15,18.17,,,,,,7.375
2020-01-22 15-52-15,13,18,,14.21,15.15,18.17,15.87,18.09,17.63,,,15.25
2020-01-22 15-52-15,13,19,,14.21,15.15,18.17,15.87,18.09,17.63,17.97,47.204297324500004,15.25
2020-01-22 15-52-16,14,16,45,,,,,,,,,7.375
2020-01-22 15-52-16,14,17,,17.59,16.69,17.09,,,,,,7.375
2020-01-22 15-52-16,14,18,,17.59,16.69,17.09,17.37,16.01,16.27,,,15.25
2020-01-22 15-52-16,14,19,,17.59,16.69,17.09,17.37,16.01,16.27,17.68,50.783255420500005,15.25
2020-01-22 15-52-16,15,16,1208,,,,,,,,,7.375
2020-01-22 15-52-16,15,17,,17.95,16.85,16.33,,,,,,7.375
2020-01-22 15-52-16,15,18,,17.95,16.85,16.33,13.85,15.31,15.57,,,15.25
2020-01-22 15-52-16,15,19,,17.95,16.85,16.33,13.85,15.31,15.57,18.88,44.72054432200001,15.25
2020-01-22 15-52-17,16,16,1208,,,,,,,,,7.375
2020-01-22 15-52-17,16,17,,14.45,16.33,14.61,,,,,,7.375
2020-01-22 15-52-17,16,18,,14.45,16.33,14.61,15.85,17.67,16.33,,,15.25
2020-01-22 15-52-17,16,19,,14.45,16.33,14.61,15.85,17.67,16.33,14.94,53.09442195200001,15.25
2020-01-22 15-52-17,17,16,1203,,,,,,,,,7.375
2020-01-22 15-52-17,17,17,,18.47,15.71,17.27,,,,,,7.375
2020-01-22 15-52-17,17,18,,18.47,15.71,17.27,20.61,20.65,17.59,,,15.25
2020-01-22 15-52-17,17,19,,18.47,15.71,17.27,20.61,20.65,17.59,18.43,49.669130888000005,15.25
2020-01-22 15-52-18,19,16,1218,,,,,,,,,7.375
2020-01-22 15-52-18,19,17,,19.67,18.31,12.97,,,,,,7.375
2020-01-22 15-52-18,19,18,,19.67,18.31,12.97,17.15,20.61,20.23,,,15.25
2020-01-22 15-52-18,19,19,,19.67,18.31,12.97,17.15,20.61,20.23,19.84,49.158514888000006,15.25
2020-01-22 15-52-19,20,16,23324,,,,,,,,,7.375
2020-01-22 15-52-19,20,17,,15.41,16.11,19.39,,,,,,7.375
2020-01-22 15-52-19,20,18,,15.41,16.11,19.39,20.87,22.17,15.11,,,15.25
2020-01-22 15-52-19,20,19,,15.41,16.11,19.39,20.87,22.17,15.11,17.26,50.33807468450001,15.25
2020-01-22 15-52-19,21,16,1221,,,,,,,,,7.375
2020-01-22 15-52-19,21,17,,19.07,19.87,21.05,,,,,,7.375
2020-01-22 15-52-19,21,18,,19.07,19.87,21.05,19.77,19.83,20.09,,,15.25
2020-01-22 15-52-19,21,19,,19.07,19.87,21.05,19.77,19.83,20.09,18.97,49.030733248000004,15.25
2020-01-22 15-52-20,22,16,1191,,,,,,,,,7.375
2020-01-22 15-52-20,22,17,,15.25,15.67,15.97,,,,,,7.375
2020-01-22 15-52-20,22,18,,15.25,15.67,15.97,13.17,15.19,14.49,,,15.25
2020-01-22 15-52-20,22,19,,15.25,15.67,15.97,13.17,15.19,14.49,11.16,75.47524034050001,15.25
2020-01-22 15-52-20,23,16,1218,,,,,,,,,7.375
2020-01-22 15-52-20,23,17,,16.69,16.95,17.57,,,,,,7.375
2020-01-22 15-52-20,23,18,,16.69,16.95,17.57,19.77,14.35,17.59,,,15.25
2020-01-22 15-52-20,23,19,,16.69,16.95,17.57,19.77,14.35,17.59,18.13,48.006642112,15.25
2020-01-22 15-52-21,24,16,1087,,,,,,,,,7.375
2020-01-22 15-52-21,24,17,,15.09,17.01,16.03,,,,,,7.375
2020-01-22 15-52-21,24,18,,15.09,17.01,16.03,15.09,18.85,17.53,,,15.25
2020-01-22 15-52-21,24,19,,15.09,17.01,16.03,15.09,18.85,17.53,13.02,91.92430401250002,15.25
2020-01-22 15-52-21,25,16,1208,,,,,,,,,7.375
2020-01-22 15-52-21,25,17,,16.49,15.05,15.55,,,,,,7.375
2020-01-22 15-52-21,25,18,,16.49,15.05,15.55,15.55,16.73,18.33,,,15.25
2020-01-22 15-52-21,25,19,,16.49,15.05,15.55,15.55,16.73,18.33,9.81,78.66700826050001,15.25
2020-01-22 15-53-14,10,16,21239,,,,,,,,,7.562
2020-01-22 15-53-14,10,17,,68.15,114.51,120.89,,,,,,7.562
2020-01-22 15-53-14,10,18,,68.15,114.51,120.89,44.06,40.95,81.92,,,15.437
2020-01-22 15-53-14,11,16,1227,,,,,,,,,7.562
2020-01-22 15-53-14,11,17,,23.03,15.11,15.65,,,,,,7.562
2020-01-22 15-53-14,11,18,,23.03,15.11,15.65,14.35,16.75,16.65,,,15.437
2020-01-22 15-53-14,11,19,,23.03,15.11,15.65,14.35,16.75,16.65,18.35,48.67907048050001,15.437
2020-01-22 15-53-15,12,16,1208,,,,,,,,,7.562
2020-01-22 15-53-15,12,17,,18.59,14.79,15.93,,,,,,7.562
2020-01-22 15-53-15,12,18,,18.59,14.79,15.93,18.05,14.15,19.23,,,15.437
2020-01-22 15-53-15,12,19,,18.59,14.79,15.93,18.05,14.15,19.23,22.76,37.7182882,15.437
2020-01-22 15-53-15,13,16,1208,,,,,,,,,7.562
2020-01-22 15-53-15,13,17,,13.65,15.77,17.57,,,,,,7.562
2020-01-22 15-53-15,13,18,,13.65,15.77,17.57,15.75,17.57,17.93,,,15.437
2020-01-22 15-53-15,13,19,,13.65,15.77,17.57,15.75,17.57,17.93,19.0,46.271078818,15.437
2020-01-22 15-53-16,14,16,46,,,,,,,,,7.562
2020-01-22 15-53-16,14,17,,16.83,16.37,16.85,,,,,,7.562
2020-01-22 15-53-16,14,18,,16.83,16.37,16.85,16.89,15.91,16.17,,,15.437
2020-01-22 15-53-16,14,19,,16.83,16.37,16.85,16.89,15.91,16.17,17.86,49.286245472000004,15.437
2020-01-22 15-53-16,15,16,1209,,,,,,,,,7.562
2020-01-22 15-53-16,15,17,,17.67,16.53,16.33,,,,,,7.562
2020-01-22 15-53-16,15,18,,17.67,16.53,16.33,13.45,14.69,14.65,,,15.437
2020-01-22 15-53-16,15,19,,17.67,16.53,16.33,13.45,14.69,14.65,18.97,42.4135650005,15.437
2020-01-22 15-53-17,16,16,1209,,,,,,,,,7.562
2020-01-22 15-53-17,16,17,,13.71,15.65,14.01,,,,,,7.562
2020-01-22 15-53-17,16,18,,13.71,15.65,14.01,15.57,16.89,14.61,,,15.437
2020-01-22 15-53-17,16,19,,13.71,15.65,14.01,15.57,16.89,14.61,14.69,51.6717405845,15.437
2020-01-22 15-53-17,17,16,1204,,,,,,,,,7.562
2020-01-22 15-53-17,17,17,,18.37,14.61,17.21,,,,,,7.562
2020-01-22 15-53-17,17,18,,18.37,14.61,17.21,19.99,20.61,17.25,,,15.437
2020-01-22 15-53-17,17,19,,18.37,14.61,17.21,19.99,20.61,17.25,19.0,46.721933152000005,15.437
2020-01-22 15-53-18,19,16,1219,,,,,,,,,7.562
2020-01-22 15-53-18,19,17,,18.59,18.59,13.21,,,,,,7.562
2020-01-22 15-53-18,19,18,,18.59,18.59,13.21,16.73,19.99,19.93,,,15.437
2020-01-22 15-53-18,19,19,,18.59,18.59,13.21,16.73,19.99,19.93,20.04,47.043589042,15.437
2020-01-22 15-53-19,20,16,23325,,,,,,,,,7.562
2020-01-22 15-53-19,20,17,,14.79,16.07,18.91,,,,,,7.562
2020-01-22 15-53-19,20,18,,14.79,16.07,18.91,20.49,21.57,14.49,,,15.437
2020-01-22 15-53-19,20,19,,14.79,16.07,18.91,20.49,21.57,14.49,17.36,48.806992524500004,15.437
2020-01-22 15-53-19,21,16,1222,,,,,,,,,7.562
2020-01-22 15-53-19,21,17,,19.45,20.09,20.21,,,,,,7.562
2020-01-22 15-53-19,21,18,,19.45,20.09,20.21,19.57,18.59,19.23,,,15.437
2020-01-22 15-53-19,21,19,,19.45,20.09,20.21,19.57,18.59,19.23,19.42,47.493371200000006,15.437
2020-01-22 15-53-20,22,16,1192,,,,,,,,,7.562
2020-01-22 15-53-20,22,17,,14.71,14.35,15.19,,,,,,7.562
2020-01-22 15-53-20,22,18,,14.71,14.35,15.19,12.67,15.47,14.09,,,15.437
2020-01-22 15-53-20,22,19,,14.71,14.35,15.19,12.67,15.47,14.09,11.01,73.30632668450001,15.437
2020-01-22 15-53-20,23,16,1219,,,,,,,,,7.562
2020-01-22 15-53-21,23,17,,16.57,15.97,16.07,,,,,,7.562
2020-01-22 15-53-21,23,18,,16.57,15.97,16.07,18.91,13.89,16.89,,,15.437
2020-01-22 15-53-21,23,19,,16.57,15.97,16.07,18.91,13.89,16.89,18.55,44.979477298000006,15.437
2020-01-22 15-53-21,24,16,1088,,,,,,,,,7.562
2020-01-22 15-53-21,24,17,,14.65,15.97,16.79,,,,,,7.562
2020-01-22 15-53-21,24,18,,14.65,15.97,16.79,14.69,19.01,16.89,,,15.437
2020-01-22 15-53-21,24,19,,14.65,15.97,16.79,14.69,19.01,16.89,12.7,91.1576895205,15.437
2020-01-22 15-53-21,25,16,1209,,,,,,,,,7.562
2020-01-22 15-53-22,25,17,,15.47,14.51,15.11,,,,,,7.562
2020-01-22 15-53-22,25,18,,15.47,14.51,15.11,14.81,15.35,17.85,,,15.437
2020-01-22 15-53-22,25,19,,15.47,14.51,15.11,14.81,15.35,17.85,9.74,78.060652738,15.437
2020-01-22 15-54-14,10,16,21240,,,,,,,,,7.75
2020-01-22 15-54-14,10,17,,86.52,122.05,124.62,,,,,,7.75
2020-01-22 15-54-14,10,18,,86.52,122.05,124.62,44.31,40.95,81.92,,,15.625
2020-01-22 15-54-14,11,16,1228,,,,,,,,,7.75
2020-01-22 15-54-15,11,17,,23.35,15.67,15.81,,,,,,7.75
2020-01-22 15-54-15,11,18,,23.35,15.67,15.81,14.65,16.89,16.99,,,15.625
2020-01-22 15-54-15,11,19,,23.35,15.67,15.81,14.65,16.89,16.99,18.86,48.198908098000004,15.625
2020-01-22 15-54-15,12,16,1209,,,,,,,,,7.75
2020-01-22 15-54-15,12,17,,19.57,15.21,17.59,,,,,,7.75
2020-01-22 15-54-15,12,18,,19.57,15.21,17.59,19.17,14.45,19.93,,,15.625
2020-01-22 15-54-15,12,19,,19.57,15.21,17.59,19.17,14.45,19.93,23.22,35.396112050000006,15.625
2020-01-22 15-54-16,13,16,1209,,,,,,,,,7.75
2020-01-22 15-54-16,13,17,,14.31,15.81,19.03,,,,,,7.75
2020-01-22 15-54-16,13,18,,14.31,15.81,19.03,16.47,18.47,18.81,,,15.625
2020-01-22 15-54-16,13,19,,14.31,15.81,19.03,16.47,18.47,18.81,19.5,42.837172672,15.625
2020-01-22 15-54-16,14,16,47,,,,,,,,,7.75
2020-01-22 15-54-16,14,17,,17.73,16.83,17.21,,,,,,7.75
2020-01-22 15-54-16,14,18,,17.73,16.83,17.21,17.95,16.23,16.75,,,15.625
2020-01-22 15-54-16,14,19,,17.73,16.83,17.21,17.95,16.23,16.75,17.89,50.33807468450001,15.625
2020-01-22 15-54-17,15,16,1210,,,,,,,,,7.75
2020-01-22 15-54-17,15,17,,18.25,17.21,16.73,,,,,,7.75
2020-01-22 15-54-17,15,18,,18.25,17.21,16.73,13.39,15.45,15.71,,,15.625
2020-01-22 15-54-17,15,19,,18.25,17.21,16.73,13.39,15.45,15.71,18.83,43.292762450000005,15.625
2020-01-22 15-54-17,16,16,1210,,,,,,,,,7.75
2020-01-22 15-54-17,16,17,,15.09,16.65,15.11,,,,,,7.75
2020-01-22 15-54-17,16,18,,15.09,16.65,15.11,17.01,18.59,16.83,,,15.625
2020-01-22 15-54-17,16,19,,15.09,16.65,15.11,17.01,18.59,16.83,14.57,52.81040262050001,15.625
2020-01-22 15-54-18,17,16,1205,,,,,,,,,7.75
2020-01-22 15-54-18,17,17,,19.07,15.09,17.73,,,,,,7.75
2020-01-22 15-54-18,17,18,,19.07,15.09,17.73,21.11,21.67,17.85,,,15.625
2020-01-22 15-54-18,17,19,,19.07,15.09,17.73,21.11,21.67,17.85,19.08,48.006642112,15.625
2020-01-22 15-54-19,19,16,1220,,,,,,,,,7.75
2020-01-22 15-54-19,19,17,,20.31,18.95,13.61,,,,,,7.75
2020-01-22 15-54-19,19,18,,20.31,18.95,13.61,17.09,20.95,20.73,,,15.625
2020-01-22 15-54-19,19,19,,20.31,18.95,13.61,17.09,20.95,20.73,20.37,45.496730578000005,15.625
2020-01-22 15-54-19,20,16,23326,,,,,,,,,7.75
2020-01-22 15-54-19,20,17,,15.61,16.95,20.33,,,,,,7.75
2020-01-22 15-54-19,20,18,,15.61,16.95,20.33,21.21,22.37,15.51,,,15.625
2020-01-22 15-54-19,20,19,,15.61,16.95,20.33,21.21,22.37,15.51,17.34,49.094630450000004,15.625
2020-01-22 15-54-20,21,16,1223,,,,,,,,,7.75
2020-01-22 15-54-20,21,17,,20.09,20.89,21.61,,,,,,7.75
2020-01-22 15-54-20,21,18,,20.09,20.89,21.61,20.27,20.15,19.95,,,15.625
2020-01-22 15-54-20,21,19,,20.09,20.89,21.61,20.27,20.15,19.95,19.64,46.01316696200001,15.625
2020-01-22 15-54-20,22,16,1193,,,,,,,,,7.75
2020-01-22 15-54-20,22,17,,15.97,16.11,16.47,,,,,,7.75
2020-01-22 15-54-20,22,18,,15.97,16.11,16.47,13.69,16.47,15.15,,,15.625
2020-01-22 15-54-20,22,19,,15.97,16.11,16.47,13.69,16.47,15.15,11.02,74.15838848800001,15.625
2020-01-22 15-54-21,23,16,1220,,,,,,,,,7.75
2020-01-22 15-54-21,23,17,,17.09,16.59,17.57,,,,,,7.75
2020-01-22 15-54-21,23,18,,17.09,16.59,17.57,20.17,14.69,17.89,,,15.625
2020-01-22 15-54-21,23,19,,17.09,16.59,17.57,20.17,14.69,17.89,18.46,46.20662,15.625
2020-01-22 15-54-21,24,16,1089,,,,,,,,,7.75
2020-01-22 15-54-21,24,17,,15.67,17.57,17.27,,,,,,7.75
2020-01-22 15-54-21,24,18,,15.67,17.57,17.27,15.31,19.63,18.21,,,15.625
2020-01-22 15-54-21,24,19,,15.67,17.57,17.27,15.31,19.63,18.21,12.72,91.04796894050001,15.625
2020-01-22 15-54-22,25,16,1210,,,,,,,,,7.75
2020-01-22 15-54-22,25,17,,16.99,15.25,14.91,,,,,,7.75
2020-01-22 15-54-22,25,18,,16.99,15.25,14.91,14.81,15.15,18.79,,,15.625
2020-01-22 15-54-22,25,19,,16.99,15.25,14.91,14.81,15.15,18.79,9.78,78.753515602,15.625
2020-01-22 15-55-14,10,16,21241,,,,,,,,,7.937
2020-01-22 15-55-14,10,17,,69.8,114.95,121.47,,,,,,7.937
2020-01-22 15-55-14,10,18,,69.8,114.95,121.47,44.49,40.95,81.92,,,15.875
2020-01-22 15-55-15,11,16,1229,,,,,,,,,7.937
2020-01-22 15-55-15,11,17,,25.25,15.71,16.75,,,,,,7.937
2020-01-22 15-55-15,11,18,,25.25,15.71,16.75,14.29,17.89,17.67,,,15.875
2020-01-22 15-55-15,11,19,,25.25,15.71,16.75,14.29,17.89,17.67,19.64,46.850633800000004,15.875
2020-01-22 15-55-15,12,16,1210,,,,,,,,,7.937
2020-01-22 15-55-15,12,17,,19.99,15.01,19.13,,,,,,7.937
2020-01-22 15-55-15,12,18,,19.99,15.01,19.13,20.51,14.81,20.55,,,15.875
2020-01-22 15-55-15,12,19,,19.99,15.01,19.13,20.51,14.81,20.55,23.7,32.72305045000001,15.875
2020-01-22 15-55-16,13,16,1210,,,,,,,,,7.937
2020-01-22 15-55-16,13,17,,14.95,16.65,20.33,,,,,,7.937
2020-01-22 15-55-16,13,18,,14.95,16.65,20.33,16.89,19.79,20.77,,,15.875
2020-01-22 15-55-16,13,19,,14.95,16.65,20.33,16.89,19.79,20.77,20.37,41.270402368000006,15.875
2020-01-22 15-55-16,14,16,48,,,,,,,,,7.937
2020-01-22 15-55-16,14,17,,19.13,17.27,17.93,,,,,,7.937
2020-01-22 15-55-16,14,18,,19.13,17.27,17.93,19.83,16.39,17.73,,,15.875
2020-01-22 15-55-16,14,19,,19.13,17.27,17.93,19.83,16.39,17.73,19.0,49.35009161800001,15.875
2020-01-22 15-55-17,15,16,1211,,,,,,,,,7.937
2020-01-22 15-55-17,15,17,,18.87,17.41,16.91,,,,,,7.937
2020-01-22 15-55-17,15,18,,18.87,17.41,16.91,14.15,16.47,17.05,,,15.875
2020-01-22 15-55-17,15,19,,18.87,17.41,16.91,14.15,16.47,17.05,19.87,42.64172845,15.875
2020-01-22 15-55-17,16,16,1211,,,,,,,,,7.937
2020-01-22 15-55-17,16,17,,15.91,17.21,16.33,,,,,,7.937
2020-01-22 15-55-17,16,18,,15.91,17.21,16.33,17.59,19.79,18.65,,,15.875
2020-01-22 15-55-17,16,19,,15.91,17.21,16.33,17.59,19.79,18.65,15.78,49.6372413205,15.875
2020-01-22 15-55-18,17,16,1206,,,,,,,,,7.937
2020-01-22 15-55-18,17,17,,20.21,15.55,18.47,,,,,,7.937
2020-01-22 15-55-18,17,18,,20.21,15.55,18.47,21.83,22.89,18.41,,,15.875
2020-01-22 15-55-18,17,19,,20.21,15.55,18.47,21.83,22.89,18.41,20.04,46.56098554450001,15.875
2020-01-22 15-55-19,19,16,1221,,,,,,,,,7.937
2020-01-22 15-55-19,19,17,,20.67,19.13,13.89,,,,,,7.937
2020-01-22 15-55-19,19,18,,20.67,19.13,13.89,18.17,22.25,21.57,,,15.875
2020-01-22 15-55-19,19,19,,20.67,19.13,13.89,18.17,22.25,21.57,21.21,44.979477298000006,15.875
2020-01-22 15-55-19,20,16,23327,,,,,,,,,7.937
2020-01-22 15-55-19,20,17,,15.97,17.67,21.17,,,,,,7.937
2020-01-22 15-55-19,20,18,,15.97,17.67,21.17,22.43,23.69,16.17,,,15.875
2020-01-22 15-55-19,20,19,,15.97,17.67,21.17,22.43,23.69,16.17,18.29,48.006642112,15.875
2020-01-22 15-55-20,21,16,1224,,,,,,,,,7.937
2020-01-22 15-55-20,21,17,,20.71,21.33,22.51,,,,,,7.937
2020-01-22 15-55-20,21,18,,20.71,21.33,22.51,20.89,22.69,21.67,,,15.875
2020-01-22 15-55-20,21,19,,20.71,21.33,22.51,20.89,22.69,21.67,20.6,46.20662,15.875
2020-01-22 15-55-21,23,16,1221,,,,,,,,,7.937
2020-01-22 15-55-21,23,17,,17.85,17.89,19.17,,,,,,7.937
2020-01-22 15-55-21,23,18,,17.85,17.89,19.17,21.83,15.41,19.19,,,15.875
2020-01-22 15-55-21,23,19,,17.85,17.89,19.17,21.83,15.41,19.19,19.34,45.69048995200001,15.875
2020-01-22 15-55-21,24,16,1090,,,,,,,,,7.937
2020-01-22 15-55-21,24,17,,17.09,18.87,18.27,,,,,,7.937
2020-01-22 15-55-21,24,18,,17.09,18.87,18.27,16.29,20.87,19.13,,,15.875
2020-01-22 15-55-21,24,19,,17.09,18.87,18.27,16.29,20.87,19.13,13.79,90.74597408800001,15.875
2020-01-22 15-55-22,25,16,1211,,,,,,,,,7.937
2020-01-22 15-55-22,25,17,,19.01,17.09,16.75,,,,,,7.937
2020-01-22 15-55-22,25,18,,19.01,17.09,16.75,17.63,17.57,20.87,,,15.875
2020-01-22 15-55-22,25,19,,19.01,17.09,16.75,17.63,17.57,20.87,10.02,83.9196553405,15.875
2020-01-22 15-56-14,10,16,21242,,,,,,,,,8.187
2020-01-22 15-56-14,10,17,,72.12,115.77,122.05,,,,,,8.187
2020-01-22 15-56-14,10,18,,72.12,115.77,122.05,44.79,40.95,81.92,,,16.125
2020-01-22 15-56-15,11,16,1230,,,,,,,,,8.187
2020-01-22 15-56-15,11,17,,24.87,15.91,16.69,,,,,,8.187
2020-01-22 15-56-15,11,18,,24.87,15.91,16.69,14.81,17.67,17.79,,,16.125
2020-01-22 15-56-15,11,19,,24.87,15.91,16.69,14.81,17.67,17.79,20.34,44.526210568,16.125
2020-01-22 15-56-15,12,16,1211,,,,,,,,,8.187
2020-01-22 15-56-15,12,17,,20.37,15.65,18.01,,,,,,8.187
2020-01-22 15-56-15,12,18,,20.37,15.65,18.01,19.71,14.31,20.83,,,16.125
2020-01-22 15-56-15,12,19,,20.37,15.65,18.01,19.71,14.31,20.83,24.45,34.262556232,16.125
2020-01-22 15-56-16,13,16,1211,,,,,,,,,8.187
2020-01-22 15-56-16,13,17,,14.85,16.91,20.01,,,,,,8.187
2020-01-22 15-56-16,13,18,,14.85,16.91,20.01,17.59,19.03,20.15,,,16.125
2020-01-22 15-56-16,13,19,,14.85,16.91,20.01,17.59,19.03,20.15,20.97,40.84480351250001,16.125
2020-01-22 15-56-16,14,16,49,,,,,,,,,8.187
2020-01-22 15-56-16,14,17,,17.59,17.27,17.73,,,,,,8.187
2020-01-22 15-56-16,14,18,,17.59,17.27,17.73,18.41,16.69,17.63,,,16.125
2020-01-22 15-56-16,14,19,,17.59,17.27,17.73,18.41,16.69,17.63,19.13,46.142148418000005,16.125
2020-01-22 15-56-17,15,16,1212,,,,,,,,,8.187
2020-01-22 15-56-17,15,17,,19.03,18.25,17.53,,,,,,8.187
2020-01-22 15-56-17,15,18,,19.03,18.25,17.53,14.05,16.01,16.03,,,16.125
2020-01-22 15-56-17,15,19,,19.03,18.25,17.53,14.05,16.01,16.03,20.33,40.877561032,16.125
2020-01-22 15-56-17,16,16,1212,,,,,,,,,8.187
2020-01-22 15-56-17,16,17,,14.55,17.33,15.75,,,,,,8.187
2020-01-22 15-56-17,16,18,,14.55,17.33,15.75,17.67,18.79,17.75,,,16.125
2020-01-22 15-56-17,16,19,,14.55,17.33,15.75,17.67,18.79,17.75,15.76,48.359042000500004,16.125
2020-01-22 15-56-18,17,16,1207,,,,,,,,,8.187
2020-01-22 15-56-18,17,17,,19.57,14.89,18.43,,,,,,8.187
2020-01-22 15-56-18,17,18,,19.57,14.89,18.43,22.01,22.53,18.75,,,16.125
2020-01-22 15-56-18,17,19,,19.57,14.89,18.43,22.01,22.53,18.75,20.38,44.429000612500005,16.125
2020-01-22 15-56-19,19,16,1222,,,,,,,,,8.187
2020-01-22 15-56-19,19,17,,20.77,18.81,13.81,,,,,,8.187
2020-01-22 15-56-19,19,18,,20.77,18.81,13.81,18.09,22.25,21.83,,,16.125
2020-01-22 15-56-19,19,19,,20.77,18.81,13.81,18.09,22.25,21.83,21.72,42.706889288000006,16.125
2020-01-22 15-56-19,20,16,23328,,,,,,,,,8.187
2020-01-22 15-56-20,20,17,,15.31,17.73,20.65,,,,,,8.187
2020-01-22 15-56-20,20,18,,15.31,17.73,20.65,22.47,23.17,15.21,,,16.125
2020-01-22 15-56-20,20,19,,15.31,17.73,20.65,22.47,23.17,15.21,18.7,46.271078818,16.125
2020-01-22 15-56-20,21,16,1225,,,,,,,,,8.187
2020-01-22 15-56-20,21,17,,20.55,21.57,22.41,,,,,,8.187
2020-01-22 15-56-20,21,18,,20.55,21.57,22.41,21.29,20.61,21.05,,,16.125
2020-01-22 15-56-20,21,19,,20.55,21.57,22.41,21.29,20.61,21.05,21.06,43.585311324500005,16.125
2020-01-22 15-56-21,23,16,1222,,,,,,,,,8.187
2020-01-22 15-56-21,23,17,,17.93,17.33,18.05,,,,,,8.187
2020-01-22 15-56-21,23,18,,17.93,17.33,18.05,20.67,14.39,18.31,,,16.125
2020-01-22 15-56-21,23,19,,17.93,17.33,18.05,20.67,14.39,18.31,19.63,43.682770178000006,16.125
2020-01-22 15-56-22,24,16,1091,,,,,,,,,8.187
2020-01-22 15-56-22,24,17,,15.97,17.93,17.83,,,,,,8.187
2020-01-22 15-56-22,24,18,,15.97,17.93,17.83,16.37,20.15,18.25,,,16.125
2020-01-22 15-56-22,24,19,,15.97,17.93,17.83,16.37,20.15,18.25,13.87,89.11959410050001,16.125
2020-01-22 15-56-22,25,16,1212,,,,,,,,,8.187
2020-01-22 15-56-22,25,17,,17.43,15.91,15.97,,,,,,8.187
2020-01-22 15-56-22,25,18,,17.43,15.91,15.97,16.21,16.49,19.45,,,16.125
2020-01-22 15-56-22,25,19,,17.43,15.91,15.97,16.21,16.49,19.45,10.0,77.539799392,16.125
2020-01-22 15-57-15,10,16,21243,,,,,,,,,8.25
2020-01-22 15-57-15,10,17,,71.34,115.14,121.38,,,,,,8.25
2020-01-22 15-57-15,10,18,,71.34,115.14,121.38,44.97,40.95,81.92,,,16.437
2020-01-22 15-57-15,11,16,1231,,,,,,,,,8.25
2020-01-22 15-57-15,11,17,,24.47,15.61,16.47,,,,,,8.25
2020-01-22 15-57-15,11,18,,24.47,15.61,16.47,14.65,17.41,17.51,,,16.437
2020-01-22 15-57-15,11,19,,24.47,15.61,16.47,14.65,17.41,17.51,19.87,43.292762450000005,16.437
2020-01-22 15-57-16,12,16,1212,,,,,,,,,8.25
2020-01-22 15-57-16,12,17,,19.83,15.51,18.55,,,,,,8.25
2020-01-22 15-57-16,12,18,,19.83,15.51,18.55,19.99,14.85,20.71,,,16.437
2020-01-22 15-57-16,12,19,,19.83,15.51,18.55,19.99,14.85,20.71,24.17,32.051594050000006,16.437
2020-01-22 15-57-16,13,16,1212,,,,,,,,,8.25
2020-01-22 15-57-16,13,17,,14.69,16.21,19.87,,,,,,8.25
2020-01-22 15-57-16,13,18,,14.69,16.21,19.87,16.95,19.09,19.89,,,16.437
2020-01-22 15-57-16,13,19,,14.69,16.21,19.87,16.95,19.09,19.89,20.12,39.56477127200001,16.437
2020-01-22 15-57-17,14,16,50,,,,,,,,,8.25
2020-01-22 15-57-17,14,17,,19.01,17.09,18.05,,,,,,8.25
2020-01-22 15-57-17,14,18,,19.01,17.09,18.05,18.97,16.29,17.17,,,16.437
2020-01-22 15-57-17,14,19,,19.01,17.09,18.05,18.97,16.29,17.17,19.07,46.335524872,16.437
2020-01-22 15-57-17,15,16,1213,,,,,,,,,8.25
2020-01-22 15-57-17,15,17,,17.95,17.43,16.69,,,,,,8.25
2020-01-22 15-57-17,15,18,,17.95,17.43,16.69,14.79,16.27,16.73,,,16.437
2020-01-22 15-57-17,15,19,,17.95,17.43,16.69,14.79,16.27,16.73,20.74,40.221804352,16.437
2020-01-22 15-57-18,16,16,1213,,,,,,,,,8.25
2020-01-22 15-57-18,16,17,,15.29,17.27,15.01,,,,,,8.25
2020-01-22 15-57-18,16,18,,15.29,17.27,15.01,16.95,18.85,16.85,,,16.437
2020-01-22 15-57-18,16,19,,15.29,17.27,15.01,16.95,18.85,16.85,15.8,49.573452612500006,16.437
2020-01-22 15-57-18,17,16,1208,,,,,,,,,8.25
2020-01-22 15-57-18,17,17,,20.21,15.05,17.69,,,,,,8.25
2020-01-22 15-57-18,17,18,,20.21,15.05,17.69,21.33,22.23,17.99,,,16.437
2020-01-22 15-57-18,17,19,,20.21,15.05,17.69,21.33,22.23,17.99,20.22,45.432118592,16.437
2020-01-22 15-57-19,19,16,1223,,,,,,,,,8.25
2020-01-22 15-57-19,19,17,,20.59,18.87,14.11,,,,,,8.25
2020-01-22 15-57-19,19,18,,20.59,18.87,14.11,18.31,22.19,21.61,,,16.437
2020-01-22 15-57-19,19,19,,20.59,18.87,14.11,18.31,22.19,21.61,21.49,42.64172845,16.437
2020-01-22 15-57-20,20,16,23329,,,,,,,,,8.25
2020-01-22 15-57-20,20,17,,15.91,17.47,19.73,,,,,,8.25
2020-01-22 15-57-20,20,18,,15.91,17.47,19.73,21.83,23.17,16.11,,,16.437
2020-01-22 15-57-20,20,19,,15.91,17.47,19.73,21.83,23.17,16.11,19.01,44.9471218445,16.437
2020-01-22 15-57-20,21,16,1226,,,,,,,,,8.25
2020-01-22 15-57-20,21,17,,20.67,21.49,21.49,,,,,,8.25
2020-01-22 15-57-20,21,18,,20.67,21.49,21.49,20.67,21.89,21.05,,,16.437
2020-01-22 15-57-20,21,19,,20.67,21.49,21.49,20.67,21.89,21.05,20.81,44.202065698000006,16.437
2020-01-22 15-57-21,23,16,1223,,,,,,,,,8.25
2020-01-22 15-57-21,23,17,,17.75,17.47,18.81,,,,,,8.25
2020-01-22 15-57-21,23,18,,17.75,17.47,18.81,21.21,15.29,18.37,,,16.437
2020-01-22 15-57-21,23,19,,17.75,17.47,18.81,21.21,15.29,18.37,19.3,43.942520050000006,16.437
2020-01-22 15-57-22,24,16,1092,,,,,,,,,8.25
2020-01-22 15-57-22,24,17,,15.61,17.75,17.95,,,,,,8.25
2020-01-22 15-57-22,24,18,,15.61,17.75,17.95,16.11,19.51,18.33,,,16.437
2020-01-22 15-57-22,24,19,,15.61,17.75,17.95,16.11,19.51,18.33,13.89,89.06426792450002,16.437
2020-01-22 15-57-22,25,16,1213,,,,,,,,,8.25
2020-01-22 15-57-22,25,17,,17.21,16.33,16.33,,,,,,8.25
2020-01-22 15-57-22,25,18,,17.21,16.33,16.33,16.53,16.91,19.41,,,16.437
2020-01-22 15-57-22,25,19,,17.21,16.33,16.33,16.53,16.91,19.41,10.23,82.360890688,16.437
2020-01-22 15-58-15,10,16,21244,,,,,,,,,8.375
2020-01-22 15-58-15,10,17,,115.58,124.62,126.89,,,,,,8.375
2020-01-22 15-58-15,10,18,,115.58,124.62,126.89,45.17,40.95,81.92,,,16.562
2020-01-22 15-58-15,11,16,1232,,,,,,,,,8.375
2020-01-22 15-58-15,11,17,,22.81,15.29,15.77,,,,,,8.375
2020-01-22 15-58-15,11,18,,22.81,15.29,15.77,14.15,17.05,17.11,,,16.562
2020-01-22 15-58-15,11,19,,22.81,15.29,15.77,14.15,17.05,17.11,19.26,42.18524519200001,16.562
2020-01-22 15-58-16,12,16,1213,,,,,,,,,8.375
2020-01-22 15-58-16,12,17,,19.89,15.41,16.95,,,,,,8.375
2020-01-22 15-58-16,12,18,,19.89,15.41,16.95,18.65,13.95,19.99,,,16.562
2020-01-22 15-58-16,12,19,,19.89,15.41,16.95,18.65,13.95,19.99,23.53,32.320329778,16.562
2020-01-22 15-58-16,13,16,1213,,,,,,,,,8.375
2020-01-22 15-58-16,13,17,,14.11,16.11,18.91,,,,,,8.375
2020-01-22 15-58-16,13,18,,14.11,16.11,18.91,16.23,18.55,19.45,,,16.562
2020-01-22 15-58-16,13,19,,14.11,16.11,18.91,16.23,18.55,19.45,18.97,40.451464380500006,16.562
2020-01-22 15-58-17,14,16,51,,,,,,,,,8.375
2020-01-22 15-58-17,14,17,,17.05,16.27,17.33,,,,,,8.375
2020-01-22 15-58-17,14,18,,17.05,16.27,17.33,17.09,15.93,16.11,,,16.562
2020-01-22 15-58-17,14,19,,17.05,16.27,17.33,17.09,15.93,16.11,18.52,45.496730578000005,16.562
2020-01-22 15-58-17,15,16,1214,,,,,,,,,8.375
2020-01-22 15-58-17,15,17,,17.93,17.51,17.05,,,,,,8.375
2020-01-22 15-58-17,15,18,,17.93,17.51,17.05,13.91,15.67,15.21,,,16.562
2020-01-22 15-58-17,15,19,,17.93,17.51,17.05,13.91,15.67,15.21,20.19,37.8835596125,16.562
2020-01-22 15-58-18,16,16,1214,,,,,,,,,8.375
2020-01-22 15-58-18,16,17,,12.83,16.49,14.91,,,,,,8.375
2020-01-22 15-58-18,16,18,,12.83,16.49,14.91,16.73,17.31,16.17,,,16.562
2020-01-22 15-58-18,16,19,,12.83,16.49,14.91,16.73,17.31,16.17,14.25,47.84633270450001,16.562
2020-01-22 15-58-18,17,16,1209,,,,,,,,,8.375
2020-01-22 15-58-18,17,17,,19.23,14.65,17.25,,,,,,8.375
2020-01-22 15-58-18,17,18,,19.23,14.65,17.25,20.61,21.43,17.79,,,16.562
2020-01-22 15-58-18,17,19,,19.23,14.65,17.25,20.61,21.43,17.79,20.14,43.8451377805,16.562
2020-01-22 15-58-19,19,16,1224,,,,,,,,,8.375
2020-01-22 15-58-19,19,17,,19.79,18.53,14.11,,,,,,8.375
2020-01-22 15-58-19,19,18,,19.79,18.53,14.11,17.89,20.83,21.07,,,16.562
2020-01-22 15-58-19,19,19,,19.79,18.53,14.11,17.89,20.83,21.07,21.02,42.315732800000006,16.562
2020-01-22 15-58-20,20,16,23330,,,,,,,,,8.375
2020-01-22 15-58-20,20,17,,15.47,17.57,20.09,,,,,,8.375
2020-01-22 15-58-20,20,18,,15.47,17.57,20.09,21.05,21.51,15.57,,,16.562
2020-01-22 15-58-20,20,19,,15.47,17.57,20.09,21.05,21.51,15.57,18.35,42.837172672,16.562
2020-01-22 15-58-20,21,16,1227,,,,,,,,,8.375
2020-01-22 15-58-20,21,17,,20.51,21.01,22.07,,,,,,8.375
2020-01-22 15-58-20,21,18,,20.51,21.01,22.07,20.81,20.21,20.33,,,16.562
2020-01-22 15-58-20,21,19,,20.51,21.01,22.07,20.81,20.21,20.33,20.5,43.325280644500005,16.562
2020-01-22 15-58-21,23,16,1224,,,,,,,,,8.375
2020-01-22 15-58-21,23,17,,17.17,16.37,17.57,,,,,,8.375
2020-01-22 15-58-21,23,18,,17.17,16.37,17.57,20.31,14.65,17.73,,,16.562
2020-01-22 15-58-21,23,19,,17.17,16.37,17.57,20.31,14.65,17.73,18.56,43.35779564800001,16.562
2020-01-22 15-58-22,24,16,1093,,,,,,,,,8.375
2020-01-22 15-58-22,24,17,,15.37,16.89,17.41,,,,,,8.375
2020-01-22 15-58-22,24,18,,15.37,16.89,17.41,15.97,19.35,17.73,,,16.562
2020-01-22 15-58-22,24,19,,15.37,16.89,17.41,15.97,19.35,17.73,13.1,88.12177004050001,16.562
2020-01-22 15-58-22,25,16,1214,,,,,,,,,8.375
2020-01-22 15-58-22,25,17,,16.89,16.01,15.75,,,,,,8.375
2020-01-22 15-58-22,25,18,,16.89,16.01,15.75,15.65,16.13,18.79,,,16.562
2020-01-22 15-58-22,25,19,,16.89,16.01,15.75,15.65,16.13,18.79,10.14,77.3369661005,16.562
2020-01-22 15-59-14,10,16,21245,,,,,,,,,8.187
2020-01-22 15-59-14,10,17,,85.41,120.99,124.28,,,,,,8.187
2020-01-22 15-59-14,10,18,,85.41,120.99,124.28,45.37,40.95,81.92,,,16.687
2020-01-22 15-59-14,11,16,1233,,,,,,,,,8.187
2020-01-22 15-59-14,11,17,,23.57,15.55,15.87,,,,,,8.187
2020-01-22 15-59-14,11,18,,23.57,15.55,15.87,14.61,17.01,17.59,,,16.687
2020-01-22 15-59-14,11,19,,23.57,15.55,15.87,14.61,17.01,17.59,19.15,42.96740500000001,16.687
2020-01-22 15-59-15,12,16,1214,,,,,,,,,8.187
2020-01-22 15-59-15,12,17,,19.95,15.85,17.89,,,,,,8.187
2020-01-22 15-59-15,12,18,,19.95,15.85,17.89,19.51,14.75,20.73,,,16.687
2020-01-22 15-59-15,12,19,,19.95,15.85,17.89,19.51,14.75,20.73,23.64,32.857188562000005,16.687
2020-01-22 15-59-15,13,16,1214,,,,,,,,,8.187
2020-01-22 15-59-15,13,17,,13.81,16.17,19.39,,,,,,8.187
2020-01-22 15-59-15,13,18,,13.81,16.17,19.39,16.75,18.59,19.45,,,16.687
2020-01-22 15-59-15,13,19,,13.81,16.17,19.39,16.75,18.59,19.45,19.02,40.41866537800001,16.687
2020-01-22 15-59-16,14,16,52,,,,,,,,,8.187
2020-01-22 15-59-16,14,17,,17.69,16.91,17.93,,,,,,8.187
2020-01-22 15-59-16,14,18,,17.69,16.91,17.93,18.33,16.33,16.63,,,16.687
2020-01-22 15-59-16,14,19,,17.69,16.91,17.93,18.33,16.33,16.63,18.3,47.84633270450001,16.687
2020-01-22 15-59-16,15,16,1215,,,,,,,,,8.187
2020-01-22 15-59-16,15,17,,18.15,17.31,16.79,,,,,,8.187
2020-01-22 15-59-16,15,18,,18.15,17.31,16.79,14.79,16.17,16.37,,,16.687
2020-01-22 15-59-16,15,19,,18.15,17.31,16.79,14.79,16.17,16.37,19.88,41.4339506405,16.687
2020-01-22 15-59-17,16,16,1215,,,,,,,,,8.187
2020-01-22 15-59-17,16,17,,14.85,16.37,14.89,,,,,,8.187
2020-01-22 15-59-17,16,18,,14.85,16.37,14.89,16.53,17.11,16.03,,,16.687
2020-01-22 15-59-17,16,19,,14.85,16.37,14.89,16.53,17.11,16.03,14.77,51.44985383200001,16.687
2020-01-22 15-59-17,17,16,1210,,,,,,,,,8.187
2020-01-22 15-59-17,17,17,,19.93,14.89,17.37,,,,,,8.187
2020-01-22 15-59-17,17,18,,19.93,14.89,17.37,21.07,22.19,17.89,,,16.687
2020-01-22 15-59-17,17,19,,19.93,14.89,17.37,21.07,22.19,17.89,20.16,44.169633660500004,16.687
2020-01-22 15-59-18,19,16,1225,,,,,,,,,8.187
2020-01-22 15-59-18,19,17,,20.33,18.47,13.65,,,,,,8.187
2020-01-22 15-59-18,19,18,,20.33,18.47,13.65,18.01,21.67,21.55,,,16.687
2020-01-22 15-59-18,19,19,,20.33,18.47,13.65,18.01,21.67,21.55,20.79,41.891461400500006,16.687
2020-01-22 15-59-19,20,16,23331,,,,,,,,,8.187
2020-01-22 15-59-19,20,17,,15.67,16.85,19.89,,,,,,8.187
2020-01-22 15-59-19,20,18,,15.67,16.85,19.89,21.49,22.47,15.93,,,16.687
2020-01-22 15-59-19,20,19,,15.67,16.85,19.89,21.49,22.47,15.93,18.16,46.335524872,16.687
2020-01-22 15-59-19,21,16,1228,,,,,,,,,8.187
2020-01-22 15-59-19,21,17,,20.51,21.07,21.39,,,,,,8.187
2020-01-22 15-59-19,21,18,,20.51,21.07,21.39,21.05,21.49,20.87,,,16.687
2020-01-22 15-59-19,21,19,,20.51,21.07,21.39,21.05,21.49,20.87,20.64,43.45532151250001,16.687
2020-01-22 15-59-20,23,16,1225,,,,,,,,,8.187
2020-01-22 15-59-20,23,17,,17.47,17.69,18.31,,,,,,8.187
2020-01-22 15-59-20,23,18,,17.47,17.69,18.31,20.81,14.59,18.15,,,16.687
2020-01-22 15-59-20,23,19,,17.47,17.69,18.31,20.81,14.59,18.15,18.64,44.007425608000005,16.687
2020-01-22 15-59-21,24,16,1094,,,,,,,,,8.187
2020-01-22 15-59-21,24,17,,15.81,18.09,17.31,,,,,,8.187
2020-01-22 15-59-21,24,18,,15.81,18.09,17.31,16.23,19.71,18.17,,,16.687
2020-01-22 15-59-21,24,19,,15.81,18.09,17.31,16.23,19.71,18.17,13.29,88.28836124050001,16.687
2020-01-22 15-59-21,25,16,1215,,,,,,,,,8.187
2020-01-22 15-59-21,25,17,,16.65,16.01,16.39,,,,,,8.187
2020-01-22 15-59-21,25,18,,16.65,16.01,16.39,15.91,17.01,19.01,,,16.687
2020-01-22 15-59-21,25,19,,16.65,16.01,16.39,15.91,17.01,19.01,10.17,81.563629832,16.687
