Date,NodeID,FrameID,MeasurementCounter,PlantTemp1,PlantTemp2,PlantTemp3,PlantTemp4,PlantTemp5,PlantTemp6,AirTempLoc,Humidity,AirTemp
2020-02-12 10-00-14,10,16,49041,,,,,,,,,4.875
2020-02-12 10-00-14,10,17,,61.68,111.13,119.83,,,,,,4.875
2020-02-12 10-00-14,10,18,,61.68,111.13,119.83,45.32,40.95,40.96,,,6.437
2020-02-12 10-00-14,11,16,19777,,,,,,,,,4.875
2020-02-12 10-00-14,11,17,,7.55,6.73,6.91,,,,,,4.875
2020-02-12 10-00-14,11,18,,7.55,6.73,6.91,6.73,6.53,6.07,,,6.437
2020-02-12 10-00-14,11,19,,7.55,6.73,6.91,6.73,6.53,6.07,-39.389999999999986,-2.0462,6.437
2020-02-12 10-00-15,12,16,27779,,,,,,,,,4.875
2020-02-12 10-00-15,12,17,,6.17,5.59,6.21,,,,,,4.875
2020-02-12 10-00-15,12,18,,6.17,5.59,6.21,6.11,6.35,5.93,,,6.437
2020-02-12 10-00-15,12,19,,6.17,5.59,6.21,6.11,6.35,5.93,5.72,-2.0462,6.437
2020-02-12 10-00-15,13,16,27573,,,,,,,,,4.875
2020-02-12 10-00-16,13,17,,6.65,7.19,6.61,,,,,,4.875
2020-02-12 10-00-16,13,18,,6.65,7.19,6.61,6.35,6.65,6.21,,,6.437
2020-02-12 10-00-16,13,19,,6.65,7.19,6.61,6.35,6.65,6.21,6.06,95.50464680050001,6.437
2020-02-12 10-00-16,14,16,27875,,,,,,,,,4.875
2020-02-12 10-00-16,14,17,,5.77,7.55,6.65,,,,,,4.875
2020-02-12 10-00-16,14,18,,5.77,7.55,6.65,7.27,6.29,6.25,,,6.437
2020-02-12 10-00-16,14,19,,5.77,7.55,6.65,7.27,6.29,6.25,6.4,104.31566900450001,6.437
2020-02-12 10-00-17,15,16,0,,,,,,,,,4.875
2020-02-12 10-00-17,15,17,,0.0,0.0,0.0,,,,,,4.875
2020-02-12 10-00-17,15,18,,0.0,0.0,0.0,0.0,0.0,0.0,,,6.437
2020-02-12 10-00-17,15,19,,0.0,0.0,0.0,0.0,0.0,0.0,0.0,-2.0462,6.437
2020-02-12 10-00-17,16,16,20828,,,,,,,,,4.875
2020-02-12 10-00-17,16,17,,5.37,6.25,5.41,,,,,,4.875
2020-02-12 10-00-17,16,18,,5.37,6.25,5.41,5.11,5.45,6.03,,,6.437
2020-02-12 10-00-17,16,19,,5.37,6.25,5.41,5.11,5.45,6.03,5.9,27.928069568000005,6.437
2020-02-12 10-00-17,22,16,25197,,,,,,,,,4.875
2020-02-12 10-00-17,22,17,,5.29,5.11,5.41,,,,,,4.875
2020-02-12 10-00-17,22,18,,5.29,5.11,5.41,4.71,5.73,5.59,,,6.437
2020-02-12 10-00-17,22,19,,5.29,5.11,5.41,4.71,5.73,5.59,6.07,51.386428898000005,6.437
2020-02-12 10-00-18,17,16,21222,,,,,,,,,4.875
2020-02-12 10-00-18,17,17,,6.21,6.17,6.57,,,,,,4.875
2020-02-12 10-00-18,17,18,,6.21,6.17,6.57,5.73,6.79,5.95,,,6.437
2020-02-12 10-00-18,17,19,,6.21,6.17,6.57,5.73,6.79,5.95,6.04,105.886424098,6.437
2020-02-12 10-00-18,18,16,19664,,,,,,,,,4.875
2020-02-12 10-00-18,18,17,,5.45,5.95,6.13,,,,,,4.875
2020-02-12 10-00-18,18,18,,5.45,5.95,6.13,4.85,5.49,5.07,,,6.437
2020-02-12 10-00-18,18,19,,5.45,5.95,6.13,4.85,5.49,5.07,5.86,102.7590806645,6.437
2020-02-12 10-00-19,19,16,24694,,,,,,,,,4.875
2020-02-12 10-00-19,19,17,,6.79,6.17,6.07,,,,,,4.875
2020-02-12 10-00-19,19,18,,6.79,6.17,6.07,6.17,7.27,6.35,,,6.437
2020-02-12 10-00-19,19,19,,6.79,6.17,6.07,6.17,7.27,6.35,5.36,47.043589042,6.437
2020-02-12 10-00-19,20,16,46956,,,,,,,,,4.875
2020-02-12 10-00-19,20,17,,-327.67,-327.67,-327.67,,,,,,4.875
2020-02-12 10-00-19,20,18,,-327.67,-327.67,-327.67,-327.67,-327.67,-327.67,,,6.437
2020-02-12 10-00-19,20,19,,-327.67,-327.67,-327.67,-327.67,-327.67,-327.67,6.27,107.11408045,6.437
2020-02-12 10-00-20,21,16,25967,,,,,,,,,4.875
2020-02-12 10-00-20,21,17,,6.03,6.57,6.47,,,,,,4.875
2020-02-12 10-00-20,21,18,,6.03,6.57,6.47,5.93,6.33,6.57,,,6.437
2020-02-12 10-00-20,21,19,,6.03,6.57,6.47,5.93,6.33,6.57,6.24,99.0823672045,6.437
2020-02-12 10-00-20,22,16,25197,,,,,,,,,4.875
2020-02-12 10-00-20,22,17,,5.29,5.11,5.41,,,,,,4.875
2020-02-12 10-00-20,22,18,,5.29,5.11,5.41,4.71,5.73,5.59,,,6.437
2020-02-12 10-00-20,22,19,,5.29,5.11,5.41,4.71,5.73,5.59,6.07,51.386428898000005,6.437
2020-02-12 10-00-21,23,16,19882,,,,,,,,,4.875
2020-02-12 10-00-21,23,17,,6.33,7.09,6.47,,,,,,4.875
2020-02-12 10-00-21,23,18,,6.33,7.09,6.47,6.35,6.53,5.93,,,6.437
2020-02-12 10-00-21,23,19,,6.33,7.09,6.47,6.35,6.53,5.93,6.13,91.5960612805,6.437
2020-02-12 10-00-22,25,16,20876,,,,,,,,,4.875
2020-02-12 10-00-22,25,17,,5.51,5.59,6.13,,,,,,4.875
2020-02-12 10-00-22,25,18,,5.51,5.59,6.13,5.59,6.07,5.29,,,6.437
2020-02-12 10-00-22,25,19,,5.51,5.59,6.13,5.59,6.07,5.29,4.98,105.0896553245,6.437
2020-02-12 10-01-14,10,16,49042,,,,,,,,,4.875
2020-02-12 10-01-14,10,17,,120.41,126.02,126.98,,,,,,4.875
2020-02-12 10-01-14,10,18,,120.41,126.02,126.98,45.28,40.95,40.96,,,6.437
2020-02-12 10-01-15,11,16,19778,,,,,,,,,4.875
2020-02-12 10-01-15,11,17,,7.65,6.33,7.23,,,,,,4.875
2020-02-12 10-01-15,11,18,,7.65,6.33,7.23,6.47,6.47,6.07,,,6.437
2020-02-12 10-01-15,11,19,,7.65,6.33,7.23,6.47,6.47,6.07,-39.389999999999986,-2.0462,6.437
2020-02-12 10-01-15,12,16,27780,,,,,,,,,4.875
2020-02-12 10-01-15,12,17,,6.13,5.51,6.07,,,,,,4.875
2020-02-12 10-01-15,12,18,,6.13,5.51,6.07,6.11,6.33,5.99,,,6.437
2020-02-12 10-01-15,12,19,,6.13,5.51,6.07,6.11,6.33,5.99,5.73,-2.0462,6.437
2020-02-12 10-01-16,13,16,27574,,,,,,,,,4.875
2020-02-12 10-01-16,13,17,,6.21,6.97,6.53,,,,,,4.875
2020-02-12 10-01-16,13,18,,6.21,6.97,6.53,6.47,6.83,6.21,,,6.437
2020-02-12 10-01-16,13,19,,6.21,6.97,6.53,6.47,6.83,6.21,6.18,95.69296104200001,6.437
2020-02-12 10-01-16,14,16,27876,,,,,,,,,4.875
2020-02-12 10-01-16,14,17,,5.95,7.41,7.01,,,,,,4.875
2020-02-12 10-01-16,14,18,,5.95,7.41,7.01,7.01,5.99,6.17,,,6.437
2020-02-12 10-01-16,14,19,,5.95,7.41,7.01,7.01,5.99,6.17,6.4,104.31566900450001,6.437
2020-02-12 10-01-17,15,16,0,,,,,,,,,4.875
2020-02-12 10-01-17,15,17,,0.0,0.0,0.0,,,,,,4.875
2020-02-12 10-01-17,15,18,,0.0,0.0,0.0,0.0,0.0,0.0,,,6.437
2020-02-12 10-01-17,15,19,,0.0,0.0,0.0,0.0,0.0,0.0,0.0,-2.0462,6.437
2020-02-12 10-01-17,16,16,20829,,,,,,,,,4.875
2020-02-12 10-01-17,16,17,,5.71,6.35,5.67,,,,,,4.875
2020-02-12 10-01-17,16,18,,5.71,6.35,5.67,5.29,5.71,5.01,,,6.437
2020-02-12 10-01-17,16,19,,5.71,6.35,5.67,5.29,5.71,5.01,5.96,27.894073940500004,6.437
2020-02-12 10-01-18,17,16,21223,,,,,,,,,4.875
2020-02-12 10-01-18,17,17,,6.29,6.83,5.93,,,,,,4.875
2020-02-12 10-01-18,17,18,,6.29,6.83,5.93,5.55,6.53,5.95,,,6.437
2020-02-12 10-01-18,17,19,,6.29,6.83,5.93,5.55,6.53,5.95,6.23,105.8607697445,6.437
2020-02-12 10-01-18,18,16,19665,,,,,,,,,4.875
2020-02-12 10-01-18,18,17,,5.59,6.11,6.11,,,,,,4.875
2020-02-12 10-01-18,18,18,,5.59,6.11,6.11,4.81,5.85,5.29,,,6.437
2020-02-12 10-01-18,18,19,,5.59,6.11,6.11,4.81,5.85,5.29,5.98,103.01930980450001,6.437
2020-02-12 10-01-19,19,16,24695,,,,,,,,,4.875
2020-02-12 10-01-19,19,17,,6.47,6.25,5.85,,,,,,4.875
2020-02-12 10-01-19,19,18,,6.47,6.25,5.85,5.99,7.09,6.79,,,6.437
2020-02-12 10-01-19,19,19,,6.47,6.25,5.85,5.99,7.09,6.79,5.42,46.20662,6.437
2020-02-12 10-01-19,20,16,46957,,,,,,,,,4.875
2020-02-12 10-01-19,20,17,,-327.67,-327.67,-327.67,,,,,,4.875
2020-02-12 10-01-19,20,18,,-327.67,-327.67,-327.67,-327.67,-327.67,-327.67,,,6.437
2020-02-12 10-01-19,20,19,,-327.67,-327.67,-327.67,-327.67,-327.67,-327.67,6.3,107.0885792645,6.437
2020-02-12 10-01-20,21,16,25968,,,,,,,,,4.875
2020-02-12 10-01-20,21,17,,6.43,6.65,5.85,,,,,,4.875
2020-02-12 10-01-20,21,18,,6.43,6.65,5.85,5.95,6.07,6.47,,,6.437
2020-02-12 10-01-20,21,19,,6.43,6.65,5.85,5.95,6.07,6.47,6.26,99.0823672045,6.437
2020-02-12 10-01-20,22,16,25198,,,,,,,,,4.875
2020-02-12 10-01-20,22,17,,5.23,5.15,5.29,,,,,,4.875
2020-02-12 10-01-20,22,18,,5.23,5.15,5.29,4.85,5.67,5.63,,,6.437
2020-02-12 10-01-20,22,19,,5.23,5.15,5.29,4.85,5.67,5.63,6.12,50.115249778000006,6.437
2020-02-12 10-01-21,23,17,,6.25,6.83,6.47,,,,,,4.875
2020-02-12 10-01-21,23,18,,,,,5.99,6.25,5.85,,,6.437
2020-02-12 10-01-21,23,19,,,,,5.99,6.25,5.85,6.16,92.08825306450001,6.437
2020-02-12 10-01-22,25,16,20877,,,,,,,,,4.875
2020-02-12 10-01-22,25,17,,5.45,5.45,6.25,,,,,,4.875
2020-02-12 10-01-22,25,18,,5.45,5.45,6.25,4.93,5.37,5.45,,,6.437
2020-02-12 10-01-22,25,19,,5.45,5.45,6.25,4.93,5.37,5.45,4.95,105.0896553245,6.437
2020-02-12 10-02-15,10,16,49043,,,,,,,,,4.937
2020-02-12 10-02-15,10,17,,104.17,119.44,123.84,,,,,,4.937
2020-02-12 10-02-15,10,18,,104.17,119.44,123.84,45.31,40.95,40.96,,,6.437
2020-02-12 10-02-15,11,16,19779,,,,,,,,,4.937
2020-02-12 10-02-15,11,17,,7.01,6.93,6.73,,,,,,4.937
2020-02-12 10-02-15,11,18,,7.01,6.93,6.73,6.13,6.43,5.73,,,6.437
2020-02-12 10-02-15,11,19,,7.01,6.93,6.73,6.13,6.43,5.73,-39.389999999999986,-2.0462,6.437
2020-02-12 10-02-16,12,16,27781,,,,,,,,,4.937
2020-02-12 10-02-16,12,17,,5.89,5.19,5.77,,,,,,4.937
2020-02-12 10-02-16,12,18,,5.89,5.19,5.77,5.77,6.21,6.11,,,6.437
2020-02-12 10-02-16,12,19,,5.89,5.19,5.77,5.77,6.21,6.11,5.73,-2.0462,6.437
2020-02-12 10-02-16,13,16,27575,,,,,,,,,4.937
2020-02-12 10-02-16,13,17,,6.51,7.05,6.13,,,,,,4.937
2020-02-12 10-02-16,13,18,,6.51,7.05,6.13,6.17,6.03,5.93,,,6.437
2020-02-12 10-02-16,13,19,,6.51,7.05,6.13,6.17,6.03,5.93,6.24,95.66606858050001,6.437
2020-02-12 10-02-17,14,16,27877,,,,,,,,,4.937
2020-02-12 10-02-17,14,17,,5.59,7.15,6.79,,,,,,4.937
2020-02-12 10-02-17,14,18,,5.59,7.15,6.79,6.79,6.33,5.95,,,6.437
2020-02-12 10-02-17,14,19,,5.59,7.15,6.79,6.79,6.33,5.95,6.36,104.31566900450001,6.437
2020-02-12 10-02-17,15,16,0,,,,,,,,,4.937
2020-02-12 10-02-17,15,17,,0.0,0.0,0.0,,,,,,4.937
2020-02-12 10-02-17,15,18,,0.0,0.0,0.0,0.0,0.0,0.0,,,6.437
2020-02-12 10-02-17,15,19,,0.0,0.0,0.0,0.0,0.0,0.0,0.0,-2.0462,6.437
2020-02-12 10-02-18,16,16,20830,,,,,,,,,4.937
2020-02-12 10-02-18,16,17,,5.41,6.25,5.33,,,,,,4.937
2020-02-12 10-02-18,16,18,,5.41,6.25,5.33,5.49,5.89,5.41,,,6.437
2020-02-12 10-02-18,16,19,,5.41,6.25,5.33,5.49,5.89,5.41,6.0,27.860075122,6.437
2020-02-12 10-02-18,17,16,21224,,,,,,,,,4.937
2020-02-12 10-02-18,17,17,,5.99,6.39,6.39,,,,,,4.937
2020-02-12 10-02-18,17,18,,5.99,6.39,6.39,5.59,5.99,5.85,,,6.437
2020-02-12 10-02-18,17,19,,5.99,6.39,6.39,5.59,5.99,5.85,6.21,105.83511220000001,6.437
2020-02-12 10-02-19,18,16,19666,,,,,,,,,4.937
2020-02-12 10-02-19,18,17,,5.49,5.77,5.77,,,,,,4.937
2020-02-12 10-02-19,18,18,,5.49,5.77,5.77,5.11,5.49,5.05,,,6.437
2020-02-12 10-02-19,18,19,,5.49,5.77,5.77,5.11,5.49,5.05,5.94,102.86321061250001,6.437
2020-02-12 10-02-19,19,16,24696,,,,,,,,,4.937
2020-02-12 10-02-19,19,17,,6.51,6.03,6.13,,,,,,4.937
2020-02-12 10-02-19,19,18,,6.51,6.03,6.13,5.73,7.01,6.29,,,6.437
2020-02-12 10-02-19,19,19,,6.51,6.03,6.13,5.73,7.01,6.29,5.38,49.860401282000005,6.437
2020-02-12 10-02-20,20,16,46958,,,,,,,,,4.937
2020-02-12 10-02-20,20,17,,-327.67,-327.67,-327.67,,,,,,4.937
2020-02-12 10-02-20,20,18,,-327.67,-327.67,-327.67,-327.67,-327.67,-327.67,,,6.437
2020-02-12 10-02-20,20,19,,-327.67,-327.67,-327.67,-327.67,-327.67,-327.67,6.36,107.0885792645,6.437
2020-02-12 10-02-20,21,16,25969,,,,,,,,,4.937
2020-02-12 10-02-20,21,17,,6.13,6.65,5.99,,,,,,4.937
2020-02-12 10-02-20,21,18,,6.13,6.65,5.99,5.77,6.13,6.35,,,6.437
2020-02-12 10-02-20,21,19,,6.13,6.65,5.99,5.77,6.13,6.35,6.26,99.02938960450001,6.437
2020-02-12 10-02-21,22,16,25199,,,,,,,,,4.937
2020-02-12 10-02-21,22,17,,4.93,4.79,5.05,,,,,,4.937
2020-02-12 10-02-21,22,18,,4.93,4.79,5.05,4.75,5.99,5.33,,,6.437
2020-02-12 10-02-21,22,19,,4.93,4.79,5.05,4.75,5.99,5.33,6.12,51.132601522,6.437
2020-02-12 10-02-21,23,16,19884,,,,,,,,,4.937
2020-02-12 10-02-21,23,17,,6.07,6.65,6.07,,,,,,4.937
2020-02-12 10-02-21,23,18,,6.07,6.65,6.07,6.03,6.11,5.67,,,6.437
2020-02-12 10-02-21,23,19,,6.07,6.65,6.07,6.03,6.11,5.67,6.13,91.86962880050001,6.437
2020-02-12 10-02-22,25,16,20878,,,,,,,,,4.937
2020-02-12 10-02-22,25,17,,5.49,5.23,5.85,,,,,,4.937
2020-02-12 10-02-22,25,18,,5.49,5.23,5.85,5.11,5.23,5.41,,,6.437
2020-02-12 10-02-22,25,19,,5.49,5.23,5.85,5.11,5.23,5.41,4.91,105.0896553245,6.437
2020-02-12 10-03-13,10,16,49044,,,,,,,,,4.875
2020-02-12 10-03-13,10,17,,108.81,121.28,124.81,,,,,,4.875
2020-02-12 10-03-13,10,18,,108.81,121.28,124.81,45.32,40.95,40.96,,,6.5
2020-02-12 10-03-17,22,16,25200,,,,,,,,,4.875
2020-02-12 10-03-17,22,17,,4.85,5.11,5.19,,,,,,4.875
2020-02-12 10-03-17,22,18,,4.85,5.11,5.19,4.31,5.63,5.07,,,6.5
2020-02-12 10-03-17,22,19,,4.85,5.11,5.19,4.31,5.63,5.07,6.07,53.09442195200001,6.5
2020-02-12 10-03-20,21,16,25970,,,,,,,,,4.875
2020-02-12 10-03-20,21,17,,5.99,6.65,5.55,,,,,,4.875
2020-02-12 10-03-20,21,18,,5.99,6.65,5.55,5.73,5.73,6.53,,,6.5
2020-02-12 10-03-20,21,19,,5.99,6.65,5.55,5.73,5.73,6.53,6.15,99.05588,6.5
2020-02-12 10-03-23,25,16,20879,,,,,,,,,4.875
2020-02-12 10-03-23,25,17,,5.01,5.29,5.55,,,,,,4.875
2020-02-12 10-03-23,25,18,,5.01,5.29,5.55,4.59,5.81,5.01,,,6.5
2020-02-12 10-03-23,25,19,,5.01,5.29,5.55,4.59,5.81,5.01,4.82,105.0896553245,6.5
2020-02-12 10-03-23,23,16,19885,,,,,,,,,4.875
2020-02-12 10-03-23,23,17,,6.29,6.87,6.25,,,,,,4.875
2020-02-12 10-03-23,23,18,,6.29,6.87,6.25,5.95,6.35,6.13,,,6.5
2020-02-12 10-03-23,23,19,,6.29,6.87,6.25,5.95,6.35,6.13,6.01,91.02053081800001,6.5
2020-02-12 10-03-24,14,16,27878,,,,,,,,,4.875
2020-02-12 10-03-24,14,17,,6.03,7.23,6.61,,,,,,4.875
2020-02-12 10-03-24,14,18,,6.03,7.23,6.61,6.65,5.99,5.81,,,6.5
2020-02-12 10-03-24,14,19,,6.03,7.23,6.61,6.65,5.99,5.81,6.22,104.36735744050002,6.5
2020-02-12 10-03-26,19,16,24697,,,,,,,,,4.875
2020-02-12 10-03-26,19,17,,6.17,6.21,6.25,,,,,,4.875
2020-02-12 10-03-26,19,18,,6.17,6.21,6.25,6.33,7.47,6.51,,,6.5
2020-02-12 10-03-26,19,19,,6.17,6.21,6.25,6.33,7.47,6.51,5.35,51.196077512,6.5
2020-02-12 10-04-14,10,16,49045,,,,,,,,,4.875
2020-02-12 10-04-14,10,17,,94.31,125.05,125.92,,,,,,4.875
2020-02-12 10-04-14,10,18,,94.31,125.05,125.92,45.26,40.95,40.96,,,6.5
2020-02-12 10-04-15,11,16,19780,,,,,,,,,4.875
2020-02-12 10-04-15,11,17,,7.47,6.83,6.91,,,,,,4.875
2020-02-12 10-04-15,11,18,,7.47,6.83,6.91,6.57,6.65,6.03,,,6.5
2020-02-12 10-04-15,11,19,,7.47,6.83,6.91,6.57,6.65,6.03,-39.389999999999986,-2.0462,6.5
2020-02-12 10-04-15,12,16,27782,,,,,,,,,4.875
2020-02-12 10-04-15,12,17,,5.89,5.37,5.93,,,,,,4.875
2020-02-12 10-04-15,12,18,,5.89,5.37,5.93,5.85,6.35,6.07,,,6.5
2020-02-12 10-04-15,12,19,,5.89,5.37,5.93,5.85,6.35,6.07,5.68,-2.0462,6.5
2020-02-12 10-04-16,13,16,27576,,,,,,,,,4.875
2020-02-12 10-04-16,13,17,,6.47,7.05,6.87,,,,,,4.875
2020-02-12 10-04-16,13,18,,6.47,7.05,6.87,6.17,6.53,5.89,,,6.5
2020-02-12 10-04-16,13,19,,6.47,7.05,6.87,6.17,6.53,5.89,6.12,95.45081401250002,6.5
2020-02-12 10-04-16,14,16,27879,,,,,,,,,4.875
2020-02-12 10-04-16,14,17,,6.03,7.45,6.83,,,,,,4.875
2020-02-12 10-04-16,14,18,,6.03,7.45,6.83,7.27,6.13,5.95,,,6.5
2020-02-12 10-04-16,14,19,,6.03,7.45,6.83,7.27,6.13,5.95,6.32,104.34151481800001,6.5
2020-02-12 10-04-17,15,16,0,,,,,,,,,4.875
2020-02-12 10-04-17,15,17,,0.0,0.0,0.0,,,,,,4.875
2020-02-12 10-04-17,15,18,,0.0,0.0,0.0,0.0,0.0,0.0,,,6.5
2020-02-12 10-04-17,15,19,,0.0,0.0,0.0,0.0,0.0,0.0,0.0,-2.0462,6.5
2020-02-12 10-04-17,16,16,20831,,,,,,,,,4.875
2020-02-12 10-04-17,16,17,,5.71,6.03,5.11,,,,,,4.875
2020-02-12 10-04-17,16,18,,5.71,6.03,5.11,5.11,5.73,5.73,,,6.5
2020-02-12 10-04-17,16,19,,5.71,6.03,5.11,5.11,5.73,5.73,5.96,27.860075122,6.5
2020-02-12 10-04-18,17,16,21225,,,,,,,,,4.875
2020-02-12 10-04-18,17,17,,6.21,7.01,5.77,,,,,,4.875
2020-02-12 10-04-18,17,18,,6.21,7.01,5.77,5.41,6.43,5.95,,,6.5
2020-02-12 10-04-18,17,19,,6.21,7.01,5.77,5.41,6.43,5.95,6.28,105.44986611250002,6.5
2020-02-12 10-04-18,18,16,19667,,,,,,,,,4.875
2020-02-12 10-04-18,18,17,,5.67,6.03,5.85,,,,,,4.875
2020-02-12 10-04-18,18,18,,5.67,6.03,5.85,4.85,5.59,5.01,,,6.5
2020-02-12 10-04-18,18,19,,5.67,6.03,5.85,4.85,5.59,5.01,5.85,102.7069965445,6.5
2020-02-12 10-04-19,19,16,24698,,,,,,,,,4.875
2020-02-12 10-04-19,19,17,,6.51,6.29,5.93,,,,,,4.875
2020-02-12 10-04-19,19,18,,6.51,6.29,5.93,6.25,7.01,6.87,,,6.5
2020-02-12 10-04-19,19,19,,6.51,6.29,5.93,6.25,7.01,6.87,5.4,48.902900552000006,6.5
2020-02-12 10-04-19,20,16,46959,,,,,,,,,4.875
2020-02-12 10-04-19,20,17,,-327.67,-327.67,-327.67,,,,,,4.875
2020-02-12 10-04-19,20,18,,-327.67,-327.67,-327.67,-327.67,-327.67,-327.67,,,6.5
2020-02-12 10-04-19,20,19,,-327.67,-327.67,-327.67,-327.67,-327.67,-327.67,6.33,107.1395784445,6.5
2020-02-12 10-04-20,21,16,25971,,,,,,,,,4.875
2020-02-12 10-04-20,21,17,,6.17,6.39,5.77,,,,,,4.875
2020-02-12 10-04-20,21,18,,6.17,6.39,5.77,6.25,6.21,6.43,,,6.5
2020-02-12 10-04-20,21,19,,6.17,6.39,5.77,6.25,6.21,6.43,6.17,99.0823672045,6.5
2020-02-12 10-04-20,22,16,25201,,,,,,,,,4.875
2020-02-12 10-04-20,22,17,,5.29,5.27,5.01,,,,,,4.875
2020-02-12 10-04-20,22,18,,5.29,5.27,5.01,4.57,5.63,5.59,,,6.5
2020-02-12 10-04-20,22,19,,5.29,5.27,5.01,4.57,5.63,5.59,6.18,51.22781072050001,6.5
2020-02-12 10-04-21,23,16,19886,,,,,,,,,4.875
2020-02-12 10-04-21,23,17,,6.21,7.27,6.33,,,,,,4.875
2020-02-12 10-04-21,23,18,,6.21,7.27,6.33,6.11,6.35,6.07,,,6.5
2020-02-12 10-04-21,23,19,,6.21,7.27,6.33,6.11,6.35,6.07,6.08,91.86962880050001,6.5
2020-02-12 10-04-22,25,16,20880,,,,,,,,,4.875
2020-02-12 10-04-22,25,17,,5.23,5.45,5.99,,,,,,4.875
2020-02-12 10-04-22,25,18,,5.23,5.45,5.99,4.89,5.89,5.55,,,6.5
2020-02-12 10-04-22,25,19,,5.23,5.45,5.99,4.89,5.89,5.55,4.88,105.115405408,6.5
2020-02-12 10-05-15,10,16,49046,,,,,,,,,4.875
2020-02-12 10-05-15,10,17,,65.3,113.06,120.22,,,,,,4.875
2020-02-12 10-05-15,10,18,,65.3,113.06,120.22,45.28,40.95,40.96,,,6.5
2020-02-12 10-05-15,11,16,19781,,,,,,,,,4.875
2020-02-12 10-05-15,11,17,,7.33,6.51,7.01,,,,,,4.875
2020-02-12 10-05-15,11,18,,7.33,6.51,7.01,6.13,6.97,6.33,,,6.5
2020-02-12 10-05-15,11,19,,7.33,6.51,7.01,6.13,6.97,6.33,-39.389999999999986,-2.0462,6.5
2020-02-12 10-05-16,12,16,27783,,,,,,,,,4.875
2020-02-12 10-05-16,12,17,,6.53,5.67,5.89,,,,,,4.875
2020-02-12 10-05-16,12,18,,6.53,5.67,5.89,5.95,6.51,6.33,,,6.5
2020-02-12 10-05-16,12,19,,6.53,5.67,5.89,5.95,6.51,6.33,5.88,-2.0462,6.5
2020-02-12 10-05-16,13,16,27577,,,,,,,,,4.875
2020-02-12 10-05-16,13,17,,6.47,7.09,6.53,,,,,,4.875
2020-02-12 10-05-16,13,18,,6.47,7.09,6.53,6.47,6.83,6.43,,,6.5
2020-02-12 10-05-16,13,19,,6.47,7.09,6.53,6.47,6.83,6.43,6.22,95.0736271045,6.5
2020-02-12 10-05-17,14,16,27880,,,,,,,,,4.875
2020-02-12 10-05-17,14,17,,5.93,7.79,6.65,,,,,,4.875
2020-02-12 10-05-17,14,18,,5.93,7.79,6.65,7.23,6.21,6.03,,,6.5
2020-02-12 10-05-17,14,19,,5.93,7.79,6.65,7.23,6.21,6.03,6.51,104.2639678045,6.5
2020-02-12 10-05-17,15,16,0,,,,,,,,,4.875
2020-02-12 10-05-17,15,17,,0.0,0.0,0.0,,,,,,4.875
2020-02-12 10-05-17,15,18,,0.0,0.0,0.0,0.0,0.0,0.0,,,6.5
2020-02-12 10-05-17,15,19,,0.0,0.0,0.0,0.0,0.0,0.0,0.0,-2.0462,6.5
2020-02-12 10-05-18,16,16,20832,,,,,,,,,4.875
2020-02-12 10-05-18,16,17,,5.33,6.47,5.27,,,,,,4.875
2020-02-12 10-05-18,16,18,,5.33,6.47,5.27,5.59,5.07,5.55,,,6.5
2020-02-12 10-05-18,16,19,,5.33,6.47,5.27,5.59,5.07,5.55,6.0,27.860075122,6.5
2020-02-12 10-05-18,17,16,21226,,,,,,,,,4.875
2020-02-12 10-05-18,17,17,,6.65,7.05,6.29,,,,,,4.875
2020-02-12 10-05-18,17,18,,6.65,7.05,6.29,5.85,6.75,6.29,,,6.5
2020-02-12 10-05-18,17,19,,6.65,7.05,6.29,5.85,6.75,6.29,6.35,105.6040507045,6.5
2020-02-12 10-05-19,18,16,19668,,,,,,,,,4.875
2020-02-12 10-05-19,18,17,,5.77,5.95,5.73,,,,,,4.875
2020-02-12 10-05-19,18,18,,5.77,5.95,5.73,5.29,5.67,5.11,,,6.5
2020-02-12 10-05-19,18,19,,5.77,5.95,5.73,5.29,5.67,5.11,5.94,102.7590806645,6.5
2020-02-12 10-05-19,19,16,24699,,,,,,,,,4.875
2020-02-12 10-05-19,19,17,,6.57,6.03,6.21,,,,,,4.875
2020-02-12 10-05-19,19,18,,6.57,6.03,6.21,6.17,7.11,6.79,,,6.5
2020-02-12 10-05-19,19,19,,6.57,6.03,6.21,6.17,7.11,6.79,5.6,45.14120670050001,6.5
2020-02-12 10-05-20,20,16,46960,,,,,,,,,4.875
2020-02-12 10-05-20,20,17,,-327.67,-327.67,-327.67,,,,,,4.875
2020-02-12 10-05-20,20,18,,-327.67,-327.67,-327.67,-327.67,-327.67,-327.67,,,6.5
2020-02-12 10-05-20,20,19,,-327.67,-327.67,-327.67,-327.67,-327.67,-327.67,6.44,107.03756732050002,6.5
2020-02-12 10-05-20,21,16,25972,,,,,,,,,4.875
2020-02-12 10-05-20,21,17,,6.47,6.79,5.71,,,,,,4.875
2020-02-12 10-05-20,21,18,,6.47,6.79,5.71,5.93,6.17,6.91,,,6.5
2020-02-12 10-05-20,21,19,,6.47,6.79,5.71,5.93,6.17,6.91,6.34,99.05588,6.5
2020-02-12 10-05-21,22,16,25202,,,,,,,,,4.875
2020-02-12 10-05-21,22,17,,4.79,5.07,4.93,,,,,,4.875
2020-02-12 10-05-21,22,18,,4.79,5.07,4.93,4.37,5.81,5.27,,,6.5
2020-02-12 10-05-21,22,19,,4.79,5.07,4.93,4.37,5.81,5.27,6.2,54.510641544500004,6.5
2020-02-12 10-05-21,23,16,19887,,,,,,,,,4.875
2020-02-12 10-05-21,23,17,,6.35,7.01,6.11,,,,,,4.875
2020-02-12 10-05-21,23,18,,6.35,7.01,6.11,6.13,6.35,5.93,,,6.5
2020-02-12 10-05-21,23,19,,6.35,7.01,6.11,6.13,6.35,5.93,6.31,92.63392024450002,6.5
2020-02-12 10-05-22,25,16,20881,,,,,,,,,4.875
2020-02-12 10-05-22,25,17,,5.51,5.37,5.59,,,,,,4.875
2020-02-12 10-05-22,25,18,,5.51,5.37,5.59,5.23,5.55,5.29,,,6.5
2020-02-12 10-05-22,25,19,,5.51,5.37,5.59,5.23,5.55,5.29,5.0,105.03814558450001,6.5
2020-02-12 10-06-15,10,16,49047,,,,,,,,,4.875
2020-02-12 10-06-15,10,17,,72.7,115.62,121.81,,,,,,4.875
2020-02-12 10-06-15,10,18,,72.7,115.62,121.81,45.3,40.95,40.96,,,6.5
2020-02-12 10-06-15,11,16,19782,,,,,,,,,4.875
2020-02-12 10-06-15,11,17,,7.65,6.73,7.01,,,,,,4.875
2020-02-12 10-06-15,11,18,,7.65,6.73,7.01,6.61,6.61,6.35,,,6.5
2020-02-12 10-06-15,11,19,,7.65,6.73,7.01,6.61,6.61,6.35,-39.389999999999986,-2.0462,6.5
2020-02-12 10-06-16,12,16,27784,,,,,,,,,4.875
2020-02-12 10-06-16,12,17,,6.11,5.93,6.17,,,,,,4.875
2020-02-12 10-06-16,12,18,,6.11,5.93,6.17,5.99,6.53,6.11,,,6.5
2020-02-12 10-06-16,12,19,,6.11,5.93,6.17,5.99,6.53,6.11,5.91,-2.0462,6.5
2020-02-12 10-06-16,13,16,27578,,,,,,,,,4.875
2020-02-12 10-06-16,13,17,27578,5.99,6.75,6.87,,,,,,4.875
2020-02-12 10-06-16,13,18,,,,,6.13,6.69,6.35,,,6.5
2020-02-12 10-06-16,13,19,,,,,6.13,6.69,6.35,6.26,94.47964118450001,6.5
2020-02-12 10-06-17,14,16,27881,,,,,,,,,4.875
2020-02-12 10-06-17,14,17,,6.33,7.69,6.61,,,,,,4.875
2020-02-12 10-06-17,14,18,,6.33,7.69,6.61,7.27,6.29,6.11,,,6.5
2020-02-12 10-06-17,14,19,,6.33,7.69,6.61,7.27,6.29,6.11,6.63,104.1605271125,6.5
2020-02-12 10-06-17,15,16,0,,,,,,,,,4.875
2020-02-12 10-06-17,15,17,,0.0,0.0,0.0,,,,,,4.875
2020-02-12 10-06-17,15,18,,0.0,0.0,0.0,0.0,0.0,0.0,,,6.5
2020-02-12 10-06-17,15,19,,0.0,0.0,0.0,0.0,0.0,0.0,0.0,-2.0462,6.5
2020-02-12 10-06-18,16,16,20833,,,,,,,,,4.875
2020-02-12 10-06-18,16,17,,5.59,6.21,5.41,,,,,,4.875
2020-02-12 10-06-18,16,18,,5.59,6.21,5.41,4.79,5.33,5.59,,,6.5
2020-02-12 10-06-18,16,19,,5.59,6.21,5.41,4.79,5.33,5.59,6.12,27.860075122,6.5
2020-02-12 10-06-18,17,16,21227,,,,,,,,,4.875
2020-02-12 10-06-18,17,17,,6.21,6.97,5.81,,,,,,4.875
2020-02-12 10-06-18,17,18,,6.21,6.97,5.81,5.59,6.65,6.25,,,6.5
2020-02-12 10-06-18,17,19,,6.21,6.97,5.81,5.59,6.65,6.25,6.43,105.681099922,6.5
2020-02-12 10-06-19,18,16,19669,,,,,,,,,4.875
2020-02-12 10-06-19,18,17,,5.89,6.33,5.85,,,,,,4.875
2020-02-12 10-06-19,18,18,,5.89,6.33,5.85,5.55,5.77,5.15,,,6.5
2020-02-12 10-06-19,18,19,,5.89,6.33,5.85,5.55,5.77,5.15,6.0,102.7590806645,6.5
2020-02-12 10-06-19,19,16,24700,,,,,,,,,4.875
2020-02-12 10-06-19,19,17,,6.93,6.53,6.21,,,,,,4.875
2020-02-12 10-06-19,19,18,,6.93,6.53,6.21,6.25,7.45,6.83,,,6.5
2020-02-12 10-06-19,19,19,,6.93,6.53,6.21,6.25,7.45,6.83,5.65,48.359042000500004,6.5
2020-02-12 10-06-20,20,16,46961,,,,,,,,,4.875
2020-02-12 10-06-20,20,17,,-327.67,-327.67,-327.67,,,,,,4.875
2020-02-12 10-06-20,20,18,,-327.67,-327.67,-327.67,-327.67,-327.67,-327.67,,,6.5
2020-02-12 10-06-20,20,19,,-327.67,-327.67,-327.67,-327.67,-327.67,-327.67,6.55,107.01205656200003,6.5
2020-02-12 10-06-20,21,16,25973,,,,,,,,,4.875
2020-02-12 10-06-20,21,17,,6.43,6.93,6.17,,,,,,4.875
2020-02-12 10-06-20,21,18,,6.43,6.93,6.17,5.95,6.47,6.65,,,6.5
2020-02-12 10-06-20,21,19,,6.43,6.93,6.17,5.95,6.47,6.65,6.4,98.9763992405,6.5
2020-02-12 10-06-21,22,16,25203,,,,,,,,,4.875
2020-02-12 10-06-21,22,17,,5.05,5.19,5.01,,,,,,4.875
2020-02-12 10-06-21,22,18,,5.05,5.19,5.01,5.05,5.63,5.85,,,6.5
2020-02-12 10-06-21,22,19,,5.05,5.19,5.01,5.05,5.63,5.85,6.28,53.09442195200001,6.5
2020-02-12 10-06-21,23,16,19888,,,,,,,,,4.875
2020-02-12 10-06-21,23,17,,6.21,7.11,6.47,,,,,,4.875
2020-02-12 10-06-21,23,18,,6.21,7.11,6.47,6.47,6.17,5.81,,,6.5
2020-02-12 10-06-21,23,19,,6.21,7.11,6.47,6.47,6.17,5.81,6.38,91.9789664605,6.5
2020-02-12 10-06-22,25,16,20882,,,,,,,,,4.875
2020-02-12 10-06-22,25,17,,5.15,5.19,5.95,,,,,,4.875
2020-02-12 10-06-22,25,18,,5.15,5.19,5.95,5.23,5.45,5.33,,,6.5
2020-02-12 10-06-22,25,19,,5.15,5.19,5.95,5.23,5.45,5.33,5.0,105.03814558450001,6.5
2020-02-12 10-07-14,10,16,49048,,,,,,,,,4.937
2020-02-12 10-07-14,10,17,,93.1,123.84,125.15,,,,,,4.937
2020-02-12 10-07-14,10,18,,93.1,123.84,125.15,45.27,40.95,40.96,,,6.5
2020-02-12 10-07-14,11,16,19783,,,,,,,,,4.937
2020-02-12 10-07-14,11,17,,7.69,6.91,7.19,,,,,,4.937
2020-02-12 10-07-14,11,18,,7.69,6.91,7.19,6.83,6.87,5.99,,,6.5
2020-02-12 10-07-14,11,19,,7.69,6.91,7.19,6.83,6.87,5.99,-39.389999999999986,-2.0462,6.5
2020-02-12 10-07-15,12,16,27785,,,,,,,,,4.937
2020-02-12 10-07-15,12,17,,6.33,5.71,6.61,,,,,,4.937
2020-02-12 10-07-15,12,18,,6.33,5.71,6.61,6.39,6.61,6.29,,,6.5
2020-02-12 10-07-15,12,19,,6.33,5.71,6.61,6.39,6.61,6.29,5.96,-2.0462,6.5
2020-02-12 10-07-15,13,16,27579,,,,,,,,,4.937
2020-02-12 10-07-15,13,17,,6.87,7.45,6.91,,,,,,4.937
2020-02-12 10-07-15,13,18,,6.87,7.45,6.91,6.53,7.11,6.61,,,6.5
2020-02-12 10-07-15,13,19,,6.87,7.45,6.91,6.53,7.11,6.61,6.37,94.5337037245,6.5
2020-02-12 10-07-16,14,16,27882,,,,,,,,,4.937
2020-02-12 10-07-16,14,17,,5.85,8.05,6.97,,,,,,4.937
2020-02-12 10-07-16,14,18,,5.85,8.05,6.97,7.51,6.35,6.11,,,6.5
2020-02-12 10-07-16,14,19,,5.85,8.05,6.97,7.51,6.35,6.11,6.76,104.1605271125,6.5
2020-02-12 10-07-16,15,16,0,,,,,,,,,4.937
2020-02-12 10-07-16,15,17,,0.0,0.0,0.0,,,,,,4.937
2020-02-12 10-07-16,15,18,,0.0,0.0,0.0,0.0,0.0,0.0,,,6.5
2020-02-12 10-07-16,15,19,,0.0,0.0,0.0,0.0,0.0,0.0,0.0,-2.0462,6.5
2020-02-12 10-07-17,16,16,20834,,,,,,,,,4.937
2020-02-12 10-07-17,16,17,,5.55,6.47,5.37,,,,,,4.937
2020-02-12 10-07-17,16,18,,5.55,6.47,5.37,4.97,5.67,5.99,,,6.5
2020-02-12 10-07-17,16,19,,5.55,6.47,5.37,4.97,5.67,5.99,6.19,27.792067912000004,6.5
2020-02-12 10-07-17,17,16,21228,,,,,,,,,4.937
2020-02-12 10-07-17,17,17,,6.33,7.55,6.03,,,,,,4.937
2020-02-12 10-07-17,17,18,,6.33,7.55,6.03,5.95,6.79,5.73,,,6.5
2020-02-12 10-07-17,17,19,,6.33,7.55,6.03,5.95,6.79,5.73,6.56,105.50127374050001,6.5
2020-02-12 10-07-18,18,16,19670,,,,,,,,,4.937
2020-02-12 10-07-18,18,17,,6.07,6.47,6.29,,,,,,4.937
2020-02-12 10-07-18,18,18,,6.07,6.47,6.29,5.59,5.29,5.15,,,6.5
2020-02-12 10-07-18,18,19,,6.07,6.47,6.29,5.59,5.29,5.15,6.04,102.9672895045,6.5
2020-02-12 10-07-18,19,16,24701,,,,,,,,,4.937
2020-02-12 10-07-18,19,17,,7.01,6.73,6.47,,,,,,4.937
2020-02-12 10-07-18,19,18,,7.01,6.73,6.47,6.29,7.69,6.75,,,6.5
2020-02-12 10-07-18,19,19,,7.01,6.73,6.47,6.29,7.69,6.75,5.7,49.955993400500006,6.5
2020-02-12 10-07-19,20,16,46962,,,,,,,,,4.937
2020-02-12 10-07-19,20,17,,-327.67,-327.67,-327.67,,,,,,4.937
2020-02-12 10-07-19,20,18,,-327.67,-327.67,-327.67,-327.67,-327.67,-327.67,,,6.5
2020-02-12 10-07-19,20,19,,-327.67,-327.67,-327.67,-327.67,-327.67,-327.67,6.66,107.03756732050002,6.5
2020-02-12 10-07-19,21,16,25974,,,,,,,,,4.937
2020-02-12 10-07-20,21,17,,6.61,7.09,5.71,,,,,,4.937
2020-02-12 10-07-20,21,18,,6.61,7.09,5.71,6.03,6.69,7.37,,,6.5
2020-02-12 10-07-20,21,19,,6.61,7.09,5.71,6.03,6.69,7.37,6.5,98.9763992405,6.5
2020-02-12 10-07-20,22,16,25204,,,,,,,,,4.937
2020-02-12 10-07-20,22,17,,5.23,5.37,4.97,,,,,,4.937
2020-02-12 10-07-20,22,18,,5.23,5.37,4.97,4.67,5.93,5.49,,,6.5
2020-02-12 10-07-20,22,19,,5.23,5.37,4.97,4.67,5.93,5.49,6.35,55.67024801800001,6.5
2020-02-12 10-07-21,23,16,19889,,,,,,,,,4.937
2020-02-12 10-07-21,23,17,,6.61,7.23,6.73,,,,,,4.937
2020-02-12 10-07-21,23,18,,6.61,7.23,6.73,6.51,6.87,6.35,,,6.5
2020-02-12 10-07-21,23,19,,6.61,7.23,6.73,6.51,6.87,6.35,6.48,91.78759205,6.5
2020-02-12 10-07-22,25,16,20883,,,,,,,,,4.937
2020-02-12 10-07-22,25,17,,5.37,5.49,5.81,,,,,,4.937
2020-02-12 10-07-22,25,18,,5.37,5.49,5.81,4.79,5.63,5.33,,,6.5
2020-02-12 10-07-22,25,19,,5.37,5.49,5.81,4.79,5.63,5.33,5.01,105.03814558450001,6.5
2020-02-12 10-08-14,10,16,49049,,,,,,,,,4.937
2020-02-12 10-08-14,10,17,,118.67,125.05,126.98,,,,,,4.937
2020-02-12 10-08-14,10,18,,118.67,125.05,126.98,45.26,40.95,40.96,,,6.562
2020-02-12 10-08-15,11,16,19784,,,,,,,,,4.937
2020-02-12 10-08-15,11,17,,7.55,6.73,7.47,,,,,,4.937
2020-02-12 10-08-15,11,18,,7.55,6.73,7.47,6.91,6.65,5.29,,,6.562
2020-02-12 10-08-15,11,19,,7.55,6.73,7.47,6.91,6.65,5.29,-39.389999999999986,-2.0462,6.562
2020-02-12 10-08-15,12,16,27786,,,,,,,,,4.937
2020-02-12 10-08-15,12,17,,6.35,5.81,6.53,,,,,,4.937
2020-02-12 10-08-15,12,18,,6.35,5.81,6.53,6.53,6.69,6.47,,,6.562
2020-02-12 10-08-15,12,19,,6.35,5.81,6.53,6.53,6.69,6.47,6.04,-2.0462,6.562
2020-02-12 10-08-16,13,16,27580,,,,,,,,,4.937
2020-02-12 10-08-16,13,17,,6.91,7.41,7.19,,,,,,4.937
2020-02-12 10-08-16,13,18,,6.91,7.41,7.19,6.73,6.79,6.73,,,6.562
2020-02-12 10-08-16,13,19,,6.91,7.41,7.19,6.73,6.79,6.73,6.47,94.3173769805,6.562
2020-02-12 10-08-16,14,16,27883,,,,,,,,,4.937
2020-02-12 10-08-16,14,17,,6.51,7.77,7.05,,,,,,4.937
2020-02-12 10-08-16,14,18,,6.51,7.77,7.05,7.77,6.73,5.95,,,6.562
2020-02-12 10-08-16,14,19,,6.51,7.77,7.05,7.77,6.73,5.95,6.94,104.00527034450002,6.562
2020-02-12 10-08-17,15,16,0,,,,,,,,,4.937
2020-02-12 10-08-17,15,17,,0.0,0.0,0.0,,,,,,4.937
2020-02-12 10-08-17,15,18,,0.0,0.0,0.0,0.0,0.0,0.0,,,6.562
2020-02-12 10-08-17,15,19,,0.0,0.0,0.0,0.0,0.0,0.0,0.0,-2.0462,6.562
2020-02-12 10-08-17,16,16,20835,,,,,,,,,4.937
2020-02-12 10-08-17,16,17,,5.59,6.53,4.97,,,,,,4.937
2020-02-12 10-08-17,16,18,,5.59,6.53,4.97,5.63,5.73,6.39,,,6.562
2020-02-12 10-08-17,16,19,,5.59,6.53,4.97,5.63,5.73,6.39,6.33,27.7580595205,6.562
2020-02-12 10-08-18,17,16,21229,,,,,,,,,4.937
2020-02-12 10-08-18,17,17,,6.61,6.79,6.87,,,,,,4.937
2020-02-12 10-08-18,17,18,,6.61,6.79,6.87,5.81,7.11,6.13,,,6.562
2020-02-12 10-08-18,17,19,,6.61,6.79,6.87,5.81,7.11,6.13,6.65,105.55266860450001,6.562
2020-02-12 10-08-18,18,16,19671,,,,,,,,,4.937
2020-02-12 10-08-18,18,17,,6.17,6.29,6.87,,,,,,4.937
2020-02-12 10-08-18,18,18,,6.17,6.29,6.87,5.85,5.73,5.45,,,6.562
2020-02-12 10-08-18,18,19,,6.17,6.29,6.87,5.85,5.73,5.45,6.04,103.01930980450001,6.562
2020-02-12 10-08-19,19,16,24702,,,,,,,,,4.937
2020-02-12 10-08-19,19,17,,6.83,6.61,6.61,,,,,,4.937
2020-02-12 10-08-19,19,18,,6.83,6.61,6.61,6.47,7.59,6.91,,,6.562
2020-02-12 10-08-19,19,19,,6.83,6.61,6.61,6.47,7.59,6.91,5.76,50.115249778000006,6.562
2020-02-12 10-08-19,20,16,46963,,,,,,,,,4.937
2020-02-12 10-08-19,20,17,,-327.67,-327.67,-327.67,,,,,,4.937
2020-02-12 10-08-19,20,18,,-327.67,-327.67,-327.67,-327.67,-327.67,-327.67,,,6.562
2020-02-12 10-08-19,20,19,,-327.67,-327.67,-327.67,-327.67,-327.67,-327.67,6.8,106.98654261249999,6.562
2020-02-12 10-08-20,21,16,25975,,,,,,,,,4.937
2020-02-12 10-08-20,21,17,,6.65,7.29,6.17,,,,,,4.937
2020-02-12 10-08-20,21,18,,6.65,7.29,6.17,6.11,6.91,7.27,,,6.562
2020-02-12 10-08-20,21,19,,6.65,7.29,6.17,6.11,6.91,7.27,6.68,98.92339611250001,6.562
2020-02-12 10-08-20,22,16,25205,,,,,,,,,4.937
2020-02-12 10-08-20,22,17,,5.11,5.33,5.45,,,,,,4.937
2020-02-12 10-08-20,22,18,,5.11,5.33,5.45,4.67,6.29,5.55,,,6.562
2020-02-12 10-08-20,22,19,,5.11,5.33,5.45,4.67,6.29,5.55,6.42,55.451198064500005,6.562
2020-02-12 10-08-21,23,16,19890,,,,,,,,,4.937
2020-02-12 10-08-21,23,17,,6.91,7.95,7.09,,,,,,4.937
2020-02-12 10-08-21,23,18,,6.91,7.95,7.09,6.69,7.11,6.65,,,6.562
2020-02-12 10-08-21,23,19,,6.91,7.95,7.09,6.69,7.11,6.65,6.58,91.7055265805,6.562
2020-02-12 10-08-22,25,16,20884,,,,,,,,,4.937
2020-02-12 10-08-22,25,17,,5.41,5.73,5.95,,,,,,4.937
2020-02-12 10-08-22,25,18,,5.41,5.73,5.95,5.05,5.99,5.45,,,6.562
2020-02-12 10-08-22,25,19,,5.41,5.73,5.95,5.05,5.99,5.45,5.12,105.03814558450001,6.562
2020-02-12 10-09-14,10,16,49050,,,,,,,,,4.937
2020-02-12 10-09-14,10,17,,72.46,115.58,121.57,,,,,,4.937
2020-02-12 10-09-14,10,18,,72.46,115.58,121.57,45.32,40.95,40.96,,,6.562
2020-02-12 10-09-15,11,16,19785,,,,,,,,,4.937
2020-02-12 10-09-15,11,17,,7.23,6.83,7.09,,,,,,4.937
2020-02-12 10-09-15,11,18,,7.23,6.83,7.09,6.91,6.65,6.35,,,6.562
2020-02-12 10-09-15,11,19,,7.23,6.83,7.09,6.91,6.65,6.35,-39.389999999999986,-2.0462,6.562
2020-02-12 10-09-15,12,16,27787,,,,,,,,,4.937
2020-02-12 10-09-15,12,17,,6.21,5.67,6.29,,,,,,4.937
2020-02-12 10-09-15,12,18,,6.21,5.67,6.29,5.89,6.69,6.21,,,6.562
2020-02-12 10-09-15,12,19,,6.21,5.67,6.29,5.89,6.69,6.21,6.01,-2.0462,6.562
2020-02-12 10-09-16,13,16,27581,,,,,,,,,4.937
2020-02-12 10-09-16,13,17,,6.39,7.51,7.11,,,,,,4.937
2020-02-12 10-09-16,13,18,,6.39,7.51,7.11,6.73,6.73,6.53,,,6.562
2020-02-12 10-09-16,13,19,,6.39,7.51,7.11,6.73,6.73,6.53,6.39,93.64003961800002,6.562
2020-02-12 10-09-16,14,16,27884,,,,,,,,,4.937
2020-02-12 10-09-16,14,17,,6.33,7.95,6.83,,,,,,4.937
2020-02-12 10-09-16,14,18,,6.33,7.95,6.83,7.55,5.29,6.17,,,6.562
2020-02-12 10-09-16,14,19,,6.33,7.95,6.83,7.55,5.29,6.17,6.91,104.0570353645,6.562
2020-02-12 10-09-17,15,16,0,,,,,,,,,4.937
2020-02-12 10-09-17,15,17,,0.0,0.0,0.0,,,,,,4.937
2020-02-12 10-09-17,15,18,,0.0,0.0,0.0,0.0,0.0,0.0,,,6.562
2020-02-12 10-09-17,15,19,,0.0,0.0,0.0,0.0,0.0,0.0,0.0,-2.0462,6.562
2020-02-12 10-09-17,16,16,20836,,,,,,,,,4.937
2020-02-12 10-09-17,16,17,,5.77,6.35,4.97,,,,,,4.937
2020-02-12 10-09-17,16,18,,5.77,6.35,4.97,4.97,5.63,5.81,,,6.562
2020-02-12 10-09-17,16,19,,5.77,6.35,4.97,4.97,5.63,5.81,6.33,27.724047938000002,6.562
2020-02-12 10-09-18,17,16,21230,,,,,,,,,4.937
2020-02-12 10-09-18,17,17,,6.47,6.87,5.99,,,,,,4.937
2020-02-12 10-09-18,17,18,,6.47,6.87,5.99,5.89,6.73,6.35,,,6.562
2020-02-12 10-09-18,17,19,,6.47,6.87,5.99,5.89,6.73,6.35,6.69,104.62560816050001,6.562
2020-02-12 10-09-18,18,16,19672,,,,,,,,,4.937
2020-02-12 10-09-18,18,17,,5.85,6.13,6.11,,,,,,4.937
2020-02-12 10-09-18,18,18,,5.85,6.13,6.11,5.29,5.73,5.27,,,6.562
2020-02-12 10-09-18,18,19,,5.85,6.13,6.11,5.29,5.73,5.27,6.0,102.86321061250001,6.562
2020-02-12 10-09-19,19,16,24703,,,,,,,,,4.937
2020-02-12 10-09-19,19,17,,6.75,6.33,6.39,,,,,,4.937
2020-02-12 10-09-19,19,18,,6.75,6.33,6.39,6.43,7.45,6.61,,,6.562
2020-02-12 10-09-19,19,19,,6.75,6.33,6.39,6.43,7.45,6.61,5.73,55.26331651250001,6.562
2020-02-12 10-09-19,20,16,46964,,,,,,,,,4.937
2020-02-12 10-09-19,20,17,,-327.67,-327.67,-327.67,,,,,,4.937
2020-02-12 10-09-19,20,18,,-327.67,-327.67,-327.67,-327.67,-327.67,-327.67,,,6.562
2020-02-12 10-09-19,20,19,,-327.67,-327.67,-327.67,-327.67,-327.67,-327.67,6.72,106.9355051405,6.562
2020-02-12 10-09-20,21,16,25976,,,,,,,,,4.937
2020-02-12 10-09-20,21,17,,6.87,6.75,5.99,,,,,,4.937
2020-02-12 10-09-20,21,18,,6.87,6.75,5.99,6.13,6.73,7.37,,,6.562
2020-02-12 10-09-20,21,19,,6.87,6.75,5.99,6.13,6.73,7.37,6.55,98.92339611250001,6.562
2020-02-12 10-09-20,22,16,25206,,,,,,,,,4.937
2020-02-12 10-09-20,22,17,,5.15,5.05,5.27,,,,,,4.937
2020-02-12 10-09-20,22,18,,5.15,5.05,5.27,4.85,5.89,5.85,,,6.562
2020-02-12 10-09-20,22,19,,5.15,5.05,5.27,4.85,5.89,5.85,6.44,54.94992531250001,6.562
2020-02-12 10-09-21,23,16,19891,,,,,,,,,4.937
2020-02-12 10-09-21,23,17,,6.51,7.45,6.73,,,,,,4.937
2020-02-12 10-09-21,23,18,,6.51,7.45,6.73,6.47,6.87,6.33,,,6.562
2020-02-12 10-09-21,23,19,,6.51,7.45,6.73,6.47,6.87,6.33,6.52,91.51392880000002,6.562
2020-02-12 10-09-22,25,16,20885,,,,,,,,,4.937
2020-02-12 10-09-22,25,17,,5.73,5.59,6.21,,,,,,4.937
2020-02-12 10-09-22,25,18,,5.73,5.59,6.21,4.75,5.59,5.41,,,6.562
2020-02-12 10-09-22,25,19,,5.73,5.59,6.21,4.75,5.59,5.41,5.12,104.9350878125,6.562
2020-02-12 10-10-14,10,16,49051,,,,,,,,,4.937
2020-02-12 10-10-14,10,17,,108.03,121.28,124.62,,,,,,4.937
2020-02-12 10-10-14,10,18,,108.03,121.28,124.62,45.32,40.95,40.96,,,6.562
2020-02-12 10-10-15,11,16,19786,,,,,,,,,4.937
2020-02-12 10-10-15,11,17,,6.87,6.79,7.11,,,,,,4.937
2020-02-12 10-10-15,11,18,,6.87,6.79,7.11,6.65,6.53,5.93,,,6.562
2020-02-12 10-10-15,11,19,,6.87,6.79,7.11,6.65,6.53,5.93,-39.389999999999986,-2.0462,6.562
2020-02-12 10-10-15,12,16,27788,,,,,,,,,4.937
2020-02-12 10-10-15,12,17,,5.99,5.51,5.95,,,,,,4.937
2020-02-12 10-10-15,12,18,,5.99,5.51,5.95,6.07,6.53,6.17,,,6.562
2020-02-12 10-10-15,12,19,,5.99,5.51,5.95,6.07,6.53,6.17,5.81,-2.0462,6.562
2020-02-12 10-10-16,13,16,27582,,,,,,,,,4.937
2020-02-12 10-10-16,13,17,,6.61,7.29,7.23,,,,,,4.937
2020-02-12 10-10-16,13,18,,6.61,7.29,7.23,6.51,6.39,6.51,,,6.562
2020-02-12 10-10-16,13,19,,6.61,7.29,7.23,6.51,6.39,6.51,6.33,93.585766472,6.562
2020-02-12 10-10-16,14,16,27885,,,,,,,,,4.937
2020-02-12 10-10-16,14,17,,6.13,7.61,7.09,,,,,,4.937
2020-02-12 10-10-16,14,18,,6.13,7.61,7.09,7.83,6.43,6.25,,,6.562
2020-02-12 10-10-16,14,19,,6.13,7.61,7.09,7.83,6.43,6.25,6.66,104.10878762050001,6.562
2020-02-12 10-10-17,15,16,0,,,,,,,,,4.937
2020-02-12 10-10-17,15,17,,0.0,0.0,0.0,,,,,,4.937
2020-02-12 10-10-17,15,18,,0.0,0.0,0.0,0.0,0.0,0.0,,,6.562
2020-02-12 10-10-17,15,19,,0.0,0.0,0.0,0.0,0.0,0.0,0.0,-2.0462,6.562
2020-02-12 10-10-17,16,16,20837,,,,,,,,,4.937
2020-02-12 10-10-17,16,17,,5.15,6.75,5.01,,,,,,4.937
2020-02-12 10-10-17,16,18,,5.15,6.75,5.01,4.81,5.67,5.37,,,6.562
2020-02-12 10-10-17,16,19,,5.15,6.75,5.01,4.81,5.67,5.37,6.24,27.792067912000004,6.562
2020-02-12 10-10-18,17,16,21231,,,,,,,,,4.937
2020-02-12 10-10-18,17,17,,6.47,6.69,5.85,,,,,,4.937
2020-02-12 10-10-18,17,18,,6.47,6.69,5.85,5.41,6.51,6.35,,,6.562
2020-02-12 10-10-18,17,19,,6.47,6.69,5.85,5.41,6.51,6.35,6.62,105.7581204205,6.562
2020-02-12 10-10-18,18,16,19673,,,,,,,,,4.937
2020-02-12 10-10-18,18,17,,5.59,6.13,5.93,,,,,,4.937
2020-02-12 10-10-18,18,18,,5.59,6.13,5.93,5.33,5.73,5.11,,,6.562
2020-02-12 10-10-18,18,19,,5.59,6.13,5.93,5.33,5.73,5.11,5.82,102.0809915125,6.562
2020-02-12 10-10-19,19,16,24704,,,,,,,,,4.937
2020-02-12 10-10-19,19,17,,6.69,6.17,6.57,,,,,,4.937
2020-02-12 10-10-19,19,18,,6.69,6.17,6.57,6.39,7.41,6.65,,,6.562
2020-02-12 10-10-19,19,19,,6.69,6.17,6.57,6.39,7.41,6.65,5.62,58.6276084205,6.562
2020-02-12 10-10-19,20,16,46965,,,,,,,,,4.937
2020-02-12 10-10-19,20,17,,-327.67,-327.67,-327.67,,,,,,4.937
2020-02-12 10-10-19,20,18,,-327.67,-327.67,-327.67,-327.67,-327.67,-327.67,,,6.562
2020-02-12 10-10-19,20,19,,-327.67,-327.67,-327.67,-327.67,-327.67,-327.67,6.66,106.98654261249999,6.562
2020-02-12 10-10-20,21,16,25977,,,,,,,,,4.937
2020-02-12 10-10-20,21,17,,6.75,6.43,5.85,,,,,,4.937
2020-02-12 10-10-20,21,18,,6.75,6.43,5.85,5.99,6.17,7.15,,,6.562
2020-02-12 10-10-20,21,19,,6.75,6.43,5.85,5.99,6.17,7.15,6.45,98.92339611250001,6.562
2020-02-12 10-10-20,22,16,25207,,,,,,,,,4.937
2020-02-12 10-10-21,22,17,,5.01,5.27,5.23,,,,,,4.937
2020-02-12 10-10-21,22,18,,5.01,5.27,5.23,4.37,5.81,5.41,,,6.562
2020-02-12 10-10-21,22,19,,5.01,5.27,5.23,4.37,5.81,5.41,6.43,55.795349218000005,6.562
2020-02-12 10-10-21,23,16,19892,,,,,,,,,4.937
2020-02-12 10-10-21,23,17,,6.35,7.29,6.51,,,,,,4.937
2020-02-12 10-10-21,23,18,,6.35,7.29,6.51,6.29,6.69,6.25,,,6.562
2020-02-12 10-10-21,23,19,,6.35,7.29,6.51,6.29,6.69,6.25,6.4,91.04796894050001,6.562
2020-02-12 10-10-22,25,16,20886,,,,,,,,,4.937
2020-02-12 10-10-22,25,17,,5.45,5.59,5.71,,,,,,4.937
2020-02-12 10-10-22,25,18,,5.45,5.59,5.71,5.33,5.59,5.37,,,6.562
2020-02-12 10-10-22,25,19,,5.45,5.59,5.71,5.33,5.59,5.37,4.98,105.012385928,6.562
2020-02-12 10-11-14,10,16,49052,,,,,,,,,4.937
2020-02-12 10-11-15,10,17,,115.58,124.28,126.11,,,,,,4.937
2020-02-12 10-11-15,10,18,,115.58,124.28,126.11,45.28,40.95,40.96,,,6.562
2020-02-12 10-11-15,11,16,19787,,,,,,,,,4.937
2020-02-12 10-11-15,11,17,,7.29,7.05,7.27,,,,,,4.937
2020-02-12 10-11-15,11,18,,7.29,7.05,7.27,6.79,6.73,6.17,,,6.562
2020-02-12 10-11-15,11,19,,7.29,7.05,7.27,6.79,6.73,6.17,-39.389999999999986,-2.0462,6.562
2020-02-12 10-11-16,12,16,27789,,,,,,,,,4.937
2020-02-12 10-11-16,12,17,,6.35,5.67,6.03,,,,,,4.937
2020-02-12 10-11-16,12,18,,6.35,5.67,6.03,6.17,6.87,6.33,,,6.562
2020-02-12 10-11-16,12,19,,6.35,5.67,6.03,6.17,6.87,6.33,5.87,-2.0462,6.562
2020-02-12 10-11-16,13,16,27583,,,,,,,,,4.937
2020-02-12 10-11-16,13,17,,6.75,7.59,7.11,,,,,,4.937
2020-02-12 10-11-16,13,18,,6.75,7.59,7.11,6.53,6.73,6.57,,,6.562
2020-02-12 10-11-16,13,19,,6.75,7.59,7.11,6.53,6.73,6.57,6.33,93.88411082050001,6.562
2020-02-12 10-11-17,14,16,27886,,,,,,,,,4.937
2020-02-12 10-11-17,14,17,,6.43,7.77,7.23,,,,,,4.937
2020-02-12 10-11-17,14,18,,6.43,7.77,7.23,7.47,6.61,6.17,,,6.562
2020-02-12 10-11-17,14,19,,6.43,7.77,7.23,7.47,6.61,6.17,6.69,104.1605271125,6.562
2020-02-12 10-11-17,15,16,0,,,,,,,,,4.937
2020-02-12 10-11-17,15,17,,0.0,0.0,0.0,,,,,,4.937
2020-02-12 10-11-17,15,18,,0.0,0.0,0.0,0.0,0.0,0.0,,,6.562
2020-02-12 10-11-17,15,19,,0.0,0.0,0.0,0.0,0.0,0.0,0.0,-2.0462,6.562
2020-02-12 10-11-18,16,16,20838,,,,,,,,,4.937
2020-02-12 10-11-18,16,17,,5.45,6.93,4.67,,,,,,4.937
2020-02-12 10-11-18,16,18,,5.45,6.93,4.67,4.93,5.19,6.07,,,6.562
2020-02-12 10-11-18,16,19,,5.45,6.93,4.67,4.93,5.19,6.07,6.24,27.792067912000004,6.562
2020-02-12 10-11-18,17,16,21232,,,,,,,,,4.937
2020-02-12 10-11-18,17,17,,6.75,6.75,6.29,,,,,,4.937
2020-02-12 10-11-18,17,18,,6.75,6.75,6.29,5.81,6.65,6.35,,,6.562
2020-02-12 10-11-18,17,19,,6.75,6.75,6.29,5.81,6.65,6.35,6.54,105.269838898,6.562
2020-02-12 10-11-19,18,16,19674,,,,,,,,,4.937
2020-02-12 10-11-19,18,17,,5.89,6.13,6.35,,,,,,4.937
2020-02-12 10-11-19,18,18,,5.89,6.13,6.35,5.27,5.81,5.01,,,6.562
2020-02-12 10-11-19,18,19,,5.89,6.13,6.35,5.27,5.81,5.01,5.94,102.6548996605,6.562
2020-02-12 10-11-19,19,16,24705,,,,,,,,,4.937
2020-02-12 10-11-19,19,17,,6.47,6.65,6.21,,,,,,4.937
2020-02-12 10-11-19,19,18,,6.47,6.65,6.21,6.73,7.05,6.61,,,6.562
2020-02-12 10-11-19,19,19,,6.47,6.65,6.21,6.73,7.05,6.61,5.58,55.60767827200001,6.562
2020-02-12 10-11-20,20,16,46966,,,,,,,,,4.937
2020-02-12 10-11-20,20,17,,-327.67,-327.67,-327.67,,,,,,4.937
2020-02-12 10-11-20,20,18,,-327.67,-327.67,-327.67,-327.67,-327.67,-327.67,,,6.562
2020-02-12 10-11-20,20,19,,-327.67,-327.67,-327.67,-327.67,-327.67,-327.67,6.68,106.98654261249999,6.562
2020-02-12 10-11-20,21,16,25978,,,,,,,,,4.937
2020-02-12 10-11-20,21,17,,6.47,6.73,5.85,,,,,,4.937
2020-02-12 10-11-20,21,18,,6.47,6.73,5.85,6.03,6.69,6.73,,,6.562
2020-02-12 10-11-20,21,19,,6.47,6.73,5.85,6.03,6.69,6.73,6.42,98.9763992405,6.562
2020-02-12 10-11-21,22,16,25208,,,,,,,,,4.937
2020-02-12 10-11-21,22,17,,5.07,5.19,5.15,,,,,,4.937
2020-02-12 10-11-21,22,18,,5.07,5.19,5.15,4.33,5.81,5.85,,,6.562
2020-02-12 10-11-21,22,19,,5.07,5.19,5.15,4.33,5.81,5.85,6.37,61.21854768050001,6.562
2020-02-12 10-11-21,23,16,19893,,,,,,,,,4.937
2020-02-12 10-11-21,23,17,,6.53,7.37,6.47,,,,,,4.937
2020-02-12 10-11-21,23,18,,6.53,7.37,6.47,6.25,6.91,6.25,,,6.562
2020-02-12 10-11-21,23,19,,6.53,7.37,6.47,6.25,6.91,6.25,6.42,90.66354484450001,6.562
2020-02-12 10-11-22,25,16,20887,,,,,,,,,4.937
2020-02-12 10-11-22,25,17,,5.19,5.11,5.67,,,,,,4.937
2020-02-12 10-11-22,25,18,,5.19,5.11,5.67,4.93,5.59,5.19,,,6.562
2020-02-12 10-11-22,25,19,,5.19,5.11,5.67,4.93,5.59,5.19,5.02,105.06390205000001,6.562
2020-02-12 10-12-15,10,16,49053,,,,,,,,,4.875
2020-02-12 10-12-15,10,17,,105.81,119.97,124.57,,,,,,4.875
2020-02-12 10-12-15,10,18,,105.81,119.97,124.57,45.3,40.95,40.96,,,6.562
2020-02-12 10-12-15,11,16,19788,,,,,,,,,4.875
2020-02-12 10-12-15,11,17,,6.65,6.75,7.27,,,,,,4.875
2020-02-12 10-12-15,11,18,,6.65,6.75,7.27,6.79,6.73,6.17,,,6.562
2020-02-12 10-12-15,11,19,,6.65,6.75,7.27,6.79,6.73,6.17,-39.389999999999986,-2.0462,6.562
2020-02-12 10-12-16,12,16,27790,,,,,,,,,4.875
2020-02-12 10-12-16,12,17,,6.11,5.71,6.07,,,,,,4.875
2020-02-12 10-12-16,12,18,,6.11,5.71,6.07,6.13,6.43,6.11,,,6.562
2020-02-12 10-12-16,12,19,,6.11,5.71,6.07,6.13,6.43,6.11,5.91,-2.0462,6.562
2020-02-12 10-12-16,13,16,27584,,,,,,,,,4.875
2020-02-12 10-12-16,13,17,,6.21,7.01,6.03,,,,,,4.875
2020-02-12 10-12-16,13,18,,6.21,7.01,6.03,6.33,6.83,6.33,,,6.562
2020-02-12 10-12-16,13,19,,6.21,7.01,6.03,6.33,6.83,6.33,6.32,93.5043328205,6.562
2020-02-12 10-12-17,14,16,27887,,,,,,,,,4.875
2020-02-12 10-12-17,14,17,,6.43,7.23,6.53,,,,,,4.875
2020-02-12 10-12-17,14,18,,6.43,7.23,6.53,6.65,6.65,6.53,,,6.562
2020-02-12 10-12-17,14,19,,6.43,7.23,6.53,6.65,6.65,6.53,6.43,103.90170201250001,6.562
2020-02-12 10-12-17,15,16,0,,,,,,,,,4.875
2020-02-12 10-12-17,15,17,,0.0,0.0,0.0,,,,,,4.875
2020-02-12 10-12-17,15,18,,0.0,0.0,0.0,0.0,0.0,0.0,,,6.562
2020-02-12 10-12-17,15,19,,0.0,0.0,0.0,0.0,0.0,0.0,0.0,-2.0462,6.562
2020-02-12 10-12-18,16,16,20839,,,,,,,,,4.875
2020-02-12 10-12-18,16,17,,5.23,6.33,4.79,,,,,,4.875
2020-02-12 10-12-18,16,18,,5.23,6.33,4.79,4.85,5.23,5.27,,,6.562
2020-02-12 10-12-18,16,19,,5.23,6.33,4.79,4.85,5.23,5.27,5.93,27.928069568000005,6.562
2020-02-12 10-12-18,17,16,21233,,,,,,,,,4.875
2020-02-12 10-12-18,17,17,,6.43,6.03,7.05,,,,,,4.875
2020-02-12 10-12-18,17,18,,6.43,6.03,7.05,5.93,6.51,6.29,,,6.562
2020-02-12 10-12-18,17,19,,6.43,6.03,7.05,5.93,6.51,6.29,6.43,105.03814558450001,6.562
2020-02-12 10-12-19,18,16,19675,,,,,,,,,4.875
2020-02-12 10-12-19,18,17,,6.13,5.77,6.03,,,,,,4.875
2020-02-12 10-12-19,18,18,,6.13,5.77,6.03,5.49,5.71,5.07,,,6.562
2020-02-12 10-12-19,18,19,,6.13,5.77,6.03,5.49,5.71,5.07,5.84,101.845765762,6.562
2020-02-12 10-12-19,19,16,24706,,,,,,,,,4.875
2020-02-12 10-12-19,19,17,,6.53,6.51,6.35,,,,,,4.875
2020-02-12 10-12-19,19,18,,6.53,6.51,6.35,6.11,6.87,6.87,,,6.562
2020-02-12 10-12-19,19,19,,6.53,6.51,6.35,6.11,6.87,6.87,5.58,55.169332658,6.562
2020-02-12 10-12-20,20,16,46967,,,,,,,,,4.875
2020-02-12 10-12-20,20,17,,-327.67,-327.67,-327.67,,,,,,4.875
2020-02-12 10-12-20,20,18,,-327.67,-327.67,-327.67,-327.67,-327.67,-327.67,,,6.562
2020-02-12 10-12-20,20,19,,-327.67,-327.67,-327.67,-327.67,-327.67,-327.67,6.42,107.03756732050002,6.562
2020-02-12 10-12-20,21,16,25979,,,,,,,,,4.875
2020-02-12 10-12-20,21,17,,6.21,6.73,6.25,,,,,,4.875
2020-02-12 10-12-20,21,18,,6.21,6.73,6.25,6.39,5.99,6.47,,,6.562
2020-02-12 10-12-20,21,19,,6.21,6.73,6.25,6.39,5.99,6.47,6.38,98.94989927200001,6.562
2020-02-12 10-12-21,23,16,19894,,,,,,,,,4.875
2020-02-12 10-12-21,23,17,,6.47,6.91,6.21,,,,,,4.875
2020-02-12 10-12-21,23,18,,6.47,6.91,6.21,6.07,6.39,5.85,,,6.562
2020-02-12 10-12-21,23,19,,6.47,6.91,6.21,6.07,6.39,5.85,6.32,87.92726845000001,6.562
2020-02-12 10-12-22,25,16,20888,,,,,,,,,4.875
2020-02-12 10-12-22,25,17,,5.41,5.51,6.07,,,,,,4.875
2020-02-12 10-12-22,25,18,,5.41,5.51,6.07,5.33,5.07,5.33,,,6.562
2020-02-12 10-12-22,25,19,,5.41,5.51,6.07,5.33,5.07,5.33,5.0,105.03814558450001,6.562
2020-02-12 10-13-14,10,16,49054,,,,,,,,,4.875
2020-02-12 10-13-14,10,17,,81.98,119.25,123.41,,,,,,4.875
2020-02-12 10-13-14,10,18,,81.98,119.25,123.41,45.28,40.95,40.96,,,6.562
2020-02-12 10-13-14,11,16,19789,,,,,,,,,4.875
2020-02-12 10-13-14,11,17,,7.47,6.83,6.79,,,,,,4.875
2020-02-12 10-13-14,11,18,,7.47,6.83,6.79,6.87,6.79,6.29,,,6.562
2020-02-12 10-13-14,11,19,,7.47,6.83,6.79,6.87,6.79,6.29,-39.389999999999986,-2.0462,6.562
2020-02-12 10-13-15,12,16,27791,,,,,,,,,4.875
2020-02-12 10-13-15,12,17,,6.43,5.55,6.21,,,,,,4.875
2020-02-12 10-13-15,12,18,,6.43,5.55,6.21,6.21,6.73,6.13,,,6.562
2020-02-12 10-13-15,12,19,,6.43,5.55,6.21,6.21,6.73,6.13,6.04,-2.0462,6.562
2020-02-12 10-13-15,13,16,27585,,,,,,,,,4.875
2020-02-12 10-13-15,13,17,,6.39,7.29,6.87,,,,,,4.875
2020-02-12 10-13-15,13,18,,6.39,7.29,6.87,6.87,6.97,6.69,,,6.562
2020-02-12 10-13-15,13,19,,6.39,7.29,6.87,6.87,6.97,6.69,6.23,92.6884167605,6.562
2020-02-12 10-13-16,14,16,27888,,,,,,,,,4.875
2020-02-12 10-13-16,14,17,,6.61,8.01,6.91,,,,,,4.875
2020-02-12 10-13-16,14,18,,6.61,8.01,6.91,7.51,6.87,6.75,,,6.562
2020-02-12 10-13-16,14,19,,6.61,8.01,6.91,7.51,6.87,6.75,6.69,103.9534925605,6.562
2020-02-12 10-13-16,15,16,0,,,,,,,,,4.875
2020-02-12 10-13-16,15,17,,0.0,0.0,0.0,,,,,,4.875
2020-02-12 10-13-16,15,18,,0.0,0.0,0.0,0.0,0.0,0.0,,,6.562
2020-02-12 10-13-16,15,19,,0.0,0.0,0.0,0.0,0.0,0.0,0.0,-2.0462,6.562
2020-02-12 10-13-17,16,16,20840,,,,,,,,,4.875
2020-02-12 10-13-17,16,17,,5.59,5.73,5.67,,,,,,4.875
2020-02-12 10-13-17,16,18,,5.59,5.73,5.67,4.97,5.23,5.63,,,6.562
2020-02-12 10-13-17,16,19,,5.59,5.73,5.67,4.97,5.23,5.63,6.05,27.860075122,6.562
2020-02-12 10-13-17,17,16,21234,,,,,,,,,4.875
2020-02-12 10-13-17,17,17,21234,6.43,6.61,6.91,,,,,,4.875
2020-02-12 10-13-17,17,18,21234,6.43,6.61,6.91,5.95,6.93,6.43,,,6.562
2020-02-12 10-13-17,17,19,,,,,,,,6.52,105.269838898,6.562
2020-02-12 10-13-18,18,16,19676,,,,,,,,,4.875
2020-02-12 10-13-18,18,17,,5.93,6.21,6.29,,,,,,4.875
2020-02-12 10-13-18,18,18,,5.93,6.21,6.29,5.23,5.59,5.15,,,6.562
2020-02-12 10-13-18,18,19,,5.93,6.21,6.29,5.23,5.59,5.15,5.9,102.1854533245,6.562
2020-02-12 10-13-18,19,16,24707,,,,,,,,,4.875
2020-02-12 10-13-18,19,17,,6.69,7.09,5.81,,,,,,4.875
2020-02-12 10-13-18,19,18,,6.69,7.09,5.81,6.43,7.45,6.75,,,6.562
2020-02-12 10-13-18,19,19,,6.69,7.09,5.81,6.43,7.45,6.75,5.7,50.624334098000006,6.562
2020-02-12 10-13-19,20,16,46968,,,,,,,,,4.875
2020-02-12 10-13-19,20,17,,-327.67,-327.67,-327.67,,,,,,4.875
2020-02-12 10-13-19,20,18,,-327.67,-327.67,-327.67,-327.67,-327.67,-327.67,,,6.562
2020-02-12 10-13-19,20,19,,-327.67,-327.67,-327.67,-327.67,-327.67,-327.67,6.47,107.03756732050002,6.562
2020-02-12 10-13-19,21,16,25980,,,,,,,,,4.875
2020-02-12 10-13-19,21,17,,6.33,6.75,6.03,,,,,,4.875
2020-02-12 10-13-19,21,18,,6.33,6.75,6.03,6.25,6.53,7.09,,,6.562
2020-02-12 10-13-19,21,19,,6.33,6.75,6.03,6.25,6.53,7.09,6.54,98.92339611250001,6.562
2020-02-12 10-13-20,23,16,19895,,,,,,,,,4.875
2020-02-12 10-13-20,23,17,,6.65,7.41,6.61,,,,,,4.875
2020-02-12 10-13-20,23,18,,6.65,7.41,6.61,6.21,6.21,6.29,,,6.562
2020-02-12 10-13-20,23,19,,6.65,7.41,6.61,6.21,6.21,6.29,6.44,90.2784953125,6.562
2020-02-12 10-13-21,25,16,20889,,,,,,,,,4.875
2020-02-12 10-13-21,25,17,,5.59,5.77,6.07,,,,,,4.875
2020-02-12 10-13-21,25,18,,5.59,5.77,6.07,4.85,5.67,5.37,,,6.562
2020-02-12 10-13-21,25,19,,5.59,5.77,6.07,4.85,5.67,5.37,5.14,105.03814558450001,6.562
2020-02-12 10-14-14,10,16,49055,,,,,,,,,4.875
2020-02-12 10-14-14,10,17,,121.18,125.92,126.98,,,,,,4.875
2020-02-12 10-14-14,10,18,,121.18,125.92,126.98,45.29,40.95,40.96,,,6.562
2020-02-12 10-14-14,11,16,19790,,,,,,,,,4.875
2020-02-12 10-14-14,11,17,,7.65,6.93,6.75,,,,,,4.875
2020-02-12 10-14-14,11,18,,7.65,6.93,6.75,6.47,6.65,6.35,,,6.562
2020-02-12 10-14-14,11,19,,7.65,6.93,6.75,6.47,6.65,6.35,-39.389999999999986,-2.0462,6.562
2020-02-12 10-14-15,12,16,27792,,,,,,,,,4.875
2020-02-12 10-14-15,12,17,,6.61,5.59,6.07,,,,,,4.875
2020-02-12 10-14-15,12,18,,6.61,5.59,6.07,6.03,6.51,6.13,,,6.562
2020-02-12 10-14-15,12,19,,6.61,5.59,6.07,6.03,6.51,6.13,5.94,-2.0462,6.562
2020-02-12 10-14-15,13,16,27586,,,,,,,,,4.875
2020-02-12 10-14-15,13,17,,6.33,7.11,6.91,,,,,,4.875
2020-02-12 10-14-15,13,18,,6.33,7.11,6.91,6.47,7.11,6.29,,,6.562
2020-02-12 10-14-15,13,19,,6.33,7.11,6.91,6.47,7.11,6.29,6.12,91.5960612805,6.562
2020-02-12 10-14-16,14,16,27889,,,,,,,,,4.875
2020-02-12 10-14-16,14,17,,6.39,7.65,6.93,,,,,,4.875
2020-02-12 10-14-16,14,18,,6.39,7.65,6.93,6.97,6.65,5.93,,,6.562
2020-02-12 10-14-16,14,19,,6.39,7.65,6.93,6.97,6.65,5.93,6.66,104.00527034450002,6.562
2020-02-12 10-14-16,15,16,0,,,,,,,,,4.875
2020-02-12 10-14-16,15,17,,0.0,0.0,0.0,,,,,,4.875
2020-02-12 10-14-16,15,18,,0.0,0.0,0.0,0.0,0.0,0.0,,,6.562
2020-02-12 10-14-16,15,19,,0.0,0.0,0.0,0.0,0.0,0.0,0.0,-2.0462,6.562
2020-02-12 10-14-17,16,16,20841,,,,,,,,,4.875
2020-02-12 10-14-17,16,17,,5.27,6.11,5.85,,,,,,4.875
2020-02-12 10-14-17,16,18,,5.27,6.11,5.85,5.11,4.89,5.95,,,6.562
2020-02-12 10-14-17,16,19,,5.27,6.11,5.85,5.11,4.89,5.95,5.97,27.928069568000005,6.562
2020-02-12 10-14-17,17,16,21235,,,,,,,,,4.875
2020-02-12 10-14-17,17,17,,6.29,6.51,5.93,,,,,,4.875
2020-02-12 10-14-17,17,18,,6.29,6.51,5.93,5.85,6.65,6.07,,,6.562
2020-02-12 10-14-17,17,19,,6.29,6.51,5.93,5.85,6.65,6.07,6.43,105.3470125645,6.562
2020-02-12 10-14-18,18,16,19677,,,,,,,,,4.875
2020-02-12 10-14-18,18,17,,5.81,6.03,5.93,,,,,,4.875
2020-02-12 10-14-18,18,18,,5.81,6.03,5.93,5.19,5.63,5.27,,,6.562
2020-02-12 10-14-18,18,19,,5.81,6.03,5.93,5.19,5.63,5.27,5.86,102.34205031250002,6.562
2020-02-12 10-14-18,19,16,24708,,,,,,,,,4.875
2020-02-12 10-14-18,19,17,,6.87,6.75,5.77,,,,,,4.875
2020-02-12 10-14-18,19,18,,6.87,6.75,5.77,6.47,7.33,6.79,,,6.562
2020-02-12 10-14-18,19,19,,6.87,6.75,5.77,6.47,7.33,6.79,5.64,53.09442195200001,6.562
2020-02-12 10-14-19,20,17,,-327.67,-327.67,-327.67,,,,,,4.875
2020-02-12 10-14-19,20,18,,,,,-327.67,-327.67,-327.67,,,6.562
2020-02-12 10-14-19,20,19,,,,,-327.67,-327.67,-327.67,6.46,106.98654261249999,6.562
2020-02-12 10-14-19,21,16,25981,,,,,,,,,4.875
2020-02-12 10-14-20,21,17,,6.35,7.15,5.67,,,,,,4.875
2020-02-12 10-14-20,21,18,,6.35,7.15,5.67,6.17,6.79,7.19,,,6.562
2020-02-12 10-14-20,21,19,,6.35,7.15,5.67,6.17,6.79,7.19,6.48,98.92339611250001,6.562
2020-02-12 10-14-21,23,16,19896,,,,,,,,,4.875
2020-02-12 10-14-21,23,17,,6.53,7.15,6.25,,,,,,4.875
2020-02-12 10-14-21,23,18,,6.53,7.15,6.25,6.51,6.11,5.05,,,6.562
2020-02-12 10-14-21,23,19,,6.53,7.15,6.25,6.51,6.11,5.05,6.42,90.55359451250001,6.562
2020-02-12 10-14-22,25,16,20890,,,,,,,,,4.875
2020-02-12 10-14-22,25,17,,5.77,5.49,6.07,,,,,,4.875
2020-02-12 10-14-22,25,18,,5.77,5.49,6.07,4.67,5.67,5.19,,,6.562
2020-02-12 10-14-22,25,19,,5.77,5.49,6.07,4.67,5.67,5.19,5.14,104.98662308050001,6.562
2020-02-12 10-15-14,10,16,49056,,,,,,,,,4.875
2020-02-12 10-15-14,10,17,,72.02,115.62,121.62,,,,,,4.875
2020-02-12 10-15-14,10,18,,72.02,115.62,121.62,45.31,40.95,40.96,,,6.5
2020-02-12 10-15-15,11,16,19791,,,,,,,,,4.875
2020-02-12 10-15-15,11,17,,7.37,6.97,6.61,,,,,,4.875
2020-02-12 10-15-15,11,18,,7.37,6.97,6.61,6.69,6.83,6.21,,,6.5
2020-02-12 10-15-15,11,19,,7.37,6.97,6.61,6.69,6.83,6.21,-39.389999999999986,-2.0462,6.5
2020-02-12 10-15-15,12,16,27793,,,,,,,,,4.875
2020-02-12 10-15-15,12,17,,6.17,5.19,5.67,,,,,,4.875
2020-02-12 10-15-15,12,18,,6.17,5.19,5.67,5.67,6.13,6.21,,,6.5
2020-02-12 10-15-15,12,19,,6.17,5.19,5.67,5.67,6.13,6.21,5.82,-2.0462,6.5
2020-02-12 10-15-16,13,16,27587,,,,,,,,,4.875
2020-02-12 10-15-16,13,17,,5.99,7.01,6.25,,,,,,4.875
2020-02-12 10-15-16,13,18,,5.99,7.01,6.25,6.53,6.57,6.11,,,6.5
2020-02-12 10-15-16,13,19,,5.99,7.01,6.25,6.53,6.57,6.11,5.92,90.93819730450001,6.5
2020-02-12 10-15-16,14,16,27890,,,,,,,,,4.875
2020-02-12 10-15-16,14,17,,6.07,7.23,6.73,,,,,,4.875
2020-02-12 10-15-16,14,18,,6.07,7.23,6.73,6.93,6.51,5.99,,,6.5
2020-02-12 10-15-16,14,19,,6.07,7.23,6.73,6.93,6.51,5.99,6.6,104.00527034450002,6.5
2020-02-12 10-15-17,15,16,0,,,,,,,,,4.875
2020-02-12 10-15-17,15,17,,0.0,0.0,0.0,,,,,,4.875
2020-02-12 10-15-17,15,18,,0.0,0.0,0.0,0.0,0.0,0.0,,,6.5
2020-02-12 10-15-17,15,19,,0.0,0.0,0.0,0.0,0.0,0.0,0.0,-2.0462,6.5
2020-02-12 10-15-17,16,16,20842,,,,,,,,,4.875
2020-02-12 10-15-17,16,17,,4.85,5.95,4.75,,,,,,4.875
2020-02-12 10-15-17,16,18,,4.85,5.95,4.75,4.63,5.07,5.37,,,6.5
2020-02-12 10-15-17,16,19,,4.85,5.95,4.75,4.63,5.07,5.37,5.95,27.928069568000005,6.5
2020-02-12 10-15-18,17,16,21236,,,,,,,,,4.875
2020-02-12 10-15-18,17,17,,5.99,6.39,6.11,,,,,,4.875
2020-02-12 10-15-18,17,18,,5.99,6.39,6.11,5.85,6.75,5.99,,,6.5
2020-02-12 10-15-18,17,19,,5.99,6.39,6.11,5.85,6.75,5.99,6.32,105.32129120000002,6.5
2020-02-12 10-15-18,18,16,19678,,,,,,,,,4.875
2020-02-12 10-15-18,18,17,,5.63,5.93,5.85,,,,,,4.875
2020-02-12 10-15-18,18,18,,5.63,5.93,5.85,5.01,5.93,4.67,,,6.5
2020-02-12 10-15-18,18,19,,5.63,5.93,5.85,5.01,5.93,4.67,5.73,102.49853242450001,6.5
2020-02-12 10-15-19,22,16,25210,,,,,,,,,4.875
2020-02-12 10-15-19,22,17,,4.97,4.81,5.01,,,,,,4.875
2020-02-12 10-15-19,22,18,,4.97,4.81,5.01,4.11,5.77,5.29,,,6.5
2020-02-12 10-15-19,22,19,,4.97,4.81,5.01,4.11,5.77,5.29,6.08,58.131543380500005,6.5
2020-02-12 10-15-19,19,16,24709,,,,,,,,,4.875
2020-02-12 10-15-19,19,17,,6.53,6.43,5.55,,,,,,4.875
2020-02-12 10-15-19,19,18,,6.53,6.43,5.55,6.43,6.75,6.43,,,6.5
2020-02-12 10-15-19,19,19,,6.53,6.43,5.55,6.43,6.75,6.43,5.48,60.326601568,6.5
2020-02-12 10-15-19,20,16,46970,,,,,,,,,4.875
2020-02-12 10-15-19,20,17,,-327.67,-327.67,-327.67,,,,,,4.875
2020-02-12 10-15-19,20,18,,-327.67,-327.67,-327.67,-327.67,-327.67,-327.67,,,6.5
2020-02-12 10-15-19,20,19,,-327.67,-327.67,-327.67,-327.67,-327.67,-327.67,6.29,106.98654261249999,6.5
2020-02-12 10-15-20,21,16,25982,,,,,,,,,4.875
2020-02-12 10-15-20,21,17,,6.51,6.91,5.51,,,,,,4.875
2020-02-12 10-15-20,21,18,,6.51,6.91,5.51,5.93,5.29,6.47,,,6.5
2020-02-12 10-15-20,21,19,,6.51,6.91,5.51,5.93,5.29,6.47,6.35,98.87038022050001,6.5
2020-02-12 10-15-20,22,16,25210,,,,,,,,,4.875
2020-02-12 10-15-20,22,17,,4.97,4.81,5.01,,,,,,4.875
2020-02-12 10-15-20,22,18,,4.97,4.81,5.01,4.11,5.77,5.29,,,6.5
2020-02-12 10-15-20,22,19,,4.97,4.81,5.01,4.11,5.77,5.29,6.08,58.131543380500005,6.5
2020-02-12 10-15-21,23,16,19897,,,,,,,,,4.875
2020-02-12 10-15-21,23,17,,6.13,6.91,6.25,,,,,,4.875
2020-02-12 10-15-21,23,18,,6.13,6.91,6.25,6.07,5.77,5.73,,,6.5
2020-02-12 10-15-21,23,19,,6.13,6.91,6.25,6.07,5.77,5.73,6.27,90.581086882,6.5
2020-02-12 10-15-22,25,16,20891,,,,,,,,,4.875
2020-02-12 10-15-22,25,17,,5.37,5.67,5.07,,,,,,4.875
2020-02-12 10-15-22,25,18,,5.37,5.67,5.07,5.59,4.85,4.93,,,6.5
2020-02-12 10-15-22,25,19,,5.37,5.67,5.07,5.59,4.85,4.93,5.18,104.98662308050001,6.5
2020-02-12 10-16-14,10,16,49057,,,,,,,,,4.812
2020-02-12 10-16-14,10,17,,114.08,123.26,125.82,,,,,,4.812
2020-02-12 10-16-14,10,18,,114.08,123.26,125.82,45.26,40.95,40.96,,,6.375
2020-02-12 10-16-15,11,16,19792,,,,,,,,,4.812
2020-02-12 10-16-15,11,17,,7.09,6.87,6.97,,,,,,4.812
2020-02-12 10-16-15,11,18,,7.09,6.87,6.97,6.39,6.33,5.95,,,6.375
2020-02-12 10-16-15,11,19,,7.09,6.87,6.97,6.39,6.33,5.95,-39.389999999999986,-2.0462,6.375
2020-02-12 10-16-15,12,16,27794,,,,,,,,,4.812
2020-02-12 10-16-15,12,17,,6.13,5.41,5.95,,,,,,4.812
2020-02-12 10-16-15,12,18,,6.13,5.41,5.95,5.89,6.43,6.07,,,6.375
2020-02-12 10-16-15,12,19,,6.13,5.41,5.95,5.89,6.43,6.07,5.74,-2.0462,6.375
2020-02-12 10-16-16,13,16,27588,,,,,,,,,4.812
2020-02-12 10-16-16,13,17,,6.39,7.15,6.91,,,,,,4.812
2020-02-12 10-16-16,13,18,,6.39,7.15,6.91,6.39,6.87,6.11,,,6.375
2020-02-12 10-16-16,13,19,,6.39,7.15,6.91,6.39,6.87,6.11,5.92,92.497623112,6.375
2020-02-12 10-16-16,14,16,27891,,,,,,,,,4.812
2020-02-12 10-16-16,14,17,,6.03,7.51,6.57,,,,,,4.812
2020-02-12 10-16-16,14,18,,6.03,7.51,6.57,7.11,6.61,5.07,,,6.375
2020-02-12 10-16-16,14,19,,6.03,7.51,6.57,7.11,6.61,5.07,6.44,104.10878762050001,6.375
2020-02-12 10-16-17,15,16,0,,,,,,,,,4.812
2020-02-12 10-16-17,15,17,,0.0,0.0,0.0,,,,,,4.812
2020-02-12 10-16-17,15,18,,0.0,0.0,0.0,0.0,0.0,0.0,,,6.375
2020-02-12 10-16-17,15,19,,0.0,0.0,0.0,0.0,0.0,0.0,0.0,-2.0462,6.375
2020-02-12 10-16-17,16,16,20843,,,,,,,,,4.812
2020-02-12 10-16-17,16,17,,5.45,6.07,5.49,,,,,,4.812
2020-02-12 10-16-17,16,18,,5.45,6.07,5.49,4.79,5.27,5.11,,,6.375
2020-02-12 10-16-17,16,19,,5.45,6.07,5.49,4.79,5.27,5.11,5.92,27.962062004500005,6.375
2020-02-12 10-16-18,17,16,21237,,,,,,,,,4.812
2020-02-12 10-16-18,17,17,,6.25,6.91,6.39,,,,,,4.812
2020-02-12 10-16-18,17,18,,6.25,6.91,6.39,5.33,6.75,6.11,,,6.375
2020-02-12 10-16-18,17,19,,6.25,6.91,6.39,5.33,6.75,6.11,6.32,105.2955666445,6.375
2020-02-12 10-16-18,18,16,19679,,,,,,,,,4.812
2020-02-12 10-16-18,18,17,,5.85,6.03,6.47,,,,,,4.812
2020-02-12 10-16-18,18,18,,5.85,6.03,6.47,5.37,5.59,4.79,,,6.375
2020-02-12 10-16-18,18,19,,5.85,6.03,6.47,5.37,5.59,4.79,5.76,102.23766508450001,6.375
2020-02-12 10-16-19,19,16,24710,,,,,,,,,4.812
2020-02-12 10-16-19,19,17,,6.21,6.39,6.17,,,,,,4.812
2020-02-12 10-16-19,19,18,,6.21,6.39,6.17,6.43,7.55,6.69,,,6.375
2020-02-12 10-16-19,19,19,,6.21,6.39,6.17,6.43,7.55,6.69,5.43,58.41068048200001,6.375
2020-02-12 10-16-19,20,16,46971,,,,,,,,,4.812
2020-02-12 10-16-19,20,17,,-327.67,-327.67,-327.67,,,,,,4.812
2020-02-12 10-16-19,20,18,,-327.67,-327.67,-327.67,-327.67,-327.67,-327.67,,,6.375
2020-02-12 10-16-19,20,19,,-327.67,-327.67,-327.67,-327.67,-327.67,-327.67,6.32,107.1395784445,6.375
2020-02-12 10-16-20,21,16,25983,,,,,,,,,4.812
2020-02-12 10-16-20,21,17,,6.53,6.75,5.59,,,,,,4.812
2020-02-12 10-16-20,21,18,,6.53,6.75,5.59,6.17,6.03,6.69,,,6.375
2020-02-12 10-16-20,21,19,,6.53,6.75,5.59,6.17,6.03,6.69,6.31,98.84386748800001,6.375
2020-02-12 10-16-20,22,16,25211,,,,,,,,,4.812
2020-02-12 10-16-20,22,17,,4.31,4.93,4.75,,,,,,4.812
2020-02-12 10-16-20,22,18,,4.31,4.93,4.75,3.97,5.51,5.33,,,6.375
2020-02-12 10-16-20,22,19,,4.31,4.93,4.75,3.97,5.51,5.33,6.14,56.01415346450001,6.375
2020-02-12 10-16-21,23,16,19898,,,,,,,,,4.812
2020-02-12 10-16-21,23,17,,6.25,6.93,6.13,,,,,,4.812
2020-02-12 10-16-21,23,18,,6.25,6.93,6.13,6.07,6.53,5.93,,,6.375
2020-02-12 10-16-21,23,19,,6.25,6.93,6.13,6.07,6.53,5.93,6.12,90.80091096200002,6.375
2020-02-12 10-16-22,25,16,20892,,,,,,,,,4.812
2020-02-12 10-16-22,25,17,,5.71,5.41,5.85,,,,,,4.812
2020-02-12 10-16-22,25,18,,5.71,5.41,5.85,5.27,4.45,5.11,,,6.375
2020-02-12 10-16-22,25,19,,5.71,5.41,5.85,5.27,4.45,5.11,5.06,105.03814558450001,6.375
2020-02-12 10-17-14,10,16,49058,,,,,,,,,4.75
2020-02-12 10-17-15,10,17,,97.79,126.16,126.84,,,,,,4.75
2020-02-12 10-17-15,10,18,,97.79,126.16,126.84,45.25,40.95,40.96,,,6.312
2020-02-12 10-17-15,11,16,19793,,,,,,,,,4.75
2020-02-12 10-17-15,11,17,,7.65,6.69,7.65,,,,,,4.75
2020-02-12 10-17-15,11,18,,7.65,6.69,7.65,6.69,6.69,6.13,,,6.312
2020-02-12 10-17-15,11,19,,7.65,6.69,7.65,6.69,6.69,6.13,-39.389999999999986,-2.0462,6.312
2020-02-12 10-17-16,12,16,27795,,,,,,,,,4.75
2020-02-12 10-17-16,12,17,,6.29,5.73,6.33,,,,,,4.75
2020-02-12 10-17-16,12,18,,6.29,5.73,6.33,6.25,6.79,6.57,,,6.312
2020-02-12 10-17-16,12,19,,6.29,5.73,6.33,6.25,6.79,6.57,5.81,-2.0462,6.312
2020-02-12 10-17-16,13,16,27589,,,,,,,,,4.75
2020-02-12 10-17-16,13,17,,6.57,7.37,7.19,,,,,,4.75
2020-02-12 10-17-16,13,18,,6.57,7.37,7.19,6.83,7.45,6.61,,,6.312
2020-02-12 10-17-16,13,19,,6.57,7.37,7.19,6.83,7.45,6.61,6.11,93.64003961800002,6.312
2020-02-12 10-17-17,14,16,27892,,,,,,,,,4.75
2020-02-12 10-17-17,14,17,,6.47,7.73,7.23,,,,,,4.75
2020-02-12 10-17-17,14,18,,6.47,7.73,7.23,7.45,6.83,6.29,,,6.312
2020-02-12 10-17-17,14,19,,6.47,7.73,7.23,7.45,6.83,6.29,6.57,104.10878762050001,6.312
2020-02-12 10-17-17,15,16,0,,,,,,,,,4.75
2020-02-12 10-17-17,15,17,,0.0,0.0,0.0,,,,,,4.75
2020-02-12 10-17-17,15,18,,0.0,0.0,0.0,0.0,0.0,0.0,,,6.312
2020-02-12 10-17-17,15,19,,0.0,0.0,0.0,0.0,0.0,0.0,0.0,-2.0462,6.312
2020-02-12 10-17-18,16,16,20844,,,,,,,,,4.75
2020-02-12 10-17-18,16,17,,5.49,6.25,5.37,,,,,,4.75
2020-02-12 10-17-18,16,18,,5.49,6.25,5.37,4.71,5.45,5.59,,,6.312
2020-02-12 10-17-18,16,19,,5.49,6.25,5.37,4.71,5.45,5.59,6.1,27.928069568000005,6.312
2020-02-12 10-17-18,17,16,21238,,,,,,,,,4.75
2020-02-12 10-17-18,17,17,,6.47,6.93,6.57,,,,,,4.75
2020-02-12 10-17-18,17,18,,6.47,6.93,6.57,5.89,6.75,6.43,,,6.312
2020-02-12 10-17-18,17,19,,6.47,6.93,6.57,5.89,6.75,6.43,6.5,105.3470125645,6.312
2020-02-12 10-17-19,18,16,19680,,,,,,,,,4.75
2020-02-12 10-17-19,18,17,,5.67,6.29,6.13,,,,,,4.75
2020-02-12 10-17-19,18,18,,5.67,6.29,6.13,5.51,5.67,5.05,,,6.312
2020-02-12 10-17-19,18,19,,5.67,6.29,6.13,5.51,5.67,5.05,5.93,102.7069965445,6.312
2020-02-12 10-17-19,19,16,24711,,,,,,,,,4.75
2020-02-12 10-17-19,19,17,,6.79,6.39,6.47,,,,,,4.75
2020-02-12 10-17-19,19,18,,6.79,6.39,6.47,6.69,7.77,6.83,,,6.312
2020-02-12 10-17-19,19,19,,6.79,6.39,6.47,6.69,7.77,6.83,5.57,54.47924020000001,6.312
2020-02-12 10-17-20,20,16,46972,,,,,,,,,4.75
2020-02-12 10-17-20,20,17,,-327.67,-327.67,-327.67,,,,,,4.75
2020-02-12 10-17-20,20,18,,-327.67,-327.67,-327.67,-327.67,-327.67,-327.67,,,6.312
2020-02-12 10-17-20,20,19,,-327.67,-327.67,-327.67,-327.67,-327.67,-327.67,6.46,107.0885792645,6.312
2020-02-12 10-17-20,21,16,25984,,,,,,,,,4.75
2020-02-12 10-17-20,21,17,,6.61,6.87,5.99,,,,,,4.75
2020-02-12 10-17-20,21,18,,6.61,6.87,5.99,6.47,6.35,7.29,,,6.312
2020-02-12 10-17-20,21,19,,6.61,6.87,5.99,6.47,6.35,7.29,6.4,98.896889762,6.312
2020-02-12 10-17-21,22,16,25212,,,,,,,,,4.75
2020-02-12 10-17-21,22,17,,4.75,5.15,4.89,,,,,,4.75
2020-02-12 10-17-21,22,18,,4.75,5.15,4.89,4.79,5.85,5.55,,,6.312
2020-02-12 10-17-21,22,19,,4.75,5.15,4.89,4.79,5.85,5.55,6.31,54.290765122,6.312
2020-02-12 10-17-21,23,16,19899,,,,,,,,,4.75
2020-02-12 10-17-21,23,17,,6.47,7.33,6.43,,,,,,4.75
2020-02-12 10-17-21,23,18,,6.47,7.33,6.43,6.65,6.93,5.99,,,6.312
2020-02-12 10-17-21,23,19,,6.47,7.33,6.43,6.65,6.93,5.99,6.22,91.294768448,6.312
2020-02-12 10-17-22,25,16,20893,,,,,,,,,4.75
2020-02-12 10-17-22,25,17,,5.89,5.73,5.95,,,,,,4.75
2020-02-12 10-17-22,25,18,,5.89,5.73,5.95,5.01,6.17,5.05,,,6.312
2020-02-12 10-17-22,25,19,,5.89,5.73,5.95,5.01,6.17,5.05,5.06,105.0896553245,6.312
2020-02-12 10-18-15,10,16,49059,,,,,,,,,4.75
2020-02-12 10-18-15,10,17,,109.34,121.38,124.76,,,,,,4.75
2020-02-12 10-18-15,10,18,,109.34,121.38,124.76,45.27,40.95,40.96,,,6.312
2020-02-12 10-18-15,11,16,19794,,,,,,,,,4.75
2020-02-12 10-18-15,11,17,,7.59,6.93,7.87,,,,,,4.75
2020-02-12 10-18-15,11,18,,7.59,6.93,7.87,7.09,6.97,6.29,,,6.312
2020-02-12 10-18-15,11,19,,7.59,6.93,7.87,7.09,6.97,6.29,-39.389999999999986,-2.0462,6.312
2020-02-12 10-18-16,12,16,27796,,,,,,,,,4.75
2020-02-12 10-18-16,12,17,,6.25,5.71,6.61,,,,,,4.75
2020-02-12 10-18-16,12,18,,6.25,5.71,6.61,6.25,6.61,6.29,,,6.312
2020-02-12 10-18-16,12,19,,6.25,5.71,6.61,6.25,6.61,6.29,5.89,-2.0462,6.312
2020-02-12 10-18-16,13,16,27590,,,,,,,,,4.75
2020-02-12 10-18-16,13,17,,6.69,7.97,7.15,,,,,,4.75
2020-02-12 10-18-16,13,18,,6.69,7.97,7.15,6.57,6.69,6.39,,,6.312
2020-02-12 10-18-16,13,19,,6.69,7.97,7.15,6.57,6.69,6.39,6.26,93.6129046405,6.312
2020-02-12 10-18-17,14,16,27893,,,,,,,,,4.75
2020-02-12 10-18-17,14,17,,5.85,7.61,7.15,,,,,,4.75
2020-02-12 10-18-17,14,18,,5.85,7.61,7.15,7.73,6.73,6.43,,,6.312
2020-02-12 10-18-17,14,19,,5.85,7.61,7.15,7.73,6.73,6.43,6.72,104.08291308800001,6.312
2020-02-12 10-18-17,15,16,0,,,,,,,,,4.75
2020-02-12 10-18-17,15,17,,0.0,0.0,0.0,,,,,,4.75
2020-02-12 10-18-17,15,18,,0.0,0.0,0.0,0.0,0.0,0.0,,,6.312
2020-02-12 10-18-17,15,19,,0.0,0.0,0.0,0.0,0.0,0.0,0.0,-2.0462,6.312
2020-02-12 10-18-18,16,16,20845,,,,,,,,,4.75
2020-02-12 10-18-18,16,17,,5.81,6.73,5.45,,,,,,4.75
2020-02-12 10-18-18,16,18,,5.81,6.73,5.45,4.53,5.67,6.03,,,6.312
2020-02-12 10-18-18,16,19,,5.81,6.73,5.45,4.53,5.67,6.03,6.3,27.894073940500004,6.312
2020-02-12 10-18-18,17,16,21239,,,,,,,,,4.75
2020-02-12 10-18-18,17,17,,6.47,6.61,7.09,,,,,,4.75
2020-02-12 10-18-18,17,18,,6.47,6.61,7.09,5.73,6.51,6.57,,,6.312
2020-02-12 10-18-18,17,19,,6.47,6.61,7.09,5.73,6.51,6.57,6.66,105.3470125645,6.312
2020-02-12 10-18-19,18,16,19681,,,,,,,,,4.75
2020-02-12 10-18-19,18,17,,6.21,6.11,6.39,,,,,,4.75
2020-02-12 10-18-19,18,18,,6.21,6.11,6.39,5.45,6.03,5.15,,,6.312
2020-02-12 10-18-19,18,19,,6.21,6.11,6.39,5.45,6.03,5.15,6.07,102.9152564405,6.312
2020-02-12 10-18-19,19,16,24712,,,,,,,,,4.75
2020-02-12 10-18-19,19,17,,7.01,7.01,6.57,,,,,,4.75
2020-02-12 10-18-19,19,18,,7.01,7.01,6.57,6.75,7.73,6.87,,,6.312
2020-02-12 10-18-19,19,19,,7.01,7.01,6.57,6.75,7.73,6.87,5.76,52.715672072000004,6.312
2020-02-12 10-18-20,20,16,46973,,,,,,,,,4.75
2020-02-12 10-18-20,20,17,,-327.67,-327.67,-327.67,,,,,,4.75
2020-02-12 10-18-20,20,18,,-327.67,-327.67,-327.67,-327.67,-327.67,-327.67,,,6.312
2020-02-12 10-18-20,20,19,,-327.67,-327.67,-327.67,-327.67,-327.67,-327.67,6.65,107.03756732050002,6.312
2020-02-12 10-18-20,21,16,25985,,,,,,,,,4.75
2020-02-12 10-18-20,21,17,,6.75,7.01,6.35,,,,,,4.75
2020-02-12 10-18-20,21,18,,6.75,7.01,6.35,6.25,6.61,7.29,,,6.312
2020-02-12 10-18-20,21,19,,6.75,7.01,6.35,6.25,6.61,7.29,6.58,98.87038022050001,6.312
2020-02-12 10-18-21,22,16,25213,,,,,,,,,4.75
2020-02-12 10-18-21,22,17,,4.67,5.01,5.37,,,,,,4.75
2020-02-12 10-18-21,22,18,,4.67,5.01,5.37,4.59,5.63,5.77,,,6.312
2020-02-12 10-18-21,22,19,,4.67,5.01,5.37,4.59,5.63,5.77,6.28,59.401074658000006,6.312
2020-02-12 10-18-21,23,16,19900,,,,,,,,,4.75
2020-02-12 10-18-21,23,17,,6.53,7.41,7.05,,,,,,4.75
2020-02-12 10-18-21,23,18,,6.53,7.41,7.05,6.79,7.23,6.29,,,6.312
2020-02-12 10-18-21,23,19,,6.53,7.41,7.05,6.79,7.23,6.29,6.38,90.71850086450002,6.312
2020-02-12 10-18-22,25,16,20894,,,,,,,,,4.75
2020-02-12 10-18-22,25,17,,6.13,5.81,6.03,,,,,,4.75
2020-02-12 10-18-22,25,18,,6.13,5.81,6.03,5.41,4.93,5.51,,,6.312
2020-02-12 10-18-22,25,19,,6.13,5.81,6.03,5.41,4.93,5.51,5.09,105.03814558450001,6.312
2020-02-12 10-19-15,10,16,49060,,,,,,,,,4.812
2020-02-12 10-19-15,10,17,,95.13,125.0,125.87,,,,,,4.812
2020-02-12 10-19-15,10,18,,95.13,125.0,125.87,45.28,40.95,40.96,,,6.375
2020-02-12 10-19-15,11,16,19795,,,,,,,,,4.812
2020-02-12 10-19-15,11,17,,7.29,6.65,7.41,,,,,,4.812
2020-02-12 10-19-15,11,18,,7.29,6.65,7.41,6.57,6.39,6.35,,,6.375
2020-02-12 10-19-15,11,19,,7.29,6.65,7.41,6.57,6.39,6.35,-39.389999999999986,-2.0462,6.375
2020-02-12 10-19-16,12,16,27797,,,,,,,,,4.812
2020-02-12 10-19-16,12,17,,6.03,5.85,6.17,,,,,,4.812
2020-02-12 10-19-16,12,18,,6.03,5.85,6.17,6.33,6.69,6.33,,,6.375
2020-02-12 10-19-16,12,19,,6.03,5.85,6.17,6.33,6.69,6.33,5.9,-2.0462,6.375
2020-02-12 10-19-16,13,16,27591,,,,,,,,,4.812
2020-02-12 10-19-16,13,17,,6.39,7.47,7.33,,,,,,4.812
2020-02-12 10-19-16,13,18,,6.39,7.47,7.33,6.57,6.93,6.61,,,6.375
2020-02-12 10-19-16,13,19,,6.39,7.47,7.33,6.57,6.93,6.61,6.26,92.74290051250001,6.375
2020-02-12 10-19-17,14,16,27894,,,,,,,,,4.812
2020-02-12 10-19-17,14,17,,6.33,7.77,7.37,,,,,,4.812
2020-02-12 10-19-17,14,18,,6.33,7.77,7.37,7.59,6.57,6.43,,,6.375
2020-02-12 10-19-17,14,19,,6.33,7.77,7.37,7.59,6.57,6.43,6.9,103.9534925605,6.375
2020-02-12 10-19-17,15,16,0,,,,,,,,,4.812
2020-02-12 10-19-17,15,17,,0.0,0.0,0.0,,,,,,4.812
2020-02-12 10-19-17,15,18,,0.0,0.0,0.0,0.0,0.0,0.0,,,6.375
2020-02-12 10-19-17,15,19,,0.0,0.0,0.0,0.0,0.0,0.0,0.0,-2.0462,6.375
2020-02-12 10-19-18,16,16,20846,,,,,,,,,4.812
2020-02-12 10-19-18,16,17,,5.59,6.61,5.51,,,,,,4.812
2020-02-12 10-19-18,16,18,,5.59,6.61,5.51,4.97,5.37,5.59,,,6.375
2020-02-12 10-19-18,16,19,,5.59,6.61,5.51,4.97,5.37,5.59,6.34,27.928069568000005,6.375
2020-02-12 10-19-18,17,16,21240,,,,,,,,,4.812
2020-02-12 10-19-18,17,17,21240,6.35,7.09,6.93,,,,,,4.812
2020-02-12 10-19-18,17,18,,,,,5.67,7.05,6.61,,,6.375
2020-02-12 10-19-18,17,19,,,,,5.67,7.05,6.61,6.58,106.2196403125,6.375
2020-02-12 10-19-19,18,16,19682,,,,,,,,,4.812
2020-02-12 10-19-19,18,17,,5.89,6.53,6.11,,,,,,4.812
2020-02-12 10-19-19,18,18,,5.89,6.53,6.11,5.41,5.95,5.15,,,6.375
2020-02-12 10-19-19,18,19,,5.89,6.53,6.11,5.41,5.95,5.15,5.89,102.55066760050002,6.375
2020-02-12 10-19-19,19,16,24713,,,,,,,,,4.812
2020-02-12 10-19-19,19,17,,6.43,6.33,6.25,,,,,,4.812
2020-02-12 10-19-19,19,18,,6.43,6.33,6.25,6.29,7.83,6.91,,,6.375
2020-02-12 10-19-19,19,19,,6.43,6.33,6.25,6.29,7.83,6.91,5.68,59.9875751605,6.375
2020-02-12 10-19-20,20,16,46974,,,,,,,,,4.812
2020-02-12 10-19-20,20,17,,-327.67,-327.67,-327.67,,,,,,4.812
2020-02-12 10-19-20,20,18,,-327.67,-327.67,-327.67,-327.67,-327.67,-327.67,,,6.375
2020-02-12 10-19-20,20,19,,-327.67,-327.67,-327.67,-327.67,-327.67,-327.67,6.7,106.96102547199999,6.375
2020-02-12 10-19-20,21,16,25986,,,,,,,,,4.812
2020-02-12 10-19-20,21,17,,6.73,6.73,6.03,,,,,,4.812
2020-02-12 10-19-20,21,18,,6.73,6.73,6.03,6.25,6.33,7.59,,,6.375
2020-02-12 10-19-20,21,19,,6.73,6.73,6.03,6.25,6.33,7.59,6.56,98.81735156450002,6.375
2020-02-12 10-19-21,22,16,25214,,,,,,,,,4.812
2020-02-12 10-19-21,22,17,,4.59,5.37,5.11,,,,,,4.812
2020-02-12 10-19-21,22,18,,4.59,5.37,5.11,4.63,5.59,5.33,,,6.375
2020-02-12 10-19-21,22,19,,4.59,5.37,5.11,4.63,5.59,5.33,6.39,57.63466144450001,6.375
2020-02-12 10-19-21,23,16,19901,,,,,,,,,4.812
2020-02-12 10-19-21,23,17,,6.53,7.61,6.69,,,,,,4.812
2020-02-12 10-19-21,23,18,,6.53,7.61,6.69,6.53,7.05,6.43,,,6.375
2020-02-12 10-19-21,23,19,,6.53,7.61,6.69,6.53,7.05,6.43,6.44,90.55359451250001,6.375
2020-02-12 10-19-22,25,16,20895,,,,,,,,,4.812
2020-02-12 10-19-22,25,17,,5.55,5.37,5.95,,,,,,4.812
2020-02-12 10-19-22,25,18,,5.55,5.37,5.95,5.49,5.51,5.49,,,6.375
2020-02-12 10-19-22,25,19,,5.55,5.37,5.95,5.49,5.51,5.49,5.16,104.98662308050001,6.375
2020-02-12 10-20-14,10,16,49061,,,,,,,,,4.812
2020-02-12 10-20-14,10,17,49061,76.18,116.64,121.91,,,,,,4.812
2020-02-12 10-20-14,10,18,,,,,45.28,40.95,40.96,,,6.375
2020-02-12 10-20-14,11,16,19796,,,,,,,,,4.812
2020-02-12 10-20-15,11,17,,7.19,7.11,7.11,,,,,,4.812
2020-02-12 10-20-15,11,18,,7.19,7.11,7.11,6.79,6.65,6.17,,,6.375
2020-02-12 10-20-15,11,19,,7.19,7.11,7.11,6.79,6.65,6.17,-39.389999999999986,-2.0462,6.375
2020-02-12 10-20-15,12,16,27798,,,,,,,,,4.812
2020-02-12 10-20-15,12,17,,6.29,5.71,6.29,,,,,,4.812
2020-02-12 10-20-15,12,18,,6.29,5.71,6.29,6.43,6.91,6.35,,,6.375
2020-02-12 10-20-15,12,19,,6.29,5.71,6.29,6.43,6.91,6.35,5.86,-2.0462,6.375
2020-02-12 10-20-16,13,16,27592,,,,,,,,,4.812
2020-02-12 10-20-16,13,17,,7.01,7.55,6.75,,,,,,4.812
2020-02-12 10-20-16,13,18,,7.01,7.55,6.75,6.47,6.91,6.47,,,6.375
2020-02-12 10-20-16,13,19,,7.01,7.55,6.75,6.47,6.91,6.47,6.27,92.4703541125,6.375
2020-02-12 10-20-16,14,16,27895,,,,,,,,,4.812
2020-02-12 10-20-16,14,17,,6.43,7.59,7.11,,,,,,4.812
2020-02-12 10-20-16,14,18,,6.43,7.59,7.11,7.47,6.69,6.29,,,6.375
2020-02-12 10-20-16,14,19,,6.43,7.59,7.11,7.47,6.69,6.29,6.68,104.00527034450002,6.375
2020-02-12 10-20-17,15,16,0,,,,,,,,,4.812
2020-02-12 10-20-17,15,17,,0.0,0.0,0.0,,,,,,4.812
2020-02-12 10-20-17,15,18,,0.0,0.0,0.0,0.0,0.0,0.0,,,6.375
2020-02-12 10-20-17,15,19,,0.0,0.0,0.0,0.0,0.0,0.0,0.0,-2.0462,6.375
2020-02-12 10-20-17,16,16,20847,,,,,,,,,4.812
2020-02-12 10-20-17,16,17,,5.81,6.91,5.71,,,,,,4.812
2020-02-12 10-20-17,16,18,,5.81,6.91,5.71,5.23,5.05,5.77,,,6.375
2020-02-12 10-20-17,16,19,,5.81,6.91,5.71,5.23,5.05,5.77,6.22,28.064020168000003,6.375
2020-02-12 10-20-18,17,16,21241,,,,,,,,,4.812
2020-02-12 10-20-18,17,17,,6.39,7.15,6.39,,,,,,4.812
2020-02-12 10-20-18,17,18,,6.39,7.15,6.39,5.71,6.73,6.43,,,6.375
2020-02-12 10-20-18,17,19,,6.39,7.15,6.39,5.71,6.73,6.43,6.63,104.98662308050001,6.375
2020-02-12 10-20-18,18,16,19683,,,,,,,,,4.812
2020-02-12 10-20-18,18,17,,5.93,5.73,6.25,,,,,,4.812
2020-02-12 10-20-18,18,18,,5.93,5.73,6.25,5.33,6.07,5.27,,,6.375
2020-02-12 10-20-18,18,19,,5.93,5.73,6.25,5.33,6.07,5.27,5.92,101.845765762,6.375
2020-02-12 10-20-19,19,16,24714,,,,,,,,,4.812
2020-02-12 10-20-19,19,17,,7.37,6.35,6.61,,,,,,4.812
2020-02-12 10-20-19,19,18,,7.37,6.35,6.61,6.43,7.51,6.73,,,6.375
2020-02-12 10-20-19,19,19,,7.37,6.35,6.61,6.43,7.51,6.73,5.56,58.596628288000005,6.375
2020-02-12 10-20-19,20,16,46975,,,,,,,,,4.812
2020-02-12 10-20-19,20,17,,-327.67,-327.67,-327.67,,,,,,4.812
2020-02-12 10-20-19,20,18,,-327.67,-327.67,-327.67,-327.67,-327.67,-327.67,,,6.375
2020-02-12 10-20-19,20,19,,-327.67,-327.67,-327.67,-327.67,-327.67,-327.67,6.61,106.9355051405,6.375
2020-02-12 10-20-20,21,16,25987,,,,,,,,,4.812
2020-02-12 10-20-20,21,17,,6.65,6.83,5.77,,,,,,4.812
2020-02-12 10-20-20,21,18,,6.65,6.83,5.77,6.11,6.07,7.05,,,6.375
2020-02-12 10-20-20,21,19,,6.65,6.83,5.77,6.11,6.07,7.05,6.46,98.7643101445,6.375
2020-02-12 10-20-20,22,16,25215,,,,,,,,,4.812
2020-02-12 10-20-20,22,17,,4.89,4.97,5.01,,,,,,4.812
2020-02-12 10-20-20,22,18,,4.89,4.97,5.01,4.27,5.67,5.27,,,6.375
2020-02-12 10-20-20,22,19,,4.89,4.97,5.01,4.27,5.67,5.27,6.4,59.03005976200001,6.375
2020-02-12 10-20-21,23,16,19902,,,,,,,,,4.812
2020-02-12 10-20-21,23,17,,6.57,7.45,6.61,,,,,,4.812
2020-02-12 10-20-21,23,18,,6.57,7.45,6.61,6.35,6.35,6.07,,,6.375
2020-02-12 10-20-21,23,19,,6.57,7.45,6.61,6.35,6.35,6.07,6.3,89.8652482,6.375
2020-02-12 10-20-22,25,16,20896,,,,,,,,,4.812
2020-02-12 10-20-22,25,17,,5.51,5.49,5.63,,,,,,4.812
2020-02-12 10-20-22,25,18,,5.51,5.49,5.63,4.85,5.29,5.55,,,6.375
2020-02-12 10-20-22,25,19,,5.51,5.49,5.63,4.85,5.29,5.55,5.02,105.03814558450001,6.375
2020-02-12 10-21-14,10,16,49062,,,,,,,,,4.812
2020-02-12 10-21-14,10,17,,69.17,114.56,121.18,,,,,,4.812
2020-02-12 10-21-14,10,18,,69.17,114.56,121.18,45.25,40.95,40.96,,,6.375
2020-02-12 10-21-15,11,16,19797,,,,,,,,,4.812
2020-02-12 10-21-15,11,17,,7.51,7.05,7.65,,,,,,4.812
2020-02-12 10-21-15,11,18,,7.51,7.05,7.65,6.39,6.79,5.93,,,6.375
2020-02-12 10-21-15,11,19,,7.51,7.05,7.65,6.39,6.79,5.93,-39.389999999999986,-2.0462,6.375
2020-02-12 10-21-15,12,16,27799,,,,,,,,,4.812
2020-02-12 10-21-15,12,17,,6.17,5.59,6.39,,,,,,4.812
2020-02-12 10-21-15,12,18,,6.17,5.59,6.39,6.39,6.79,6.39,,,6.375
2020-02-12 10-21-15,12,19,,6.17,5.59,6.39,6.39,6.79,6.39,5.9,-2.0462,6.375
2020-02-12 10-21-16,13,16,27593,,,,,,,,,4.812
2020-02-12 10-21-16,13,17,,6.61,7.51,7.09,,,,,,4.812
2020-02-12 10-21-16,13,18,,6.61,7.51,7.09,6.83,6.97,6.47,,,6.375
2020-02-12 10-21-16,13,19,,6.61,7.51,7.09,6.83,6.97,6.47,6.29,92.1974886125,6.375
2020-02-12 10-21-16,14,16,27896,,,,,,,,,4.812
2020-02-12 10-21-16,14,17,,6.21,8.13,7.29,,,,,,4.812
2020-02-12 10-21-16,14,18,,6.21,8.13,7.29,7.91,6.53,6.17,,,6.375
2020-02-12 10-21-16,14,19,,6.21,8.13,7.29,7.91,6.53,6.17,6.85,103.90170201250001,6.375
2020-02-12 10-21-17,15,16,0,,,,,,,,,4.812
2020-02-12 10-21-17,15,17,,0.0,0.0,0.0,,,,,,4.812
2020-02-12 10-21-17,15,18,,0.0,0.0,0.0,0.0,0.0,0.0,,,6.375
2020-02-12 10-21-17,15,19,,0.0,0.0,0.0,0.0,0.0,0.0,0.0,-2.0462,6.375
2020-02-12 10-21-17,16,16,20848,,,,,,,,,4.812
2020-02-12 10-21-17,16,17,,5.71,6.11,5.37,,,,,,4.812
2020-02-12 10-21-17,16,18,,5.71,6.11,5.37,5.19,5.59,6.17,,,6.375
2020-02-12 10-21-17,16,19,,5.71,6.11,5.37,5.19,5.59,6.17,6.28,28.064020168000003,6.375
2020-02-12 10-21-18,17,16,21242,,,,,,,,,4.812
2020-02-12 10-21-18,17,17,,6.65,7.33,6.43,,,,,,4.812
2020-02-12 10-21-18,17,18,,6.65,7.33,6.43,5.55,7.19,6.51,,,6.375
2020-02-12 10-21-18,17,19,,6.65,7.33,6.43,5.55,7.19,6.51,6.6,105.14115230050001,6.375
2020-02-12 10-21-18,18,16,19684,,,,,,,,,4.812
2020-02-12 10-21-18,18,17,,5.77,5.73,6.25,,,,,,4.812
2020-02-12 10-21-18,18,18,,5.77,5.73,6.25,5.71,5.49,5.05,,,6.375
2020-02-12 10-21-18,18,19,,5.77,5.73,6.25,5.71,5.49,5.05,5.92,102.315958792,6.375
2020-02-12 10-21-19,19,16,24715,,,,,,,,,4.812
2020-02-12 10-21-19,19,17,,6.69,6.75,6.43,,,,,,4.812
2020-02-12 10-21-19,19,18,,6.69,6.75,6.43,6.79,8.13,6.93,,,6.375
2020-02-12 10-21-19,19,19,,6.69,6.75,6.43,6.79,8.13,6.93,5.68,58.007399480500005,6.375
2020-02-12 10-21-19,20,16,46976,,,,,,,,,4.812
2020-02-12 10-21-19,20,17,,-327.67,-327.67,-327.67,,,,,,4.812
2020-02-12 10-21-19,20,18,,-327.67,-327.67,-327.67,-327.67,-327.67,-327.67,,,6.375
2020-02-12 10-21-19,20,19,,-327.67,-327.67,-327.67,-327.67,-327.67,-327.67,6.66,106.9355051405,6.375
2020-02-12 10-21-20,21,16,25988,,,,,,,,,4.812
2020-02-12 10-21-20,21,17,,6.79,6.87,5.93,,,,,,4.812
2020-02-12 10-21-20,21,18,,6.79,6.87,5.93,6.65,6.57,7.09,,,6.375
2020-02-12 10-21-20,21,19,,6.79,6.87,5.93,6.65,6.57,7.09,6.52,98.81735156450002,6.375
2020-02-12 10-21-20,22,16,25216,,,,,,,,,4.812
2020-02-12 10-21-20,22,17,,5.37,5.51,5.01,,,,,,4.812
2020-02-12 10-21-20,22,18,,5.37,5.51,5.01,4.59,5.67,5.77,,,6.375
2020-02-12 10-21-20,22,19,,5.37,5.51,5.01,4.59,5.67,5.77,6.42,58.81342220450001,6.375
2020-02-12 10-21-21,23,16,19903,,,,,,,,,4.812
2020-02-12 10-21-21,23,17,,6.61,7.33,6.83,,,,,,4.812
2020-02-12 10-21-21,23,18,,6.61,7.33,6.83,6.73,6.29,5.07,,,6.375
2020-02-12 10-21-21,23,19,,6.61,7.33,6.83,6.73,6.29,5.07,6.42,90.33354068050001,6.375
2020-02-12 10-21-22,25,16,20897,,,,,,,,,4.812
2020-02-12 10-21-22,25,17,,5.73,5.55,6.11,,,,,,4.812
2020-02-12 10-21-22,25,18,,5.73,5.55,6.11,5.45,5.45,5.23,,,6.375
2020-02-12 10-21-22,25,19,,5.73,5.55,6.11,5.45,5.45,5.23,5.07,105.03814558450001,6.375
2020-02-12 10-22-14,10,16,49063,,,,,,,,,4.812
2020-02-12 10-22-14,10,17,,82.03,119.1,123.07,,,,,,4.812
2020-02-12 10-22-14,10,18,,82.03,119.1,123.07,45.21,40.95,40.96,,,6.375
2020-02-12 10-22-15,11,16,19798,,,,,,,,,4.812
2020-02-12 10-22-15,11,17,,7.41,7.05,7.33,,,,,,4.812
2020-02-12 10-22-15,11,18,,7.41,7.05,7.33,6.53,6.57,6.57,,,6.375
2020-02-12 10-22-15,11,19,,7.41,7.05,7.33,6.53,6.57,6.57,-39.389999999999986,-2.0462,6.375
2020-02-12 10-22-15,12,16,27800,,,,,,,,,4.812
2020-02-12 10-22-15,12,17,,6.47,5.59,6.47,,,,,,4.812
2020-02-12 10-22-15,12,18,,6.47,5.59,6.47,6.73,6.91,6.13,,,6.375
2020-02-12 10-22-15,12,19,,6.47,5.59,6.47,6.73,6.91,6.13,5.89,-2.0462,6.375
2020-02-12 10-22-16,13,16,27594,,,,,,,,,4.812
2020-02-12 10-22-16,13,17,,6.47,7.37,7.01,,,,,,4.812
2020-02-12 10-22-16,13,18,,6.47,7.37,7.01,6.79,7.27,7.05,,,6.375
2020-02-12 10-22-16,13,19,,6.47,7.37,7.01,6.79,7.27,7.05,6.27,91.26735904450001,6.375
2020-02-12 10-22-16,14,16,27897,,,,,,,,,4.812
2020-02-12 10-22-16,14,17,,6.73,7.69,7.47,,,,,,4.812
2020-02-12 10-22-16,14,18,,6.73,7.69,7.47,8.09,6.91,6.25,,,6.375
2020-02-12 10-22-16,14,19,,6.73,7.69,7.47,8.09,6.91,6.25,7.0,103.8498987005,6.375
2020-02-12 10-22-17,15,16,0,,,,,,,,,4.812
2020-02-12 10-22-17,15,17,,0.0,0.0,0.0,,,,,,4.812
2020-02-12 10-22-17,15,18,,0.0,0.0,0.0,0.0,0.0,0.0,,,6.375
2020-02-12 10-22-17,15,19,,0.0,0.0,0.0,0.0,0.0,0.0,0.0,-2.0462,6.375
2020-02-12 10-22-17,16,16,20849,,,,,,,,,4.812
2020-02-12 10-22-17,16,17,,5.51,6.39,5.41,,,,,,4.812
2020-02-12 10-22-17,16,18,,5.51,6.39,5.41,4.85,5.41,5.51,,,6.375
2020-02-12 10-22-17,16,19,,5.51,6.39,5.41,4.85,5.41,5.51,6.32,28.064020168000003,6.375
2020-02-12 10-22-18,17,16,21243,,,,,,,,,4.812
2020-02-12 10-22-18,17,17,,6.83,7.33,5.37,,,,,,4.812
2020-02-12 10-22-18,17,18,,6.83,7.33,5.37,5.73,7.19,6.25,,,6.375
2020-02-12 10-22-18,17,19,,6.83,7.33,5.37,5.73,7.19,6.25,6.96,103.79808262450001,6.375
2020-02-12 10-22-18,18,16,19685,,,,,,,,,4.812
2020-02-12 10-22-18,18,17,,5.85,5.23,6.13,,,,,,4.812
2020-02-12 10-22-18,18,18,,5.85,5.23,6.13,5.51,5.71,4.93,,,6.375
2020-02-12 10-22-18,18,19,,5.85,5.23,6.13,5.51,5.71,4.93,6.02,102.524601608,6.375
2020-02-12 10-22-19,19,16,24716,,,,,,,,,4.812
2020-02-12 10-22-19,19,17,,6.65,6.35,6.33,,,,,,4.812
2020-02-12 10-22-19,19,18,,6.65,6.35,6.33,6.47,7.29,7.15,,,6.375
2020-02-12 10-22-19,19,19,,6.65,6.35,6.33,6.47,7.29,7.15,5.75,59.493756584500005,6.375
2020-02-12 10-22-19,20,16,46977,,,,,,,,,4.812
2020-02-12 10-22-19,20,17,,-327.67,-327.67,-327.67,,,,,,4.812
2020-02-12 10-22-19,20,18,,-327.67,-327.67,-327.67,-327.67,-327.67,-327.67,,,6.375
2020-02-12 10-22-19,20,19,,-327.67,-327.67,-327.67,-327.67,-327.67,-327.67,6.74,106.88445490450002,6.375
2020-02-12 10-22-20,21,16,25989,,,,,,,,,4.812
2020-02-12 10-22-20,21,17,,7.09,7.27,5.73,,,,,,4.812
2020-02-12 10-22-20,21,18,,7.09,7.27,5.73,6.13,7.11,7.51,,,6.375
2020-02-12 10-22-20,21,19,,7.09,7.27,5.73,6.13,7.11,7.51,6.62,98.81735156450002,6.375
2020-02-12 10-22-20,22,16,25217,,,,,,,,,4.812
2020-02-12 10-22-20,22,17,,4.93,5.19,5.37,,,,,,4.812
2020-02-12 10-22-20,22,18,,4.93,5.19,5.37,4.53,6.07,5.89,,,6.375
2020-02-12 10-22-20,22,19,,4.93,5.19,5.37,4.53,6.07,5.89,6.48,58.06947781250001,6.375
2020-02-12 10-22-21,23,16,19904,,,,,,,,,4.812
2020-02-12 10-22-21,23,17,,6.69,7.73,6.93,,,,,,4.812
2020-02-12 10-22-21,23,18,,6.69,7.73,6.93,6.47,6.69,6.61,,,6.375
2020-02-12 10-22-21,23,19,,6.69,7.73,6.93,6.47,6.69,6.61,6.53,90.69102445000001,6.375
2020-02-12 10-22-22,25,16,20898,,,,,,,,,4.812
2020-02-12 10-22-22,25,17,,6.11,5.77,6.51,,,,,,4.812
2020-02-12 10-22-22,25,18,,6.11,5.77,6.51,5.49,5.07,5.33,,,6.375
2020-02-12 10-22-22,25,19,,6.11,5.77,6.51,5.49,5.07,5.33,5.2,104.98662308050001,6.375
2020-02-12 10-23-14,10,16,49064,,,,,,,,,4.812
2020-02-12 10-23-14,10,17,,80.34,119.06,122.92,,,,,,4.812
2020-02-12 10-23-14,10,18,,80.34,119.06,122.92,45.28,40.95,40.96,,,6.375
2020-02-12 10-23-15,11,16,19799,,,,,,,,,4.812
2020-02-12 10-23-15,11,17,,7.91,7.15,7.77,,,,,,4.812
2020-02-12 10-23-15,11,18,,7.91,7.15,7.77,6.97,6.75,6.35,,,6.375
2020-02-12 10-23-15,11,19,,7.91,7.15,7.77,6.97,6.75,6.35,-39.389999999999986,-2.0462,6.375
2020-02-12 10-23-15,12,16,27801,,,,,,,,,4.812
2020-02-12 10-23-15,12,17,,6.33,5.81,6.53,,,,,,4.812
2020-02-12 10-23-15,12,18,,6.33,5.81,6.53,6.87,7.09,6.61,,,6.375
2020-02-12 10-23-15,12,19,,6.33,5.81,6.53,6.87,7.09,6.61,5.96,-2.0462,6.375
2020-02-12 10-23-16,13,16,27595,,,,,,,,,4.812
2020-02-12 10-23-16,13,17,,6.75,7.29,7.33,,,,,,4.812
2020-02-12 10-23-16,13,18,,6.75,7.29,7.33,6.83,7.61,6.57,,,6.375
2020-02-12 10-23-16,13,19,,6.75,7.29,7.33,6.83,7.61,6.57,6.4,91.65080031250001,6.375
2020-02-12 10-23-16,14,16,27898,,,,,,,,,4.812
2020-02-12 10-23-16,14,17,,6.87,8.23,7.59,,,,,,4.812
2020-02-12 10-23-16,14,18,,6.87,8.23,7.59,7.87,6.91,5.95,,,6.375
2020-02-12 10-23-16,14,19,,6.87,8.23,7.59,7.87,6.91,5.95,7.19,103.823992258,6.375
2020-02-12 10-23-17,15,16,0,,,,,,,,,4.812
2020-02-12 10-23-17,15,17,,0.0,0.0,0.0,,,,,,4.812
2020-02-12 10-23-17,15,18,,0.0,0.0,0.0,0.0,0.0,0.0,,,6.375
2020-02-12 10-23-17,15,19,,0.0,0.0,0.0,0.0,0.0,0.0,0.0,-2.0462,6.375
2020-02-12 10-23-17,16,16,20850,,,,,,,,,4.812
2020-02-12 10-23-17,16,17,,5.89,6.33,5.99,,,,,,4.812
2020-02-12 10-23-17,16,18,,5.89,6.33,5.99,5.11,5.71,5.73,,,6.375
2020-02-12 10-23-17,16,19,,5.89,6.33,5.99,5.11,5.71,5.73,6.52,28.030037304500006,6.375
2020-02-12 10-23-18,17,16,21244,,,,,,,,,4.812
2020-02-12 10-23-18,17,17,,6.87,7.45,6.29,,,,,,4.812
2020-02-12 10-23-18,17,18,,6.87,7.45,6.29,5.93,7.19,6.61,,,6.375
2020-02-12 10-23-18,17,19,,6.87,7.45,6.29,5.93,7.19,6.61,7.05,104.8835397805,6.375
2020-02-12 10-23-18,18,16,19686,,,,,,,,,4.812
2020-02-12 10-23-18,18,17,,6.43,6.69,6.11,,,,,,4.812
2020-02-12 10-23-18,18,18,,6.43,6.69,6.11,5.19,5.71,5.07,,,6.375
2020-02-12 10-23-18,18,19,,6.43,6.69,6.11,5.19,5.71,5.07,6.14,102.680949698,6.375
2020-02-12 10-23-19,19,16,24717,,,,,,,,,4.812
2020-02-12 10-23-19,19,17,,7.09,6.91,6.47,,,,,,4.812
2020-02-12 10-23-19,19,18,,7.09,6.91,6.47,6.65,7.95,7.51,,,6.375
2020-02-12 10-23-19,19,19,,7.09,6.91,6.47,6.65,7.95,7.51,5.86,60.449788168000005,6.375
2020-02-12 10-23-19,20,16,46978,,,,,,,,,4.812
2020-02-12 10-23-19,20,17,,-327.67,-327.67,-327.67,,,,,,4.812
2020-02-12 10-23-19,20,18,,-327.67,-327.67,-327.67,-327.67,-327.67,-327.67,,,6.375
2020-02-12 10-23-19,20,19,,-327.67,-327.67,-327.67,-327.67,-327.67,-327.67,6.85,106.88445490450002,6.375
2020-02-12 10-23-20,21,16,25990,,,,,,,,,4.812
2020-02-12 10-23-20,21,17,,7.05,7.41,6.33,,,,,,4.812
2020-02-12 10-23-20,21,18,,7.05,7.41,6.33,6.17,7.27,8.19,,,6.375
2020-02-12 10-23-20,21,19,,7.05,7.41,6.33,6.17,7.27,8.19,6.74,98.7643101445,6.375
2020-02-12 10-23-20,22,16,25218,,,,,,,,,4.812
2020-02-12 10-23-20,22,17,,5.19,5.37,5.29,,,,,,4.812
2020-02-12 10-23-20,22,18,,5.19,5.37,5.29,4.53,5.95,6.03,,,6.375
2020-02-12 10-23-20,22,19,,5.19,5.37,5.29,4.53,5.95,6.03,6.54,57.60357920000001,6.375
2020-02-12 10-23-21,23,16,19905,,,,,,,,,4.812
2020-02-12 10-23-21,23,17,,6.91,7.95,7.29,,,,,,4.812
2020-02-12 10-23-21,23,18,,6.91,7.95,7.29,6.79,7.33,6.79,,,6.375
2020-02-12 10-23-21,23,19,,6.91,7.95,7.29,6.79,7.33,6.79,6.66,90.9930895045,6.375
2020-02-12 10-23-22,25,16,20899,,,,,,,,,4.812
2020-02-12 10-23-22,25,17,,5.81,5.71,6.07,,,,,,4.812
2020-02-12 10-23-22,25,18,,5.81,5.71,6.07,5.15,5.77,5.49,,,6.375
2020-02-12 10-23-22,25,19,,5.81,5.71,6.07,5.15,5.77,5.49,5.34,104.96085704200001,6.375
2020-02-12 10-24-14,10,16,49065,,,,,,,,,4.875
2020-02-12 10-24-14,10,17,,112.39,122.54,125.73,,,,,,4.875
2020-02-12 10-24-14,10,18,,112.39,122.54,125.73,45.24,40.95,40.96,,,6.375
2020-02-12 10-24-15,11,16,19800,,,,,,,,,4.875
2020-02-12 10-24-15,11,17,,9.07,7.61,8.13,,,,,,4.875
2020-02-12 10-24-15,11,18,,9.07,7.61,8.13,7.19,7.29,6.91,,,6.375
2020-02-12 10-24-15,11,19,,9.07,7.61,8.13,7.19,7.29,6.91,-39.389999999999986,-2.0462,6.375
2020-02-12 10-24-15,12,16,27802,,,,,,,,,4.875
2020-02-12 10-24-15,12,17,,7.23,6.35,7.33,,,,,,4.875
2020-02-12 10-24-15,12,18,,7.23,6.35,7.33,7.47,7.83,7.15,,,6.375
2020-02-12 10-24-15,12,19,,7.23,6.35,7.33,7.47,7.83,7.15,6.33,-2.0462,6.375
2020-02-12 10-24-16,13,16,27596,,,,,,,,,4.875
2020-02-12 10-24-16,13,17,,7.15,7.97,7.87,,,,,,4.875
2020-02-12 10-24-16,13,18,,7.15,7.97,7.87,7.19,7.97,7.51,,,6.375
2020-02-12 10-24-16,13,19,,7.15,7.97,7.87,7.19,7.97,7.51,6.56,91.3769775125,6.375
2020-02-12 10-24-16,14,16,27899,,,,,,,,,4.875
2020-02-12 10-24-17,14,17,,7.01,9.03,7.83,,,,,,4.875
2020-02-12 10-24-17,14,18,,7.01,9.03,7.83,8.65,7.37,6.91,,,6.375
2020-02-12 10-24-17,14,19,,7.01,9.03,7.83,8.65,7.37,6.91,7.56,103.69441218050001,6.375
2020-02-12 10-24-17,15,16,0,,,,,,,,,4.875
2020-02-12 10-24-17,15,17,,0.0,0.0,0.0,,,,,,4.875
2020-02-12 10-24-17,15,18,,0.0,0.0,0.0,0.0,0.0,0.0,,,6.375
2020-02-12 10-24-17,15,19,,0.0,0.0,0.0,0.0,0.0,0.0,0.0,-2.0462,6.375
2020-02-12 10-24-17,16,16,20851,,,,,,,,,4.875
2020-02-12 10-24-18,16,17,,6.03,7.61,6.03,,,,,,4.875
2020-02-12 10-24-18,16,18,,6.03,7.61,6.03,5.07,5.41,6.21,,,6.375
2020-02-12 10-24-18,16,19,,6.03,7.61,6.03,5.07,5.41,6.21,6.87,27.928069568000005,6.375
2020-02-12 10-24-18,17,16,21245,,,,,,,,,4.875
2020-02-12 10-24-18,17,17,,7.23,7.19,7.45,,,,,,4.875
2020-02-12 10-24-18,17,18,,7.23,7.19,7.45,6.29,7.77,6.93,,,6.375
2020-02-12 10-24-18,17,19,,7.23,7.19,7.45,6.29,7.77,6.93,7.2,104.7288191005,6.375
2020-02-12 10-24-19,18,16,19687,,,,,,,,,4.875
2020-02-12 10-24-19,18,17,,6.75,7.41,7.09,,,,,,4.875
2020-02-12 10-24-19,18,18,,6.75,7.41,7.09,6.47,6.03,5.37,,,6.375
2020-02-12 10-24-19,18,19,,6.75,7.41,7.09,6.47,6.03,5.37,6.45,102.7590806645,6.375
2020-02-12 10-24-19,19,16,24718,,,,,,,,,4.875
2020-02-12 10-24-19,19,17,,8.05,7.27,7.11,,,,,,4.875
2020-02-12 10-24-19,19,18,,8.05,7.27,7.11,7.59,9.03,7.69,,,6.375
2020-02-12 10-24-19,19,19,,8.05,7.27,7.11,7.59,9.03,7.69,6.18,56.42008937800001,6.375
2020-02-12 10-24-20,20,16,46979,,,,,,,,,4.875
2020-02-12 10-24-20,20,17,,-327.67,-327.67,-327.67,,,,,,4.875
2020-02-12 10-24-20,20,18,,-327.67,-327.67,-327.67,-327.67,-327.67,-327.67,,,6.375
2020-02-12 10-24-20,20,19,,-327.67,-327.67,-327.67,-327.67,-327.67,-327.67,7.19,106.80785561800002,6.375
2020-02-12 10-24-20,21,16,25991,,,,,,,,,4.875
2020-02-12 10-24-20,21,17,,7.27,7.69,6.79,,,,,,4.875
2020-02-12 10-24-20,21,18,,7.27,7.69,6.79,6.73,7.83,8.47,,,6.375
2020-02-12 10-24-20,21,19,,7.27,7.69,6.79,6.73,7.83,8.47,7.1,98.7643101445,6.375
2020-02-12 10-24-21,22,16,25219,,,,,,,,,4.875
2020-02-12 10-24-21,22,17,,5.15,5.37,5.89,,,,,,4.875
2020-02-12 10-24-21,22,18,,5.15,5.37,5.89,5.49,5.99,6.03,,,6.375
2020-02-12 10-24-21,22,19,,5.15,5.37,5.89,5.49,5.99,6.03,6.78,55.732805000000006,6.375
2020-02-12 10-24-21,23,16,19906,,,,,,,,,4.875
2020-02-12 10-24-21,23,17,,7.19,8.55,8.19,,,,,,4.875
2020-02-12 10-24-21,23,18,,7.19,8.55,8.19,7.47,7.97,7.23,,,6.375
2020-02-12 10-24-21,23,19,,7.19,8.55,8.19,7.47,7.97,7.23,7.06,91.5960612805,6.375
2020-02-12 10-24-22,25,16,20900,,,,,,,,,4.875
2020-02-12 10-24-22,25,17,,6.43,6.03,6.21,,,,,,4.875
2020-02-12 10-24-22,25,18,,6.43,6.03,6.21,5.49,6.17,5.73,,,6.375
2020-02-12 10-24-22,25,19,,6.43,6.03,6.21,5.49,6.17,5.73,5.48,104.8835397805,6.375
2020-02-12 10-25-15,10,16,49066,,,,,,,,,4.937
2020-02-12 10-25-15,10,17,,105.76,119.97,124.37,,,,,,4.937
2020-02-12 10-25-15,10,18,,105.76,119.97,124.37,45.31,40.95,40.96,,,6.437
2020-02-12 10-25-15,11,16,19801,,,,,,,,,4.937
2020-02-12 10-25-15,11,17,,9.47,8.13,9.15,,,,,,4.937
2020-02-12 10-25-15,11,18,,9.47,8.13,9.15,7.61,7.45,7.19,,,6.437
2020-02-12 10-25-15,11,19,,9.47,8.13,9.15,7.61,7.45,7.19,-39.389999999999986,-2.0462,6.437
2020-02-12 10-25-16,12,16,27803,,,,,,,,,4.937
2020-02-12 10-25-16,12,17,,6.83,6.73,7.69,,,,,,4.937
2020-02-12 10-25-16,12,18,,6.83,6.73,7.69,7.59,7.91,7.51,,,6.437
2020-02-12 10-25-16,12,19,,6.83,6.73,7.69,7.59,7.91,7.51,6.73,-2.0462,6.437
2020-02-12 10-25-16,13,16,27597,,,,,,,,,4.937
2020-02-12 10-25-16,13,17,,7.77,8.71,8.15,,,,,,4.937
2020-02-12 10-25-16,13,18,,7.77,8.71,8.15,7.45,7.97,7.95,,,6.437
2020-02-12 10-25-16,13,19,,7.77,8.71,8.15,7.45,7.97,7.95,7.1,92.14287722050001,6.437
2020-02-12 10-25-17,14,16,27900,,,,,,,,,4.937
2020-02-12 10-25-17,14,17,,7.11,9.25,8.37,,,,,,4.937
2020-02-12 10-25-17,14,18,,7.11,9.25,8.37,9.29,7.61,7.19,,,6.437
2020-02-12 10-25-17,14,19,,7.11,9.25,8.37,9.29,7.61,7.19,7.84,103.69441218050001,6.437
2020-02-12 10-25-17,15,16,0,,,,,,,,,4.937
2020-02-12 10-25-17,15,17,,0.0,0.0,0.0,,,,,,4.937
2020-02-12 10-25-17,15,18,,0.0,0.0,0.0,0.0,0.0,0.0,,,6.437
2020-02-12 10-25-17,15,19,,0.0,0.0,0.0,0.0,0.0,0.0,0.0,-2.0462,6.437
2020-02-12 10-25-18,16,16,20852,,,,,,,,,4.937
2020-02-12 10-25-18,16,17,,6.35,7.87,6.29,,,,,,4.937
2020-02-12 10-25-18,16,18,,6.35,7.87,6.29,5.63,6.17,6.91,,,6.437
2020-02-12 10-25-18,16,19,,6.35,7.87,6.29,5.63,6.17,6.91,7.35,27.792067912000004,6.437
2020-02-12 10-25-18,17,16,21246,,,,,,,,,4.937
2020-02-12 10-25-18,17,17,,7.51,8.27,7.91,,,,,,4.937
2020-02-12 10-25-18,17,18,,7.51,8.27,7.91,6.79,7.73,7.59,,,6.437
2020-02-12 10-25-18,17,19,,7.51,8.27,7.91,6.79,7.73,7.59,7.48,105.3470125645,6.437
2020-02-12 10-25-19,18,16,19688,,,,,,,,,4.937
2020-02-12 10-25-19,18,17,,6.97,7.47,7.33,,,,,,4.937
2020-02-12 10-25-19,18,18,,6.97,7.47,7.33,6.65,6.07,5.85,,,6.437
2020-02-12 10-25-19,18,19,,6.97,7.47,7.33,6.65,6.07,5.85,6.95,102.6548996605,6.437
2020-02-12 10-25-19,19,16,24719,,,,,,,,,4.937
2020-02-12 10-25-19,19,17,,7.87,7.33,7.51,,,,,,4.937
2020-02-12 10-25-19,19,18,,7.87,7.33,7.51,8.13,9.39,8.05,,,6.437
2020-02-12 10-25-19,19,19,,7.87,7.33,7.51,8.13,9.39,8.05,6.7,56.13911426050001,6.437
2020-02-12 10-25-20,20,16,46980,,,,,,,,,4.937
2020-02-12 10-25-20,20,17,,-327.67,-327.67,-327.67,,,,,,4.937
2020-02-12 10-25-20,20,18,,-327.67,-327.67,-327.67,-327.67,-327.67,-327.67,,,6.437
2020-02-12 10-25-20,20,19,,-327.67,-327.67,-327.67,-327.67,-327.67,-327.67,7.76,106.62901226450002,6.437
2020-02-12 10-25-20,21,16,25992,,,,,,,,,4.937
2020-02-12 10-25-20,21,17,,7.83,7.73,7.09,,,,,,4.937
2020-02-12 10-25-20,21,18,,7.83,7.73,7.09,7.15,7.77,9.03,,,6.437
2020-02-12 10-25-20,21,19,,7.83,7.73,7.09,7.15,7.77,9.03,7.46,98.6581890125,6.437
2020-02-12 10-25-21,22,16,25220,,,,,,,,,4.937
2020-02-12 10-25-21,22,17,,5.55,5.81,5.55,,,,,,4.937
2020-02-12 10-25-21,22,18,,5.55,5.81,5.55,5.23,6.47,6.07,,,6.437
2020-02-12 10-25-21,22,19,,5.55,5.81,5.55,5.23,6.47,6.07,6.99,54.73036160800001,6.437
2020-02-12 10-25-21,23,16,19907,,,,,,,,,4.937
2020-02-12 10-25-21,23,17,,7.29,8.79,8.05,,,,,,4.937
2020-02-12 10-25-21,23,18,,7.29,8.79,8.05,7.73,8.09,7.65,,,6.437
2020-02-12 10-25-21,23,19,,7.29,8.79,8.05,7.73,8.09,7.65,7.32,90.69102445000001,6.437
2020-02-12 10-25-22,25,16,20901,,,,,,,,,4.937
2020-02-12 10-25-22,25,17,,6.83,6.47,6.69,,,,,,4.937
2020-02-12 10-25-22,25,18,,6.83,6.47,6.69,6.11,6.51,6.03,,,6.437
2020-02-12 10-25-22,25,19,,6.83,6.47,6.69,6.11,6.51,6.03,5.52,104.8835397805,6.437
2020-02-12 10-26-14,10,16,49067,,,,,,,,,5.0
2020-02-12 10-26-14,10,17,,82.12,119.35,123.12,,,,,,5.0
2020-02-12 10-26-14,10,18,,82.12,119.35,123.12,45.28,40.95,40.96,,,6.5
2020-02-12 10-26-14,11,16,19802,,,,,,,,,5.0
2020-02-12 10-26-14,11,17,,8.89,7.95,8.47,,,,,,5.0
2020-02-12 10-26-14,11,18,,8.89,7.95,8.47,7.65,7.19,6.75,,,6.5
2020-02-12 10-26-14,11,19,,8.89,7.95,8.47,7.65,7.19,6.75,-39.389999999999986,-2.0462,6.5
2020-02-12 10-26-15,12,16,27804,,,,,,,,,5.0
2020-02-12 10-26-15,12,17,,6.53,6.25,7.73,,,,,,5.0
2020-02-12 10-26-15,12,18,,6.53,6.25,7.73,7.37,7.55,7.09,,,6.5
2020-02-12 10-26-15,12,19,,6.53,6.25,7.73,7.37,7.55,7.09,6.84,-2.0462,6.5
2020-02-12 10-26-15,13,16,27598,,,,,,,,,5.0
2020-02-12 10-26-15,13,17,,7.77,8.33,8.09,,,,,,5.0
2020-02-12 10-26-15,13,18,,7.77,8.33,8.09,7.09,7.65,7.23,,,6.5
2020-02-12 10-26-15,13,19,,7.77,8.33,8.09,7.09,7.65,7.23,7.41,91.76024008450001,6.5
2020-02-12 10-26-16,14,16,27901,,,,,,,,,5.0
2020-02-12 10-26-16,14,17,,6.57,8.79,7.51,,,,,,5.0
2020-02-12 10-26-16,14,18,,6.57,8.79,7.51,8.61,7.27,7.19,,,6.5
2020-02-12 10-26-16,14,19,,6.57,8.79,7.51,8.61,7.27,7.19,7.6,103.69441218050001,6.5
2020-02-12 10-26-16,15,16,0,,,,,,,,,5.0
2020-02-12 10-26-16,15,17,,0.0,0.0,0.0,,,,,,5.0
2020-02-12 10-26-16,15,18,,0.0,0.0,0.0,0.0,0.0,0.0,,,6.5
2020-02-12 10-26-16,15,19,,0.0,0.0,0.0,0.0,0.0,0.0,0.0,-2.0462,6.5
2020-02-12 10-26-17,16,16,20853,,,,,,,,,5.0
2020-02-12 10-26-17,16,17,,6.39,7.33,6.13,,,,,,5.0
2020-02-12 10-26-17,16,18,,6.39,7.33,6.13,5.55,5.95,6.29,,,6.5
2020-02-12 10-26-17,16,19,,6.39,7.33,6.13,5.55,5.95,6.29,7.45,27.792067912000004,6.5
2020-02-12 10-26-17,17,16,21247,,,,,,,,,5.0
2020-02-12 10-26-17,17,17,,7.55,8.83,6.33,,,,,,5.0
2020-02-12 10-26-17,17,18,,7.55,8.83,6.33,6.47,7.33,7.41,,,6.5
2020-02-12 10-26-17,17,19,,7.55,8.83,6.33,6.47,7.33,7.41,7.78,104.18639207200002,6.5
2020-02-12 10-26-18,18,16,19689,,,,,,,,,5.0
2020-02-12 10-26-18,18,17,,6.79,7.01,6.79,,,,,,5.0
2020-02-12 10-26-18,18,18,,6.79,7.01,6.79,6.39,5.89,4.97,,,6.5
2020-02-12 10-26-18,18,19,,6.79,7.01,6.79,6.39,5.89,4.97,6.82,99.1353320405,6.5
2020-02-12 10-26-18,19,16,24720,,,,,,,,,5.0
2020-02-12 10-26-18,19,17,,7.59,7.11,7.47,,,,,,5.0
2020-02-12 10-26-18,19,18,,7.59,7.11,7.47,8.19,9.29,8.13,,,6.5
2020-02-12 10-26-18,19,19,,7.59,7.11,7.47,8.19,9.29,8.13,6.68,69.1551753445,6.5
2020-02-12 10-26-19,20,16,46981,,,,,,,,,5.0
2020-02-12 10-26-19,20,17,,-327.67,-327.67,-327.67,,,,,,5.0
2020-02-12 10-26-19,20,18,,-327.67,-327.67,-327.67,-327.67,-327.67,-327.67,,,6.5
2020-02-12 10-26-19,20,19,,-327.67,-327.67,-327.67,-327.67,-327.67,-327.67,7.88,106.5267458605,6.5
2020-02-12 10-26-19,21,16,25993,,,,,,,,,5.0
2020-02-12 10-26-19,21,17,,7.11,7.47,6.57,,,,,,5.0
2020-02-12 10-26-19,21,18,,7.11,7.47,6.57,7.27,7.33,8.71,,,6.5
2020-02-12 10-26-19,21,19,,7.11,7.47,6.57,7.27,7.33,8.71,7.44,98.3926628125,6.5
2020-02-12 10-26-20,22,16,25221,,,,,,,,,5.0
2020-02-12 10-26-20,22,17,,5.59,5.49,5.19,,,,,,5.0
2020-02-12 10-26-20,22,18,,5.59,5.49,5.19,4.79,6.13,5.95,,,6.5
2020-02-12 10-26-20,22,19,,5.59,5.49,5.19,4.79,6.13,5.95,7.0,62.230256450000006,6.5
2020-02-12 10-26-20,23,16,19908,,,,,,,,,5.0
2020-02-12 10-26-20,23,17,,6.97,7.87,7.59,,,,,,5.0
2020-02-12 10-26-20,23,18,,6.97,7.87,7.59,7.77,7.97,6.87,,,6.5
2020-02-12 10-26-20,23,19,,6.97,7.87,7.59,7.77,7.97,6.87,7.22,87.1198104445,6.5
2020-02-12 10-26-21,25,16,20902,,,,,,,,,5.0
2020-02-12 10-26-21,25,17,,6.21,6.11,6.69,,,,,,5.0
2020-02-12 10-26-21,25,18,,6.21,6.11,6.69,5.67,6.17,5.85,,,6.5
2020-02-12 10-26-21,25,19,,6.21,6.11,6.69,5.67,6.17,5.85,5.43,104.8319789845,6.5
2020-02-12 10-27-14,10,16,49068,,,,,,,,,5.0
2020-02-12 10-27-14,10,17,,90.25,122.83,124.62,,,,,,5.0
2020-02-12 10-27-14,10,18,,90.25,122.83,124.62,45.29,40.95,40.96,,,6.562
2020-02-12 10-27-15,11,16,19803,,,,,,,,,5.0
2020-02-12 10-27-15,11,17,,8.71,8.05,9.01,,,,,,5.0
2020-02-12 10-27-15,11,18,,8.71,8.05,9.01,7.73,6.97,6.73,,,6.562
2020-02-12 10-27-15,11,19,,8.71,8.05,9.01,7.73,6.97,6.73,-39.389999999999986,-2.0462,6.562
2020-02-12 10-27-15,12,16,27805,,,,,,,,,5.0
2020-02-12 10-27-15,12,17,,6.53,6.51,7.73,,,,,,5.0
2020-02-12 10-27-15,12,18,,6.53,6.51,7.73,7.61,7.91,7.01,,,6.562
2020-02-12 10-27-15,12,19,,6.53,6.51,7.73,7.61,7.91,7.01,6.6,-2.0462,6.562
2020-02-12 10-27-16,13,16,27599,,,,,,,,,5.0
2020-02-12 10-27-16,13,17,,8.09,8.71,8.33,,,,,,5.0
2020-02-12 10-27-16,13,18,,8.09,8.71,8.33,7.41,7.59,7.29,,,6.562
2020-02-12 10-27-16,13,19,,8.09,8.71,8.33,7.41,7.59,7.29,7.33,89.78251262050001,6.562
2020-02-12 10-27-16,14,16,27902,,,,,,,,,5.0
2020-02-12 10-27-16,14,17,,6.73,9.03,8.19,,,,,,5.0
2020-02-12 10-27-16,14,18,,6.73,9.03,8.19,9.35,7.51,7.77,,,6.562
2020-02-12 10-27-16,14,19,,6.73,9.03,8.19,9.35,7.51,7.77,7.44,103.53881078450001,6.562
2020-02-12 10-27-17,15,16,0,,,,,,,,,5.0
2020-02-12 10-27-17,15,17,,0.0,0.0,0.0,,,,,,5.0
2020-02-12 10-27-17,15,18,,0.0,0.0,0.0,0.0,0.0,0.0,,,6.562
2020-02-12 10-27-17,15,19,,0.0,0.0,0.0,0.0,0.0,0.0,0.0,-2.0462,6.562
2020-02-12 10-27-17,16,16,20854,,,,,,,,,5.0
2020-02-12 10-27-17,16,17,,6.29,7.41,6.53,,,,,,5.0
2020-02-12 10-27-17,16,18,,6.29,7.41,6.53,5.45,6.11,6.97,,,6.562
2020-02-12 10-27-17,16,19,,6.29,7.41,6.53,5.45,6.11,6.97,7.29,27.860075122,6.562
2020-02-12 10-27-18,17,16,21248,,,,,,,,,5.0
2020-02-12 10-27-18,17,17,,7.59,8.37,7.77,,,,,,5.0
2020-02-12 10-27-18,17,18,,7.59,8.37,7.77,6.35,7.37,7.59,,,6.562
2020-02-12 10-27-18,17,19,,7.59,8.37,7.77,6.35,7.37,7.59,7.49,103.43501270050001,6.562
2020-02-12 10-27-18,18,16,19690,,,,,,,,,5.0
2020-02-12 10-27-18,18,17,,6.91,7.11,6.65,,,,,,5.0
2020-02-12 10-27-18,18,18,,6.91,7.11,6.65,6.29,6.07,5.19,,,6.562
2020-02-12 10-27-18,18,19,,6.91,7.11,6.65,6.29,6.07,5.19,6.64,99.002896018,6.562
2020-02-12 10-27-19,19,16,24721,,,,,,,,,5.0
2020-02-12 10-27-19,19,17,,7.73,7.27,7.77,,,,,,5.0
2020-02-12 10-27-19,19,18,,7.73,7.27,7.77,8.09,9.61,8.13,,,6.562
2020-02-12 10-27-19,19,19,,7.73,7.27,7.77,8.09,9.61,8.13,6.43,70.04997292450001,6.562
2020-02-12 10-27-19,20,16,46982,,,,,,,,,5.0
2020-02-12 10-27-19,20,17,,-327.67,-327.67,-327.67,,,,,,5.0
2020-02-12 10-27-19,20,18,,-327.67,-327.67,-327.67,-327.67,-327.67,-327.67,,,6.562
2020-02-12 10-27-19,20,19,,-327.67,-327.67,-327.67,-327.67,-327.67,-327.67,7.84,106.5778854445,6.562
2020-02-12 10-27-20,21,16,25994,,,,,,,,,5.0
2020-02-12 10-27-20,21,17,,7.55,7.51,6.93,,,,,,5.0
2020-02-12 10-27-20,21,18,,7.55,7.51,6.93,7.19,7.29,8.71,,,6.562
2020-02-12 10-27-20,21,19,,7.55,7.51,6.93,7.19,7.29,8.71,7.32,98.3926628125,6.562
2020-02-12 10-27-20,22,16,25222,,,,,,,,,5.0
2020-02-12 10-27-20,22,17,,5.11,5.23,5.37,,,,,,5.0
2020-02-12 10-27-20,22,18,,5.11,5.23,5.37,4.93,5.93,6.03,,,6.562
2020-02-12 10-27-20,22,19,,5.11,5.23,5.37,4.93,5.93,6.03,6.96,62.5055739245,6.562
2020-02-12 10-27-21,23,16,19909,,,,,,,,,5.0
2020-02-12 10-27-21,23,17,,7.37,8.37,8.33,,,,,,5.0
2020-02-12 10-27-21,23,18,,7.37,8.37,8.33,7.73,8.37,7.51,,,6.562
2020-02-12 10-27-21,23,19,,7.37,8.37,8.33,7.73,8.37,7.51,7.03,85.49684354050001,6.562
2020-02-12 10-27-22,25,16,20903,,,,,,,,,5.0
2020-02-12 10-27-22,25,17,,6.33,5.81,6.35,,,,,,5.0
2020-02-12 10-27-22,25,18,,6.33,5.81,6.35,5.93,5.85,5.77,,,6.562
2020-02-12 10-27-22,25,19,,6.33,5.81,6.35,5.93,5.85,5.77,5.38,104.9350878125,6.562
2020-02-12 10-28-14,10,16,49069,,,,,,,,,5.0
2020-02-12 10-28-14,10,17,,121.13,126.02,126.79,,,,,,5.0
2020-02-12 10-28-14,10,18,,121.13,126.02,126.79,45.29,40.95,40.96,,,6.687
2020-02-12 10-28-15,11,16,19804,,,,,,,,,5.0
2020-02-12 10-28-15,11,17,,9.35,8.37,9.07,,,,,,5.0
2020-02-12 10-28-15,11,18,,9.35,8.37,9.07,7.91,7.29,7.47,,,6.687
2020-02-12 10-28-15,11,19,,9.35,8.37,9.07,7.91,7.29,7.47,-39.389999999999986,-2.0462,6.687
2020-02-12 10-28-15,12,16,27806,,,,,,,,,5.0
2020-02-12 10-28-15,12,17,,7.01,6.51,7.79,,,,,,5.0
2020-02-12 10-28-15,12,18,,7.01,6.51,7.79,7.83,8.37,7.65,,,6.687
2020-02-12 10-28-15,12,19,,7.01,6.51,7.79,7.83,8.37,7.65,6.62,-2.0462,6.687
2020-02-12 10-28-16,13,16,27600,,,,,,,,,5.0
2020-02-12 10-28-16,13,17,,8.27,8.89,8.83,,,,,,5.0
2020-02-12 10-28-16,13,18,,8.27,8.89,8.83,7.91,8.19,7.91,,,6.687
2020-02-12 10-28-16,13,19,,8.27,8.89,8.83,7.91,8.19,7.91,7.49,89.699748322,6.687
2020-02-12 10-28-16,14,16,27903,,,,,,,,,5.0
2020-02-12 10-28-16,14,17,,7.01,9.21,8.83,,,,,,5.0
2020-02-12 10-28-16,14,18,,7.01,9.21,8.83,9.77,7.77,7.47,,,6.687
2020-02-12 10-28-16,14,19,,7.01,9.21,8.83,9.77,7.77,7.47,7.85,103.38309451250001,6.687
2020-02-12 10-28-17,15,16,0,,,,,,,,,5.0
2020-02-12 10-28-17,15,17,,0.0,0.0,0.0,,,,,,5.0
2020-02-12 10-28-17,15,18,,0.0,0.0,0.0,0.0,0.0,0.0,,,6.687
2020-02-12 10-28-17,15,19,,0.0,0.0,0.0,0.0,0.0,0.0,0.0,-2.0462,6.687
2020-02-12 10-28-17,16,16,20855,,,,,,,,,5.0
2020-02-12 10-28-17,16,17,,6.97,7.47,6.03,,,,,,5.0
2020-02-12 10-28-17,16,18,,6.97,7.47,6.03,5.67,6.11,6.79,,,6.687
2020-02-12 10-28-17,16,19,,6.97,7.47,6.03,5.67,6.11,6.79,7.47,27.8260731125,6.687
2020-02-12 10-28-18,17,16,21249,,,,,,,,,5.0
2020-02-12 10-28-18,17,17,,7.65,8.23,7.77,,,,,,5.0
2020-02-12 10-28-18,17,18,,7.65,8.23,7.77,6.17,7.79,7.59,,,6.687
2020-02-12 10-28-18,17,19,,7.65,8.23,7.77,6.17,7.79,7.59,7.48,103.90170201250001,6.687
2020-02-12 10-28-18,18,16,19691,,,,,,,,,5.0
2020-02-12 10-28-18,18,17,,7.15,7.65,6.91,,,,,,5.0
2020-02-12 10-28-18,18,18,,7.15,7.65,6.91,6.87,6.35,5.59,,,6.687
2020-02-12 10-28-18,18,19,,7.15,7.65,6.91,6.87,6.35,5.59,6.86,100.9285418845,6.687
2020-02-12 10-28-19,19,16,24722,,,,,,,,,5.0
2020-02-12 10-28-19,19,17,,7.91,7.33,7.91,,,,,,5.0
2020-02-12 10-28-19,19,18,,7.91,7.33,7.91,8.29,9.29,8.13,,,6.687
2020-02-12 10-28-19,19,19,,7.91,7.33,7.91,8.29,9.29,8.13,6.54,67.2366753125,6.687
2020-02-12 10-28-19,20,16,46983,,,,,,,,,5.0
2020-02-12 10-28-19,20,17,,-327.67,-327.67,-327.67,,,,,,5.0
2020-02-12 10-28-19,20,18,,-327.67,-327.67,-327.67,-327.67,-327.67,-327.67,,,6.687
2020-02-12 10-28-19,20,19,,-327.67,-327.67,-327.67,-327.67,-327.67,-327.67,8.03,106.47559351250001,6.687
2020-02-12 10-28-20,21,16,25995,,,,,,,,,5.0
2020-02-12 10-28-20,21,17,,8.33,7.73,7.27,,,,,,5.0
2020-02-12 10-28-20,21,18,,8.33,7.73,7.27,7.55,7.95,9.61,,,6.687
2020-02-12 10-28-20,21,19,,8.33,7.73,7.27,7.55,7.95,9.61,7.54,98.472354178,6.687
2020-02-12 10-28-20,22,16,25223,,,,,,,,,5.0
2020-02-12 10-28-20,22,17,,5.11,5.37,6.07,,,,,,5.0
2020-02-12 10-28-20,22,18,,5.11,5.37,6.07,5.15,6.47,6.13,,,6.687
2020-02-12 10-28-20,22,19,,5.11,5.37,6.07,5.15,6.47,6.13,7.13,60.3574030045,6.687
2020-02-12 10-28-21,23,16,19910,,,,,,,,,5.0
2020-02-12 10-28-21,23,17,,7.59,8.83,8.45,,,,,,5.0
2020-02-12 10-28-21,23,18,,7.59,8.83,8.45,8.37,8.45,7.79,,,6.687
2020-02-12 10-28-21,23,19,,7.59,8.83,8.45,8.37,8.45,7.79,7.32,88.45483756450001,6.687
2020-02-12 10-28-22,25,16,20904,,,,,,,,,5.0
2020-02-12 10-28-22,25,17,,6.73,6.35,6.87,,,,,,5.0
2020-02-12 10-28-22,25,18,,6.73,6.35,6.87,6.21,5.77,6.07,,,6.687
2020-02-12 10-28-22,25,19,,6.73,6.35,6.87,6.21,5.77,6.07,5.46,104.8835397805,6.687
2020-02-12 10-29-14,10,16,49070,,,,,,,,,5.125
2020-02-12 10-29-14,10,17,,79.27,118.28,122.15,,,,,,5.125
2020-02-12 10-29-14,10,18,,79.27,118.28,122.15,45.27,40.95,40.96,,,6.75
2020-02-12 10-29-15,11,16,19805,,,,,,,,,5.125
2020-02-12 10-29-15,11,17,,9.99,8.51,9.63,,,,,,5.125
2020-02-12 10-29-15,11,18,,9.99,8.51,9.63,8.51,7.47,7.51,,,6.75
2020-02-12 10-29-15,11,19,,9.99,8.51,9.63,8.51,7.47,7.51,-39.389999999999986,-2.0462,6.75
2020-02-12 10-29-15,12,16,27807,,,,,,,,,5.125
2020-02-12 10-29-15,12,17,,7.19,7.45,8.33,,,,,,5.125
2020-02-12 10-29-15,12,18,,7.19,7.45,8.33,8.09,8.55,7.87,,,6.75
2020-02-12 10-29-15,12,19,,7.19,7.45,8.33,8.09,8.55,7.87,6.82,-2.0462,6.75
2020-02-12 10-29-16,13,16,27601,,,,,,,,,5.125
2020-02-12 10-29-16,13,17,,8.45,9.39,9.35,,,,,,5.125
2020-02-12 10-29-16,13,18,,8.45,9.39,9.35,8.15,8.69,8.23,,,6.75
2020-02-12 10-29-16,13,19,,8.45,9.39,9.35,8.15,8.69,8.23,7.58,89.7273396125,6.75
2020-02-12 10-29-16,14,16,27904,,,,,,,,,5.125
2020-02-12 10-29-16,14,17,,7.79,9.95,9.07,,,,,,5.125
2020-02-12 10-29-16,14,18,,7.79,9.95,9.07,9.67,8.05,7.87,,,6.75
2020-02-12 10-29-16,14,19,,7.79,9.95,9.07,9.67,8.05,7.87,8.23,103.17529412050001,6.75
2020-02-12 10-29-17,15,16,0,,,,,,,,,5.125
2020-02-12 10-29-17,15,17,,0.0,0.0,0.0,,,,,,5.125
2020-02-12 10-29-17,15,18,,0.0,0.0,0.0,0.0,0.0,0.0,,,6.75
2020-02-12 10-29-17,15,19,,0.0,0.0,0.0,0.0,0.0,0.0,0.0,-2.0462,6.75
2020-02-12 10-29-17,16,16,20856,,,,,,,,,5.125
2020-02-12 10-29-17,16,17,,6.75,8.23,6.75,,,,,,5.125
2020-02-12 10-29-17,16,18,,6.75,8.23,6.75,6.11,6.43,7.83,,,6.75
2020-02-12 10-29-17,16,19,,6.75,8.23,6.75,6.11,6.43,7.83,7.77,27.7580595205,6.75
2020-02-12 10-29-18,17,16,21250,,,,,,,,,5.125
2020-02-12 10-29-18,17,17,,8.15,8.83,8.13,,,,,,5.125
2020-02-12 10-29-18,17,18,,8.15,8.83,8.13,6.93,8.51,7.83,,,6.75
2020-02-12 10-29-18,17,19,,8.15,8.83,8.13,6.93,8.51,7.83,7.94,104.0570353645,6.75
2020-02-12 10-29-18,18,16,19692,,,,,,,,,5.125
2020-02-12 10-29-18,18,17,,7.55,8.33,7.47,,,,,,5.125
2020-02-12 10-29-18,18,18,,7.55,8.33,7.47,7.11,6.29,6.03,,,6.75
2020-02-12 10-29-18,18,19,,7.55,8.33,7.47,7.11,6.29,6.03,7.25,101.61028154050001,6.75
2020-02-12 10-29-19,19,16,24723,,,,,,,,,5.125
2020-02-12 10-29-19,19,17,,8.15,8.05,8.13,,,,,,5.125
2020-02-12 10-29-19,19,18,,8.15,8.05,8.13,8.09,9.81,9.07,,,6.75
2020-02-12 10-29-19,19,19,,8.15,8.05,8.13,8.09,9.81,9.07,6.9,61.12640184200001,6.75
2020-02-12 10-29-19,20,16,46984,,,,,,,,,5.125
2020-02-12 10-29-19,20,17,,-327.67,-327.67,-327.67,,,,,,5.125
2020-02-12 10-29-19,20,18,,-327.67,-327.67,-327.67,-327.67,-327.67,-327.67,,,6.75
2020-02-12 10-29-19,20,19,,-327.67,-327.67,-327.67,-327.67,-327.67,-327.67,8.26,106.4244284005,6.75
2020-02-12 10-29-20,21,16,25996,,,,,,,,,5.125
2020-02-12 10-29-20,21,17,,8.41,8.33,7.79,,,,,,5.125
2020-02-12 10-29-20,21,18,,8.41,8.33,7.79,7.29,8.71,9.99,,,6.75
2020-02-12 10-29-20,21,19,,8.41,8.33,7.79,7.29,8.71,9.99,7.71,98.44579358050001,6.75
2020-02-12 10-29-20,22,16,25224,,,,,,,,,5.125
2020-02-12 10-29-20,22,17,,5.49,6.07,6.29,,,,,,5.125
2020-02-12 10-29-20,22,18,,5.49,6.07,6.29,5.45,6.73,6.53,,,6.75
2020-02-12 10-29-20,22,19,,5.49,6.07,6.29,5.45,6.73,6.53,7.25,59.9875751605,6.75
2020-02-12 10-29-21,23,16,19911,,,,,,,,,5.125
2020-02-12 10-29-21,23,17,,7.77,9.35,8.55,,,,,,5.125
2020-02-12 10-29-21,23,18,,7.77,9.35,8.55,8.59,9.21,8.13,,,6.75
2020-02-12 10-29-21,23,19,,7.77,9.35,8.55,8.59,9.21,8.13,7.7,88.5103041445,6.75
2020-02-12 10-29-22,25,16,20905,,,,,,,,,5.125
2020-02-12 10-29-22,25,17,,7.05,6.39,6.93,,,,,,5.125
2020-02-12 10-29-22,25,18,,7.05,6.39,6.93,5.93,6.47,6.11,,,6.75
2020-02-12 10-29-22,25,19,,7.05,6.39,6.93,5.93,6.47,6.11,5.6,104.85776097800002,6.75
2020-02-12 10-30-15,10,16,49071,,,,,,,,,5.187
2020-02-12 10-30-15,10,17,,121.04,125.87,126.74,,,,,,5.187
2020-02-12 10-30-15,10,18,,121.04,125.87,126.74,45.26,40.95,40.96,,,6.812
2020-02-12 10-30-15,11,16,19806,,,,,,,,,5.187
2020-02-12 10-30-15,11,17,,10.71,8.75,9.71,,,,,,5.187
2020-02-12 10-30-15,11,18,,10.71,8.75,9.71,8.69,8.41,7.69,,,6.812
2020-02-12 10-30-15,11,19,,10.71,8.75,9.71,8.69,8.41,7.69,-39.389999999999986,-2.0462,6.812
2020-02-12 10-30-16,12,16,27808,,,,,,,,,5.187
2020-02-12 10-30-16,12,17,,7.59,7.55,8.55,,,,,,5.187
2020-02-12 10-30-16,12,18,,7.59,7.55,8.55,8.23,8.75,8.51,,,6.812
2020-02-12 10-30-16,12,19,,7.59,7.55,8.55,8.23,8.75,8.51,7.34,-2.0462,6.812
2020-02-12 10-30-16,13,16,27602,,,,,,,,,5.187
2020-02-12 10-30-16,13,17,,8.45,8.93,8.79,,,,,,5.187
2020-02-12 10-30-16,13,18,,8.45,8.93,8.79,8.13,9.11,8.59,,,6.812
2020-02-12 10-30-16,13,19,,8.45,8.93,8.79,8.13,9.11,8.59,8.0,90.14082605,6.812
2020-02-12 10-30-17,14,16,27905,,,,,,,,,5.187
2020-02-12 10-30-17,14,17,,8.33,10.31,8.71,,,,,,5.187
2020-02-12 10-30-17,14,18,,8.33,10.31,8.71,9.89,8.29,8.41,,,6.812
2020-02-12 10-30-17,14,19,,8.33,10.31,8.71,9.89,8.29,8.41,8.58,102.889235122,6.812
2020-02-12 10-30-17,15,16,0,,,,,,,,,5.187
2020-02-12 10-30-17,15,17,,0.0,0.0,0.0,,,,,,5.187
2020-02-12 10-30-17,15,18,,0.0,0.0,0.0,0.0,0.0,0.0,,,6.812
2020-02-12 10-30-17,15,19,,0.0,0.0,0.0,0.0,0.0,0.0,0.0,-2.0462,6.812
2020-02-12 10-30-18,16,16,20857,,,,,,,,,5.187
2020-02-12 10-30-18,16,17,,7.19,8.47,7.15,,,,,,5.187
2020-02-12 10-30-18,16,18,,7.19,8.47,7.15,5.95,6.51,8.23,,,6.812
2020-02-12 10-30-18,16,19,,7.19,8.47,7.15,5.95,6.51,8.23,8.04,27.792067912000004,6.812
2020-02-12 10-30-18,17,16,21251,,,,,,,,,5.187
2020-02-12 10-30-18,17,17,,8.05,8.59,8.65,,,,,,5.187
2020-02-12 10-30-18,17,18,,8.05,8.59,8.65,7.79,8.93,8.23,,,6.812
2020-02-12 10-30-18,17,19,,8.05,8.59,8.65,7.79,8.93,8.23,8.29,104.31566900450001,6.812
2020-02-12 10-30-19,18,16,19693,,,,,,,,,5.187
2020-02-12 10-30-19,18,17,,7.69,8.33,8.01,,,,,,5.187
2020-02-12 10-30-19,18,18,,7.69,8.33,8.01,7.37,6.47,6.07,,,6.812
2020-02-12 10-30-19,18,19,,7.69,8.33,8.01,7.37,6.47,6.07,7.54,100.35000040450001,6.812
2020-02-12 10-30-19,19,16,24724,,,,,,,,,5.187
2020-02-12 10-30-19,19,17,,9.21,8.13,8.75,,,,,,5.187
2020-02-12 10-30-19,19,18,,9.21,8.13,8.75,8.23,10.31,9.21,,,6.812
2020-02-12 10-30-19,19,19,,9.21,8.13,8.75,8.23,10.31,9.21,7.42,54.79311005000001,6.812
2020-02-12 10-30-20,20,16,46985,,,,,,,,,5.187
2020-02-12 10-30-20,20,17,,-327.67,-327.67,-327.67,,,,,,5.187
2020-02-12 10-30-20,20,18,,-327.67,-327.67,-327.67,-327.67,-327.67,-327.67,,,6.812
2020-02-12 10-30-20,20,19,,-327.67,-327.67,-327.67,-327.67,-327.67,-327.67,8.48,106.3220598845,6.812
2020-02-12 10-30-20,21,16,25997,,,,,,,,,5.187
2020-02-12 10-30-20,21,17,,8.55,8.55,8.87,,,,,,5.187
2020-02-12 10-30-20,21,18,,8.55,8.55,8.87,8.27,8.71,10.61,,,6.812
2020-02-12 10-30-20,21,19,,8.55,8.55,8.87,8.27,8.71,10.61,8.2,98.33951928050001,6.812
2020-02-12 10-30-21,22,16,25225,,,,,,,,,5.187
2020-02-12 10-30-21,22,17,,5.67,6.25,6.35,,,,,,5.187
2020-02-12 10-30-21,22,18,,5.67,6.25,6.35,5.73,6.65,6.61,,,6.812
2020-02-12 10-30-21,22,19,,5.67,6.25,6.35,5.73,6.65,6.61,7.39,63.11646514450001,6.812
2020-02-12 10-30-21,23,16,19912,,,,,,,,,5.187
2020-02-12 10-30-21,23,17,,8.47,9.77,8.83,,,,,,5.187
2020-02-12 10-30-21,23,18,,8.47,9.77,8.83,8.19,8.87,8.55,,,6.812
2020-02-12 10-30-21,23,19,,8.47,9.77,8.83,8.19,8.87,8.55,8.26,87.67696522450001,6.812
2020-02-12 10-30-22,25,16,20906,,,,,,,,,5.187
2020-02-12 10-30-22,25,17,,7.73,6.97,7.15,,,,,,5.187
2020-02-12 10-30-22,25,18,,7.73,6.97,7.15,6.51,7.41,6.69,,,6.812
2020-02-12 10-30-22,25,19,,7.73,6.97,7.15,6.51,7.41,6.69,5.77,104.7288191005,6.812
2020-02-12 10-31-15,10,16,49072,,,,,,,,,5.25
2020-02-12 10-31-15,10,17,,82.32,119.83,123.26,,,,,,5.25
2020-02-12 10-31-15,10,18,,82.32,119.83,123.26,45.26,40.95,40.96,,,7.0
2020-02-12 10-31-15,11,16,19807,,,,,,,,,5.25
2020-02-12 10-31-15,11,17,,10.17,8.51,9.91,,,,,,5.25
2020-02-12 10-31-15,11,18,,10.17,8.51,9.91,8.69,7.83,7.83,,,7.0
2020-02-12 10-31-15,11,19,,10.17,8.51,9.91,8.69,7.83,7.83,-39.389999999999986,-2.0462,7.0
2020-02-12 10-31-16,12,16,27809,,,,,,,,,5.25
2020-02-12 10-31-16,12,17,,7.55,7.19,8.61,,,,,,5.25
2020-02-12 10-31-16,12,18,,7.55,7.19,8.61,8.61,8.61,8.05,,,7.0
2020-02-12 10-31-16,12,19,,7.55,7.19,8.61,8.61,8.61,8.05,7.44,-2.0462,7.0
2020-02-12 10-31-16,13,16,27603,,,,,,,,,5.25
2020-02-12 10-31-16,13,17,,8.69,9.07,9.47,,,,,,5.25
2020-02-12 10-31-16,13,18,,8.69,9.07,9.47,7.65,8.55,8.29,,,7.0
2020-02-12 10-31-16,13,19,,8.69,9.07,9.47,7.65,8.55,8.29,8.38,89.534133568,7.0
2020-02-12 10-31-17,14,16,27906,,,,,,,,,5.25
2020-02-12 10-31-17,14,17,,7.73,10.05,8.83,,,,,,5.25
2020-02-12 10-31-17,14,18,,7.73,10.05,8.83,9.63,8.29,8.09,,,7.0
2020-02-12 10-31-17,14,19,,7.73,10.05,8.83,9.63,8.29,8.09,8.46,102.889235122,7.0
2020-02-12 10-31-17,15,16,0,,,,,,,,,5.25
2020-02-12 10-31-17,15,17,,0.0,0.0,0.0,,,,,,5.25
2020-02-12 10-31-17,15,18,,0.0,0.0,0.0,0.0,0.0,0.0,,,7.0
2020-02-12 10-31-17,15,19,,0.0,0.0,0.0,0.0,0.0,0.0,0.0,-2.0462,7.0
2020-02-12 10-31-18,16,16,20858,,,,,,,,,5.25
2020-02-12 10-31-18,16,17,,7.05,7.77,7.27,,,,,,5.25
2020-02-12 10-31-18,16,18,,7.05,7.77,7.27,6.29,7.09,7.37,,,7.0
2020-02-12 10-31-18,16,19,,7.05,7.77,7.27,6.29,7.09,7.37,8.26,27.8260731125,7.0
2020-02-12 10-31-18,17,16,21252,,,,,,,,,5.25
2020-02-12 10-31-18,17,17,,8.45,8.71,8.19,,,,,,5.25
2020-02-12 10-31-18,17,18,,8.45,8.71,8.19,7.29,8.41,8.13,,,7.0
2020-02-12 10-31-18,17,19,,8.45,8.71,8.19,7.29,8.41,8.13,8.42,103.8498987005,7.0
2020-02-12 10-31-19,18,16,19694,,,,,,,,,5.25
2020-02-12 10-31-19,18,17,,7.51,7.77,7.77,,,,,,5.25
2020-02-12 10-31-19,18,18,,7.51,7.77,7.77,7.05,6.61,6.25,,,7.0
2020-02-12 10-31-19,18,19,,7.51,7.77,7.77,7.05,6.61,6.25,7.57,99.71710281250002,7.0
2020-02-12 10-31-19,19,16,24725,,,,,,,,,5.25
2020-02-12 10-31-19,19,17,,8.59,7.87,8.69,,,,,,5.25
2020-02-12 10-31-19,19,18,,8.59,7.87,8.69,8.69,10.27,8.83,,,7.0
2020-02-12 10-31-19,19,19,,8.59,7.87,8.69,8.69,10.27,8.83,7.41,66.93572901250002,7.0
2020-02-12 10-31-20,20,16,46986,,,,,,,,,5.25
2020-02-12 10-31-20,20,17,,-327.67,-327.67,-327.67,,,,,,5.25
2020-02-12 10-31-20,20,18,,-327.67,-327.67,-327.67,-327.67,-327.67,-327.67,,,7.0
2020-02-12 10-31-20,20,19,,-327.67,-327.67,-327.67,-327.67,-327.67,-327.67,8.62,106.29645977800001,7.0
2020-02-12 10-31-20,21,16,25998,,,,,,,,,5.25
2020-02-12 10-31-20,21,17,,8.55,8.33,8.09,,,,,,5.25
2020-02-12 10-31-20,21,18,,8.55,8.33,8.09,7.97,8.41,10.33,,,7.0
2020-02-12 10-31-20,21,19,,8.55,8.33,8.09,7.97,8.41,10.33,8.28,98.18001210050001,7.0
2020-02-12 10-31-21,22,16,25226,,,,,,,,,5.25
2020-02-12 10-31-21,22,17,,5.85,6.13,6.03,,,,,,5.25
2020-02-12 10-31-21,22,18,,5.85,6.13,6.03,5.41,6.65,6.43,,,7.0
2020-02-12 10-31-21,22,19,,5.85,6.13,6.03,5.41,6.65,6.43,7.51,62.536148800000014,7.0
2020-02-12 10-31-21,23,16,19913,,,,,,,,,5.25
2020-02-12 10-31-21,23,17,,7.65,9.53,8.87,,,,,,5.25
2020-02-12 10-31-21,23,18,,7.65,9.53,8.87,8.33,9.49,8.15,,,7.0
2020-02-12 10-31-21,23,19,,7.65,9.53,8.87,8.33,9.49,8.15,8.16,84.00440125,7.0
2020-02-12 10-31-22,25,16,20907,,,,,,,,,5.25
2020-02-12 10-31-22,25,17,,6.97,6.39,7.23,,,,,,5.25
2020-02-12 10-31-22,25,18,,6.97,6.39,7.23,6.57,6.61,6.51,,,7.0
2020-02-12 10-31-22,25,19,,6.97,6.39,7.23,6.57,6.61,6.51,5.78,104.75461385800001,7.0
2020-02-12 10-32-14,10,16,49073,,,,,,,,,5.187
2020-02-12 10-32-14,10,17,,116.88,124.95,126.65,,,,,,5.187
2020-02-12 10-32-14,10,18,,116.88,124.95,126.65,45.24,40.95,40.96,,,7.125
2020-02-12 10-32-14,11,16,19808,,,,,,,,,5.187
2020-02-12 10-32-14,11,17,,10.47,9.01,10.51,,,,,,5.187
2020-02-12 10-32-14,11,18,,10.47,9.01,10.51,8.29,8.01,7.45,,,7.125
2020-02-12 10-32-14,11,19,,10.47,9.01,10.51,8.29,8.01,7.45,-39.389999999999986,-2.0462,7.125
2020-02-12 10-32-15,12,16,27810,,,,,,,,,5.187
2020-02-12 10-32-15,12,17,,7.47,7.23,8.83,,,,,,5.187
2020-02-12 10-32-15,12,18,,7.47,7.23,8.83,8.65,8.79,7.91,,,7.125
2020-02-12 10-32-15,12,19,,7.47,7.23,8.83,8.65,8.79,7.91,7.46,-2.0462,7.125
2020-02-12 10-32-15,13,16,27604,,,,,,,,,5.187
2020-02-12 10-32-15,13,17,,8.97,9.53,9.63,,,,,,5.187
2020-02-12 10-32-15,13,18,,8.97,9.53,9.63,8.15,8.33,8.09,,,7.125
2020-02-12 10-32-15,13,19,,8.97,9.53,9.63,8.15,8.33,8.09,8.36,88.45483756450001,7.125
2020-02-12 10-32-16,14,16,27907,,,,,,,,,5.187
2020-02-12 10-32-16,14,17,,7.45,10.31,8.97,,,,,,5.187
2020-02-12 10-32-16,14,18,,7.45,10.31,8.97,9.95,8.15,8.05,,,7.125
2020-02-12 10-32-16,14,19,,7.45,10.31,8.97,9.95,8.15,8.05,8.28,103.0713173405,7.125
2020-02-12 10-32-16,15,16,0,,,,,,,,,5.187
2020-02-12 10-32-16,15,17,,0.0,0.0,0.0,,,,,,5.187
2020-02-12 10-32-16,15,18,,0.0,0.0,0.0,0.0,0.0,0.0,,,7.125
2020-02-12 10-32-16,15,19,,0.0,0.0,0.0,0.0,0.0,0.0,0.0,-2.0462,7.125
2020-02-12 10-32-17,16,16,20859,,,,,,,,,5.187
2020-02-12 10-32-17,16,17,,7.19,8.55,6.51,,,,,,5.187
2020-02-12 10-32-17,16,18,,7.19,8.55,6.51,5.77,7.55,7.33,,,7.125
2020-02-12 10-32-17,16,19,,7.19,8.55,6.51,5.77,7.55,7.33,8.33,27.792067912000004,7.125
2020-02-12 10-32-17,17,16,21253,,,,,,,,,5.187
2020-02-12 10-32-17,17,17,,8.55,9.19,8.33,,,,,,5.187
2020-02-12 10-32-17,17,18,,8.55,9.19,8.33,7.45,8.09,8.29,,,7.125
2020-02-12 10-32-17,17,19,,8.55,9.19,8.33,7.45,8.09,8.29,8.42,103.43501270050001,7.125
2020-02-12 10-32-18,18,16,19695,,,,,,,,,5.187
2020-02-12 10-32-18,18,17,,7.51,7.59,7.65,,,,,,5.187
2020-02-12 10-32-18,18,18,,7.51,7.59,7.65,7.09,6.61,5.73,,,7.125
2020-02-12 10-32-18,18,19,,7.51,7.59,7.65,7.09,6.61,5.73,7.56,99.32060845000001,7.125
2020-02-12 10-32-18,19,16,24726,,,,,,,,,5.187
2020-02-12 10-32-18,19,17,,8.29,8.15,8.65,,,,,,5.187
2020-02-12 10-32-18,19,18,,8.29,8.15,8.65,9.29,10.19,8.59,,,7.125
2020-02-12 10-32-18,19,19,,8.29,8.15,8.65,9.29,10.19,8.59,7.29,69.1551753445,7.125
2020-02-12 10-32-19,20,16,46987,,,,,,,,,5.187
2020-02-12 10-32-19,20,17,,-327.67,-327.67,-327.67,,,,,,5.187
2020-02-12 10-32-19,20,18,,-327.67,-327.67,-327.67,-327.67,-327.67,-327.67,,,7.125
2020-02-12 10-32-19,20,19,,-327.67,-327.67,-327.67,-327.67,-327.67,-327.67,8.68,106.245249992,7.125
2020-02-12 10-32-19,21,16,25999,,,,,,,,,5.187
2020-02-12 10-32-19,21,17,,8.23,8.05,8.29,,,,,,5.187
2020-02-12 10-32-19,21,18,,8.23,8.05,8.29,8.01,8.55,9.91,,,7.125
2020-02-12 10-32-19,21,19,,8.23,8.05,8.29,8.01,8.55,9.91,8.22,98.153416402,7.125
2020-02-12 10-32-20,22,16,25227,,,,,,,,,5.187
2020-02-12 10-32-20,22,17,,5.95,5.67,6.07,,,,,,5.187
2020-02-12 10-32-20,22,18,,5.95,5.67,6.07,5.49,6.75,6.51,,,7.125
2020-02-12 10-32-20,22,19,,5.95,5.67,6.07,5.49,6.75,6.51,7.6,63.299483612500005,7.125
2020-02-12 10-32-20,23,16,19914,,,,,,,,,5.187
2020-02-12 10-32-20,23,17,,7.33,9.11,8.69,,,,,,5.187
2020-02-12 10-32-20,23,18,,7.33,9.11,8.69,8.61,9.21,8.05,,,7.125
2020-02-12 10-32-20,23,19,,7.33,9.11,8.69,8.61,9.21,8.05,8.0,84.06088256800001,7.125
2020-02-12 10-32-21,25,16,20908,,,,,,,,,5.187
2020-02-12 10-32-21,25,17,,7.33,6.75,7.11,,,,,,5.187
2020-02-12 10-32-21,25,18,,7.33,6.75,7.11,6.13,7.01,6.39,,,7.125
2020-02-12 10-32-21,25,19,,7.33,6.75,7.11,6.13,7.01,6.39,5.74,104.7804054245,7.125
2020-02-12 10-33-14,10,16,49074,,,,,,,,,5.312
2020-02-12 10-33-14,10,17,,63.71,112.0,119.78,,,,,,5.312
2020-02-12 10-33-14,10,18,,63.71,112.0,119.78,45.26,40.95,40.96,,,7.187
2020-02-12 10-33-14,11,16,19809,,,,,,,,,5.312
2020-02-12 10-33-14,11,17,,9.85,8.45,9.71,,,,,,5.312
2020-02-12 10-33-14,11,18,,9.85,8.45,9.71,8.37,7.95,7.83,,,7.187
2020-02-12 10-33-14,11,19,,9.85,8.45,9.71,8.37,7.95,7.83,-39.389999999999986,-2.0462,7.187
2020-02-12 10-33-15,12,16,27811,,,,,,,,,5.312
2020-02-12 10-33-15,12,17,,7.41,7.19,8.33,,,,,,5.312
2020-02-12 10-33-15,12,18,,7.41,7.19,8.33,7.87,8.59,7.79,,,7.187
2020-02-12 10-33-15,12,19,,7.41,7.19,8.33,7.87,8.59,7.79,7.24,-2.0462,7.187
2020-02-12 10-33-15,13,16,27605,,,,,,,,,5.312
2020-02-12 10-33-15,13,17,,8.83,9.25,9.29,,,,,,5.312
2020-02-12 10-33-15,13,18,,8.83,9.25,9.29,7.97,8.79,8.23,,,7.187
2020-02-12 10-33-15,13,19,,8.83,9.25,9.29,7.97,8.79,8.23,8.14,87.1198104445,7.187
2020-02-12 10-33-16,14,16,27908,,,,,,,,,5.312
2020-02-12 10-33-16,14,17,,7.65,10.31,9.21,,,,,,5.312
2020-02-12 10-33-16,14,18,,7.65,10.31,9.21,9.95,8.09,8.15,,,7.187
2020-02-12 10-33-16,14,19,,7.65,10.31,9.21,9.95,8.09,8.15,8.39,103.0713173405,7.187
2020-02-12 10-33-16,15,16,0,,,,,,,,,5.312
2020-02-12 10-33-16,15,17,,0.0,0.0,0.0,,,,,,5.312
2020-02-12 10-33-16,15,18,,0.0,0.0,0.0,0.0,0.0,0.0,,,7.187
2020-02-12 10-33-16,15,19,,0.0,0.0,0.0,0.0,0.0,0.0,0.0,-2.0462,7.187
2020-02-12 10-33-17,16,16,20860,,,,,,,,,5.312
2020-02-12 10-33-17,16,17,,6.57,7.95,6.07,,,,,,5.312
2020-02-12 10-33-17,16,18,,6.57,7.95,6.07,6.03,7.11,7.09,,,7.187
2020-02-12 10-33-17,16,19,,6.57,7.95,6.07,6.03,7.11,7.09,8.23,27.860075122,7.187
2020-02-12 10-33-17,17,16,21254,,,,,,,,,5.312
2020-02-12 10-33-17,17,17,,8.19,8.65,7.97,,,,,,5.312
2020-02-12 10-33-17,17,18,,8.19,8.65,7.97,6.91,8.41,8.05,,,7.187
2020-02-12 10-33-17,17,19,,8.19,8.65,7.97,6.91,8.41,8.05,8.32,103.4869181245,7.187
2020-02-12 10-33-18,18,16,19696,,,,,,,,,5.312
2020-02-12 10-33-18,18,17,,7.45,7.87,7.27,,,,,,5.312
2020-02-12 10-33-18,18,18,,7.45,7.87,7.27,7.37,7.01,6.03,,,7.187
2020-02-12 10-33-18,18,19,,7.45,7.87,7.27,7.37,7.01,6.03,7.37,98.63165075200001,7.187
2020-02-12 10-33-18,19,16,24727,,,,,,,,,5.312
2020-02-12 10-33-19,19,17,,7.95,8.13,8.47,,,,,,5.312
2020-02-12 10-33-19,19,18,,7.95,8.13,8.47,9.33,10.09,8.69,,,7.187
2020-02-12 10-33-19,19,19,,7.95,8.13,8.47,9.33,10.09,8.69,7.04,70.94189860450001,7.187
2020-02-12 10-33-19,20,16,46988,,,,,,,,,5.312
2020-02-12 10-33-19,20,17,,-327.67,-327.67,-327.67,,,,,,5.312
2020-02-12 10-33-19,20,18,,-327.67,-327.67,-327.67,-327.67,-327.67,-327.67,,,7.187
2020-02-12 10-33-19,20,19,,-327.67,-327.67,-327.67,-327.67,-327.67,-327.67,8.62,106.2196403125,7.187
2020-02-12 10-33-20,21,16,26000,,,,,,,,,5.312
2020-02-12 10-33-20,21,17,,8.51,8.41,7.61,,,,,,5.312
2020-02-12 10-33-20,21,18,,8.51,8.41,7.61,7.79,8.65,9.77,,,7.187
2020-02-12 10-33-20,21,19,,8.51,8.41,7.61,7.79,8.65,9.77,8.11,98.12681751250001,7.187
2020-02-12 10-33-20,22,16,25228,,,,,,,,,5.312
2020-02-12 10-33-20,22,17,,5.85,5.71,5.89,,,,,,5.312
2020-02-12 10-33-20,22,18,,5.85,5.71,5.89,5.49,6.69,6.91,,,7.187
2020-02-12 10-33-20,22,19,,5.85,5.71,5.89,5.49,6.69,6.91,7.6,63.085950898,7.187
2020-02-12 10-33-21,23,16,19915,,,,,,,,,5.312
2020-02-12 10-33-21,23,17,,7.77,9.39,8.69,,,,,,5.312
2020-02-12 10-33-21,23,18,,7.77,9.39,8.69,8.45,8.75,8.01,,,7.187
2020-02-12 10-33-21,23,19,,7.77,9.39,8.69,8.45,8.75,8.01,7.8,86.2816850245,7.187
2020-02-12 10-33-22,25,16,20909,,,,,,,,,5.312
2020-02-12 10-33-22,25,17,,7.09,6.53,7.09,,,,,,5.312
2020-02-12 10-33-22,25,18,,7.09,6.53,7.09,6.57,5.89,6.35,,,7.187
2020-02-12 10-33-22,25,19,,7.09,6.53,7.09,6.57,5.89,6.35,5.84,104.7804054245,7.187
2020-02-12 10-34-14,10,16,49075,,,,,,,,,5.187
2020-02-12 10-34-14,10,17,,86.96,121.18,124.28,,,,,,5.187
2020-02-12 10-34-14,10,18,,86.96,121.18,124.28,45.27,40.95,40.96,,,7.25
2020-02-12 10-34-15,11,16,19810,,,,,,,,,5.187
2020-02-12 10-34-15,11,17,,10.31,8.79,9.71,,,,,,5.187
2020-02-12 10-34-15,11,18,,10.31,8.79,9.71,8.45,7.91,7.69,,,7.25
2020-02-12 10-34-15,11,19,,10.31,8.79,9.71,8.45,7.91,7.69,-39.389999999999986,-2.0462,7.25
2020-02-12 10-34-15,12,16,27812,,,,,,,,,5.187
2020-02-12 10-34-15,12,17,,7.59,7.11,8.19,,,,,,5.187
2020-02-12 10-34-15,12,18,,7.59,7.11,8.19,8.29,9.01,8.37,,,7.25
2020-02-12 10-34-15,12,19,,7.59,7.11,8.19,8.29,9.01,8.37,7.12,-2.0462,7.25
2020-02-12 10-34-16,13,16,27606,,,,,,,,,5.187
2020-02-12 10-34-16,13,17,,8.69,9.29,9.01,,,,,,5.187
2020-02-12 10-34-16,13,18,,8.69,9.29,9.01,8.37,8.75,8.19,,,7.25
2020-02-12 10-34-16,13,19,,8.69,9.29,9.01,8.37,8.75,8.19,7.76,86.05769988050001,7.25
2020-02-12 10-34-16,14,16,27909,,,,,,,,,5.187
2020-02-12 10-34-16,14,17,,7.47,9.99,9.57,,,,,,5.187
2020-02-12 10-34-16,14,18,,7.47,9.99,9.57,10.13,8.09,6.75,,,7.25
2020-02-12 10-34-16,14,19,,7.47,9.99,9.57,10.13,8.09,6.75,8.54,102.9152564405,7.25
2020-02-12 10-34-17,15,16,0,,,,,,,,,5.187
2020-02-12 10-34-17,15,17,,0.0,0.0,0.0,,,,,,5.187
2020-02-12 10-34-17,15,18,,0.0,0.0,0.0,0.0,0.0,0.0,,,7.25
2020-02-12 10-34-17,15,19,,0.0,0.0,0.0,0.0,0.0,0.0,0.0,-2.0462,7.25
2020-02-12 10-34-17,16,16,20861,,,,,,,,,5.187
2020-02-12 10-34-17,16,17,,6.87,8.71,6.13,,,,,,5.187
2020-02-12 10-34-17,16,18,,6.87,8.71,6.13,6.07,7.33,6.93,,,7.25
2020-02-12 10-34-17,16,19,,6.87,8.71,6.13,6.07,7.33,6.93,8.14,27.860075122,7.25
2020-02-12 10-34-18,17,16,21255,,,,,,,,,5.187
2020-02-12 10-34-18,17,17,,8.47,8.59,8.55,,,,,,5.187
2020-02-12 10-34-18,17,18,,8.47,8.59,8.55,7.23,8.37,7.59,,,7.25
2020-02-12 10-34-18,17,19,,8.47,8.59,8.55,7.23,8.37,7.59,8.36,103.5906906805,7.25
2020-02-12 10-34-18,18,16,19697,,,,,,,,,5.187
2020-02-12 10-34-18,18,17,,7.45,8.09,7.73,,,,,,5.187
2020-02-12 10-34-18,18,18,,7.45,8.09,7.73,7.09,6.69,5.99,,,7.25
2020-02-12 10-34-18,18,19,,7.45,8.09,7.73,7.09,6.69,5.99,7.32,99.82271338450002,7.25
2020-02-12 10-34-19,19,16,24728,,,,,,,,,5.187
2020-02-12 10-34-19,19,17,,8.33,7.79,8.29,,,,,,5.187
2020-02-12 10-34-19,19,18,,8.33,7.79,8.29,9.03,10.31,8.71,,,7.25
2020-02-12 10-34-19,19,19,,8.33,7.79,8.29,9.03,10.31,8.71,6.99,69.8712431605,7.25
2020-02-12 10-34-19,20,16,46989,,,,,,,,,5.187
2020-02-12 10-34-19,20,17,,-327.67,-327.67,-327.67,,,,,,5.187
2020-02-12 10-34-19,20,18,,-327.67,-327.67,-327.67,-327.67,-327.67,-327.67,,,7.25
2020-02-12 10-34-19,20,19,,-327.67,-327.67,-327.67,-327.67,-327.67,-327.67,8.47,106.1684113805,7.25
2020-02-12 10-34-20,21,16,26001,,,,,,,,,5.187
2020-02-12 10-34-20,21,17,,8.65,8.55,7.11,,,,,,5.187
2020-02-12 10-34-20,21,18,,8.65,8.55,7.11,8.23,8.83,10.09,,,7.25
2020-02-12 10-34-20,21,19,,8.65,8.55,7.11,8.23,8.83,10.09,7.94,98.18001210050001,7.25
2020-02-12 10-34-20,22,16,25229,,,,,,,,,5.187
2020-02-12 10-34-20,22,17,,5.71,5.81,5.63,,,,,,5.187
2020-02-12 10-34-20,22,18,,5.71,5.81,5.63,5.41,6.65,6.43,,,7.25
2020-02-12 10-34-20,22,19,,5.71,5.81,5.63,5.41,6.65,6.43,7.54,63.23849022050001,7.25
2020-02-12 10-34-21,23,16,19916,,,,,,,,,5.187
2020-02-12 10-34-21,23,17,,7.87,9.35,8.89,,,,,,5.187
2020-02-12 10-34-21,23,18,,7.87,9.35,8.89,8.55,9.19,7.95,,,7.25
2020-02-12 10-34-21,23,19,,7.87,9.35,8.89,8.55,9.19,7.95,7.84,86.6172798205,7.25
2020-02-12 10-34-22,25,16,20910,,,,,,,,,5.187
2020-02-12 10-34-22,25,17,,7.45,6.73,6.97,,,,,,5.187
2020-02-12 10-34-22,25,18,,7.45,6.73,6.97,6.47,6.87,6.33,,,7.25
2020-02-12 10-34-22,25,19,,7.45,6.73,6.97,6.47,6.87,6.33,5.94,104.7288191005,7.25
2020-02-12 10-35-14,10,16,49076,,,,,,,,,5.187
2020-02-12 10-35-14,10,17,,122.2,126.36,127.37,,,,,,5.187
2020-02-12 10-35-14,10,18,,122.2,126.36,127.37,45.29,40.95,40.96,,,7.312
2020-02-12 10-35-15,11,16,19811,,,,,,,,,5.187
2020-02-12 10-35-15,11,17,,8.89,8.09,9.91,,,,,,5.187
2020-02-12 10-35-15,11,18,,8.89,8.09,9.91,7.95,7.69,7.27,,,7.312
2020-02-12 10-35-15,11,19,,8.89,8.09,9.91,7.95,7.69,7.27,-39.389999999999986,-2.0462,7.312
2020-02-12 10-35-15,12,16,27813,,,,,,,,,5.187
2020-02-12 10-35-15,12,17,,7.01,6.29,7.91,,,,,,5.187
2020-02-12 10-35-15,12,18,,7.01,6.29,7.91,7.87,8.09,8.15,,,7.312
2020-02-12 10-35-15,12,19,,7.01,6.29,7.91,7.87,8.09,8.15,6.96,-2.0462,7.312
2020-02-12 10-35-16,13,16,27607,,,,,,,,,5.187
2020-02-12 10-35-16,13,17,,8.83,9.33,9.35,,,,,,5.187
2020-02-12 10-35-16,13,18,,8.83,9.33,9.35,8.15,8.41,8.41,,,7.312
2020-02-12 10-35-16,13,19,,8.83,9.33,9.35,8.15,8.41,8.41,7.6,87.62130718450001,7.312
2020-02-12 10-35-16,14,16,27910,,,,,,,,,5.187
2020-02-12 10-35-16,14,17,,7.27,9.67,8.97,,,,,,5.187
2020-02-12 10-35-16,14,18,,7.27,9.67,8.97,9.47,8.01,7.77,,,7.312
2020-02-12 10-35-16,14,19,,7.27,9.67,8.97,9.47,8.01,7.77,8.34,102.86321061250001,7.312
2020-02-12 10-35-17,15,16,0,,,,,,,,,5.187
2020-02-12 10-35-17,15,17,,0.0,0.0,0.0,,,,,,5.187
2020-02-12 10-35-17,15,18,,0.0,0.0,0.0,0.0,0.0,0.0,,,7.312
2020-02-12 10-35-17,15,19,,0.0,0.0,0.0,0.0,0.0,0.0,0.0,-2.0462,7.312
2020-02-12 10-35-17,16,16,20862,,,,,,,,,5.187
2020-02-12 10-35-17,16,17,,6.65,7.59,6.39,,,,,,5.187
2020-02-12 10-35-17,16,18,,6.65,7.59,6.39,5.85,6.93,6.57,,,7.312
2020-02-12 10-35-17,16,19,,6.65,7.59,6.39,5.85,6.93,6.57,7.92,27.928069568000005,7.312
2020-02-12 10-35-18,17,16,21256,,,,,,,,,5.187
2020-02-12 10-35-18,17,17,,7.83,8.61,7.61,,,,,,5.187
2020-02-12 10-35-18,17,18,,7.83,8.61,7.61,6.69,8.09,7.79,,,7.312
2020-02-12 10-35-18,17,19,,7.83,8.61,7.61,6.69,8.09,7.79,8.08,103.53881078450001,7.312
2020-02-12 10-35-18,18,16,19698,,,,,,,,,5.187
2020-02-12 10-35-18,18,17,,7.27,7.59,6.93,,,,,,5.187
2020-02-12 10-35-18,18,18,,7.27,7.59,6.93,6.57,6.97,5.77,,,7.312
2020-02-12 10-35-18,18,19,,7.27,7.59,6.93,6.57,6.97,5.77,7.05,96.498251072,7.312
2020-02-12 10-35-19,19,16,24729,,,,,,,,,5.187
2020-02-12 10-35-19,19,17,,8.19,7.59,7.83,,,,,,5.187
2020-02-12 10-35-19,19,18,,8.19,7.59,7.83,9.39,9.63,8.45,,,7.312
2020-02-12 10-35-19,19,19,,8.19,7.59,7.83,9.39,9.63,8.45,6.82,71.53492022450001,7.312
2020-02-12 10-35-19,20,16,46990,,,,,,,,,5.187
2020-02-12 10-35-19,20,17,,-327.67,-327.67,-327.67,,,,,,5.187
2020-02-12 10-35-19,20,18,,-327.67,-327.67,-327.67,-327.67,-327.67,-327.67,,,7.312
2020-02-12 10-35-19,20,19,,-327.67,-327.67,-327.67,-327.67,-327.67,-327.67,8.4,106.245249992,7.312
2020-02-12 10-35-20,21,16,26002,,,,,,,,,5.187
2020-02-12 10-35-20,21,17,,8.23,8.09,7.09,,,,,,5.187
2020-02-12 10-35-20,21,18,,8.23,8.09,7.09,7.87,7.79,9.19,,,7.312
2020-02-12 10-35-20,21,19,,8.23,8.09,7.09,7.87,7.79,9.19,7.78,98.0203900445,7.312
2020-02-12 10-35-20,22,16,25230,,,,,,,,,5.187
2020-02-12 10-35-20,22,17,,5.73,5.49,5.45,,,,,,5.187
2020-02-12 10-35-20,22,18,,5.73,5.49,5.45,4.59,6.53,6.17,,,7.312
2020-02-12 10-35-20,22,19,,5.73,5.49,5.45,4.59,6.53,6.17,7.44,63.11646514450001,7.312
2020-02-12 10-35-21,23,16,19917,,,,,,,,,5.187
2020-02-12 10-35-21,23,17,,7.61,8.83,8.29,,,,,,5.187
2020-02-12 10-35-21,23,18,,7.61,8.83,8.29,8.23,8.55,7.73,,,7.312
2020-02-12 10-35-21,23,19,,7.61,8.83,8.29,8.23,8.55,7.73,7.7,86.868674368,7.312
2020-02-12 10-35-22,25,16,20911,,,,,,,,,5.187
2020-02-12 10-35-22,25,17,,6.61,5.93,6.93,,,,,,5.187
2020-02-12 10-35-22,25,18,,6.61,5.93,6.93,5.51,5.81,5.89,,,7.312
2020-02-12 10-35-22,25,19,,6.61,5.93,6.93,5.51,5.81,5.89,5.73,104.7804054245,7.312
2020-02-12 10-36-14,10,16,49077,,,,,,,,,5.125
2020-02-12 10-36-14,10,17,,106.29,120.8,124.08,,,,,,5.125
2020-02-12 10-36-14,10,18,,106.29,120.8,124.08,45.29,40.95,40.96,,,7.25
2020-02-12 10-36-15,11,16,19812,,,,,,,,,5.125
2020-02-12 10-36-15,11,17,,9.07,8.55,9.15,,,,,,5.125
2020-02-12 10-36-15,11,18,,9.07,8.55,9.15,8.09,7.61,7.87,,,7.25
2020-02-12 10-36-15,11,19,,9.07,8.55,9.15,8.09,7.61,7.87,-39.389999999999986,-2.0462,7.25
2020-02-12 10-36-15,12,16,27814,,,,,,,,,5.125
2020-02-12 10-36-15,12,17,,6.83,6.91,8.09,,,,,,5.125
2020-02-12 10-36-15,12,18,,6.83,6.91,8.09,7.87,8.51,8.09,,,7.25
2020-02-12 10-36-15,12,19,,6.83,6.91,8.09,7.87,8.51,8.09,6.84,-2.0462,7.25
2020-02-12 10-36-16,13,16,27608,,,,,,,,,5.125
2020-02-12 10-36-16,13,17,,8.71,9.15,9.07,,,,,,5.125
2020-02-12 10-36-16,13,18,,8.71,9.15,9.07,7.73,8.13,7.97,,,7.25
2020-02-12 10-36-16,13,19,,8.71,9.15,9.07,7.73,8.13,7.97,7.39,84.624993728,7.25
2020-02-12 10-36-16,14,16,27911,,,,,,,,,5.125
2020-02-12 10-36-16,14,17,,7.45,9.77,8.89,,,,,,5.125
2020-02-12 10-36-16,14,18,,7.45,9.77,8.89,9.77,8.05,8.01,,,7.25
2020-02-12 10-36-16,14,19,,7.45,9.77,8.89,9.77,8.05,8.01,8.12,103.0713173405,7.25
2020-02-12 10-36-17,15,16,0,,,,,,,,,5.125
2020-02-12 10-36-17,15,17,,0.0,0.0,0.0,,,,,,5.125
2020-02-12 10-36-17,15,18,,0.0,0.0,0.0,0.0,0.0,0.0,,,7.25
2020-02-12 10-36-17,15,19,,0.0,0.0,0.0,0.0,0.0,0.0,0.0,-2.0462,7.25
2020-02-12 10-36-17,16,16,20863,,,,,,,,,5.125
2020-02-12 10-36-17,16,17,,6.39,7.55,6.53,,,,,,5.125
2020-02-12 10-36-17,16,18,,6.39,7.55,6.53,5.71,6.87,6.79,,,7.25
2020-02-12 10-36-17,16,19,,6.39,7.55,6.53,5.71,6.87,6.79,7.66,28.030037304500006,7.25
2020-02-12 10-36-18,17,16,21257,,,,,,,,,5.125
2020-02-12 10-36-18,17,17,,8.13,8.51,7.59,,,,,,5.125
2020-02-12 10-36-18,17,18,,8.13,8.51,7.59,6.57,8.09,7.83,,,7.25
2020-02-12 10-36-18,17,19,,8.13,8.51,7.59,6.57,8.09,7.83,7.92,103.4869181245,7.25
2020-02-12 10-36-18,18,16,19699,,,,,,,,,5.125
2020-02-12 10-36-18,18,17,,7.33,7.37,6.87,,,,,,5.125
2020-02-12 10-36-18,18,18,,7.33,7.37,6.87,6.57,6.51,5.27,,,7.25
2020-02-12 10-36-18,18,19,,7.33,7.37,6.87,6.57,6.51,5.27,7.04,97.2205566245,7.25
2020-02-12 10-36-19,19,16,24730,,,,,,,,,5.125
2020-02-12 10-36-19,19,17,,8.37,7.09,7.87,,,,,,5.125
2020-02-12 10-36-19,19,18,,8.37,7.09,7.87,9.01,9.63,8.69,,,7.25
2020-02-12 10-36-19,19,19,,8.37,7.09,7.87,9.01,9.63,8.69,6.8,74.861513608,7.25
2020-02-12 10-36-19,20,16,46991,,,,,,,,,5.125
2020-02-12 10-36-19,20,17,,-327.67,-327.67,-327.67,,,,,,5.125
2020-02-12 10-36-19,20,18,,-327.67,-327.67,-327.67,-327.67,-327.67,-327.67,,,7.25
2020-02-12 10-36-19,20,19,,-327.67,-327.67,-327.67,-327.67,-327.67,-327.67,8.28,106.3220598845,7.25
2020-02-12 10-36-20,21,16,26003,,,,,,,,,5.125
2020-02-12 10-36-20,21,17,,8.47,8.41,7.23,,,,,,5.125
2020-02-12 10-36-20,21,18,,8.47,8.41,7.23,7.91,7.91,9.35,,,7.25
2020-02-12 10-36-20,21,19,,8.47,8.41,7.23,7.91,7.91,9.35,7.63,98.0203900445,7.25
2020-02-12 10-36-21,22,16,25231,,,,,,,,,5.125
2020-02-12 10-36-21,22,17,,5.63,5.67,5.89,,,,,,5.125
2020-02-12 10-36-21,22,18,,5.63,5.67,5.89,4.23,6.47,6.21,,,7.25
2020-02-12 10-36-21,22,19,,5.63,5.67,5.89,4.23,6.47,6.21,7.22,67.6574640445,7.25
2020-02-12 10-36-21,23,16,19918,,,,,,,,,5.125
2020-02-12 10-36-21,23,17,,7.41,9.15,8.65,,,,,,5.125
2020-02-12 10-36-21,23,18,,7.41,9.15,8.65,8.27,8.51,7.61,,,7.25
2020-02-12 10-36-21,23,19,,7.41,9.15,8.65,8.27,8.51,7.61,7.54,85.1034846445,7.25
2020-02-12 10-36-22,25,16,20912,,,,,,,,,5.125
2020-02-12 10-36-22,25,17,,6.87,6.07,6.61,,,,,,5.125
2020-02-12 10-36-22,25,18,,6.87,6.07,6.61,5.55,6.21,6.07,,,7.25
2020-02-12 10-36-22,25,19,,6.87,6.07,6.61,5.55,6.21,6.07,5.77,104.7288191005,7.25
2020-02-12 10-37-15,10,16,49078,,,,,,,,,5.125
2020-02-12 10-37-15,10,17,,103.15,119.49,124.13,,,,,,5.125
2020-02-12 10-37-15,10,18,,103.15,119.49,124.13,45.31,40.95,40.96,,,7.25
2020-02-12 10-37-15,11,16,19813,,,,,,,,,5.125
2020-02-12 10-37-15,11,17,,10.93,9.35,10.93,,,,,,5.125
2020-02-12 10-37-15,11,18,,10.93,9.35,10.93,9.21,10.03,10.13,,,7.25
2020-02-12 10-37-15,11,19,,10.93,9.35,10.93,9.21,10.03,10.13,-39.389999999999986,-2.0462,7.25
2020-02-12 10-37-16,12,16,27815,,,,,,,,,5.125
2020-02-12 10-37-16,12,17,,8.47,7.15,11.03,,,,,,5.125
2020-02-12 10-37-16,12,18,,8.47,7.15,11.03,9.89,10.09,9.91,,,7.25
2020-02-12 10-37-16,12,19,,8.47,7.15,11.03,9.89,10.09,9.91,7.34,-2.0462,7.25
2020-02-12 10-37-16,13,16,27609,,,,,,,,,5.125
2020-02-12 10-37-16,13,17,,10.09,11.37,10.93,,,,,,5.125
2020-02-12 10-37-16,13,18,,10.09,11.37,10.93,9.75,11.07,10.19,,,7.25
2020-02-12 10-37-16,13,19,,10.09,11.37,10.93,9.75,11.07,10.19,8.88,86.2816850245,7.25
2020-02-12 10-37-17,14,16,27912,,,,,,,,,5.125
2020-02-12 10-37-17,14,17,,9.03,12.39,11.33,,,,,,5.125
2020-02-12 10-37-17,14,18,,9.03,12.39,11.33,11.57,10.13,9.95,,,7.25
2020-02-12 10-37-17,14,19,,9.03,12.39,11.33,11.57,10.13,9.95,9.79,103.2792198445,7.25
2020-02-12 10-37-17,15,16,0,,,,,,,,,5.125
2020-02-12 10-37-17,15,17,,0.0,0.0,0.0,,,,,,5.125
2020-02-12 10-37-17,15,18,,0.0,0.0,0.0,0.0,0.0,0.0,,,7.25
2020-02-12 10-37-17,15,19,,0.0,0.0,0.0,0.0,0.0,0.0,0.0,-2.0462,7.25
2020-02-12 10-37-18,16,16,20864,,,,,,,,,5.125
2020-02-12 10-37-18,16,17,,7.51,10.09,7.77,,,,,,5.125
2020-02-12 10-37-18,16,18,,7.51,10.09,7.77,6.25,8.69,9.25,,,7.25
2020-02-12 10-37-18,16,19,,7.51,10.09,7.77,6.25,8.69,9.25,8.76,27.792067912000004,7.25
2020-02-12 10-37-18,17,16,21258,,,,,,,,,5.125
2020-02-12 10-37-18,17,17,,10.31,10.99,9.01,,,,,,5.125
2020-02-12 10-37-18,17,18,,10.31,10.99,9.01,7.65,10.41,9.01,,,7.25
2020-02-12 10-37-18,17,19,,10.31,10.99,9.01,7.65,10.41,9.01,9.8,104.1605271125,7.25
2020-02-12 10-37-19,18,16,19700,,,,,,,,,5.125
2020-02-12 10-37-19,18,17,,9.07,9.81,9.33,,,,,,5.125
2020-02-12 10-37-19,18,18,,9.07,9.81,9.33,8.83,7.23,6.21,,,7.25
2020-02-12 10-37-19,18,19,,9.07,9.81,9.33,8.83,7.23,6.21,8.64,95.58537205,7.25
2020-02-12 10-37-19,19,16,24731,,,,,,,,,5.125
2020-02-12 10-37-19,19,17,,9.95,8.51,10.83,,,,,,5.125
2020-02-12 10-37-19,19,18,,9.95,8.51,10.83,10.99,13.07,9.85,,,7.25
2020-02-12 10-37-19,19,19,,9.95,8.51,10.83,10.99,13.07,9.85,9.21,75.53361711250001,7.25
2020-02-12 10-37-20,20,16,46992,,,,,,,,,5.125
2020-02-12 10-37-20,20,17,,-327.67,-327.67,-327.67,,,,,,5.125
2020-02-12 10-37-20,20,18,,-327.67,-327.67,-327.67,-327.67,-327.67,-327.67,,,7.25
2020-02-12 10-37-20,20,19,,-327.67,-327.67,-327.67,-327.67,-327.67,-327.67,10.26,105.629736968,7.25
2020-02-12 10-37-20,21,16,26004,,,,,,,,,5.125
2020-02-12 10-37-20,21,17,,11.45,10.55,8.69,,,,,,5.125
2020-02-12 10-37-20,21,18,,11.45,10.55,8.69,8.97,9.75,14.05,,,7.25
2020-02-12 10-37-20,21,19,,11.45,10.55,8.69,8.97,9.75,14.05,9.08,98.07361016050001,7.25
2020-02-12 10-37-21,22,16,25232,,,,,,,,,5.125
2020-02-12 10-37-21,22,17,,5.73,6.73,7.05,,,,,,5.125
2020-02-12 10-37-21,22,18,,5.73,6.73,7.05,5.85,6.75,6.97,,,7.25
2020-02-12 10-37-21,22,19,,5.73,6.73,7.05,5.85,6.75,6.97,7.73,60.63447233800001,7.25
2020-02-12 10-37-21,23,16,19919,,,,,,,,,5.125
2020-02-12 10-37-21,23,17,,9.43,12.19,11.61,,,,,,5.125
2020-02-12 10-37-21,23,18,,9.43,12.19,11.61,10.51,11.79,9.33,,,7.25
2020-02-12 10-37-21,23,19,,9.43,12.19,11.61,10.51,11.79,9.33,9.48,84.5404584245,7.25
2020-02-12 10-37-22,25,16,20913,,,,,,,,,5.125
2020-02-12 10-37-22,25,17,,9.25,10.27,7.23,,,,,,5.125
2020-02-12 10-37-22,25,18,,9.25,10.27,7.23,7.05,7.51,7.05,,,7.25
2020-02-12 10-37-22,25,19,,9.25,10.27,7.23,7.05,7.51,7.05,6.16,104.57398354450001,7.25
2020-02-12 10-38-15,10,16,49079,,,,,,,,,5.375
2020-02-12 10-38-15,10,17,,70.76,115.04,120.94,,,,,,5.375
2020-02-12 10-38-15,10,18,,70.76,115.04,120.94,45.3,40.95,40.96,,,7.5
2020-02-12 10-38-15,11,16,19814,,,,,,,,,5.375
2020-02-12 10-38-15,11,17,,10.69,9.75,11.71,,,,,,5.375
2020-02-12 10-38-15,11,18,,10.69,9.75,11.71,9.29,9.89,9.85,,,7.5
2020-02-12 10-38-15,11,19,,10.69,9.75,11.71,9.29,9.89,9.85,-39.389999999999986,-2.0462,7.5
2020-02-12 10-38-16,12,16,27816,,,,,,,,,5.375
2020-02-12 10-38-16,12,17,,8.51,7.79,11.45,,,,,,5.375
2020-02-12 10-38-16,12,18,,8.51,7.79,11.45,10.27,10.47,10.37,,,7.5
2020-02-12 10-38-16,12,19,,8.51,7.79,11.45,10.27,10.47,10.37,7.71,-2.0462,7.5
2020-02-12 10-38-16,13,16,27610,,,,,,,,,5.375
2020-02-12 10-38-16,13,17,,10.69,11.55,11.57,,,,,,5.375
2020-02-12 10-38-16,13,18,,10.69,11.55,11.57,9.99,11.09,9.91,,,7.5
2020-02-12 10-38-16,13,19,,10.69,11.55,11.57,9.99,11.09,9.91,10.03,80.4489903125,7.5
2020-02-12 10-38-17,14,16,27913,,,,,,,,,5.375
2020-02-12 10-38-17,14,17,,8.71,12.61,12.39,,,,,,5.375
2020-02-12 10-38-17,14,18,,8.71,12.61,12.39,12.03,9.75,10.09,,,7.5
2020-02-12 10-38-17,14,19,,8.71,12.61,12.39,12.03,9.75,10.09,10.62,102.8111520205,7.5
2020-02-12 10-38-17,15,16,0,,,,,,,,,5.375
2020-02-12 10-38-17,15,17,,0.0,0.0,0.0,,,,,,5.375
2020-02-12 10-38-17,15,18,,0.0,0.0,0.0,0.0,0.0,0.0,,,7.5
2020-02-12 10-38-17,15,19,,0.0,0.0,0.0,0.0,0.0,0.0,0.0,-2.0462,7.5
2020-02-12 10-38-18,16,16,20865,,,,,,,,,5.375
2020-02-12 10-38-18,16,17,,8.27,9.29,7.77,,,,,,5.375
2020-02-12 10-38-18,16,18,,8.27,9.29,7.77,6.57,8.47,8.71,,,7.5
2020-02-12 10-38-18,16,19,,8.27,9.29,7.77,6.57,8.47,8.71,9.4,27.31566005,7.5
2020-02-12 10-38-18,17,16,21259,,,,,,,,,5.375
2020-02-12 10-38-18,17,17,,10.79,11.93,9.49,,,,,,5.375
2020-02-12 10-38-18,17,18,,10.79,11.93,9.49,7.87,10.57,9.11,,,7.5
2020-02-12 10-38-18,17,19,,10.79,11.93,9.49,7.87,10.57,9.11,10.78,102.78511793800001,7.5
2020-02-12 10-38-19,18,16,19701,,,,,,,,,5.375
2020-02-12 10-38-19,18,17,,9.07,9.63,8.61,,,,,,5.375
2020-02-12 10-38-19,18,18,,9.07,9.63,8.61,8.61,7.09,6.21,,,7.5
2020-02-12 10-38-19,18,19,,9.07,9.63,8.61,8.61,7.09,6.21,8.74,89.28549604450001,7.5
2020-02-12 10-38-19,19,16,24732,,,,,,,,,5.375
2020-02-12 10-38-19,19,17,,10.93,8.41,11.17,,,,,,5.375
2020-02-12 10-38-19,19,18,,10.93,8.41,11.17,11.03,13.45,9.99,,,7.5
2020-02-12 10-38-19,19,19,,10.93,8.41,11.17,11.03,13.45,9.99,9.72,74.36365651250001,7.5
2020-02-12 10-38-20,20,16,46993,,,,,,,,,5.375
2020-02-12 10-38-20,20,17,,-327.67,-327.67,-327.67,,,,,,5.375
2020-02-12 10-38-20,20,18,,-327.67,-327.67,-327.67,-327.67,-327.67,-327.67,,,7.5
2020-02-12 10-38-20,20,19,,-327.67,-327.67,-327.67,-327.67,-327.67,-327.67,11.26,104.8319789845,7.5
2020-02-12 10-38-20,21,16,26005,,,,,,,,,5.375
2020-02-12 10-38-20,21,17,,12.19,11.09,9.21,,,,,,5.375
2020-02-12 10-38-20,21,18,,12.19,11.09,9.21,9.29,9.63,13.07,,,7.5
2020-02-12 10-38-20,21,19,,12.19,11.09,9.21,9.29,9.63,13.07,10.0,97.00678268050001,7.5
2020-02-12 10-38-21,22,16,25233,,,,,,,,,5.375
2020-02-12 10-38-21,22,17,,6.17,6.35,6.47,,,,,,5.375
2020-02-12 10-38-21,22,18,,6.17,6.35,6.47,5.63,6.93,7.11,,,7.5
2020-02-12 10-38-21,22,19,,6.17,6.35,6.47,5.63,6.93,7.11,8.11,65.03242961800001,7.5
2020-02-12 10-38-21,23,16,19920,,,,,,,,,5.375
2020-02-12 10-38-21,23,17,,9.35,11.71,11.33,,,,,,5.375
2020-02-12 10-38-21,23,18,,9.35,11.71,11.33,10.19,11.61,9.03,,,7.5
2020-02-12 10-38-21,23,19,,9.35,11.71,11.33,10.19,11.61,9.03,9.97,76.6984721125,7.5
2020-02-12 10-38-22,25,16,20914,,,,,,,,,5.375
2020-02-12 10-38-22,25,17,,9.11,10.09,7.41,,,,,,5.375
2020-02-12 10-38-22,25,18,,9.11,10.09,7.41,7.19,7.23,7.15,,,7.5
2020-02-12 10-38-22,25,19,,9.11,10.09,7.41,7.19,7.23,7.15,6.2,104.52234616450001,7.5
2020-02-12 10-39-14,10,16,49080,,,,,,,,,5.437
2020-02-12 10-39-14,10,17,,116.54,124.47,126.16,,,,,,5.437
2020-02-12 10-39-14,10,18,,116.54,124.47,126.16,45.31,40.95,40.96,,,7.812
2020-02-12 10-39-14,11,16,19815,,,,,,,,,5.437
2020-02-12 10-39-14,11,17,,11.45,10.05,11.51,,,,,,5.437
2020-02-12 10-39-14,11,18,,11.45,10.05,11.51,9.61,9.29,9.49,,,7.812
2020-02-12 10-39-14,11,19,,11.45,10.05,11.51,9.61,9.29,9.49,-39.389999999999986,-2.0462,7.812
2020-02-12 10-39-15,12,16,27817,,,,,,,,,5.437
2020-02-12 10-39-15,12,17,,8.69,8.15,10.71,,,,,,5.437
2020-02-12 10-39-15,12,18,,8.69,8.15,10.71,10.47,10.43,10.41,,,7.812
2020-02-12 10-39-15,12,19,,8.69,8.15,10.71,10.47,10.43,10.41,8.05,-2.0462,7.812
2020-02-12 10-39-15,13,16,27611,,,,,,,,,5.437
2020-02-12 10-39-15,13,17,,10.23,11.33,11.67,,,,,,5.437
2020-02-12 10-39-15,13,18,,10.23,11.33,11.67,10.09,10.89,9.67,,,7.812
2020-02-12 10-39-15,13,19,,10.23,11.33,11.67,10.09,10.89,9.67,9.96,79.8180781405,7.812
2020-02-12 10-39-16,14,16,27914,,,,,,,,,5.437
2020-02-12 10-39-16,14,17,,9.57,13.01,11.99,,,,,,5.437
2020-02-12 10-39-16,14,18,,9.57,13.01,11.99,12.71,10.51,9.99,,,7.812
2020-02-12 10-39-16,14,19,,9.57,13.01,11.99,12.71,10.51,9.99,10.77,102.28986408050001,7.812
2020-02-12 10-39-16,15,16,0,,,,,,,,,5.437
2020-02-12 10-39-16,15,17,,0.0,0.0,0.0,,,,,,5.437
2020-02-12 10-39-16,15,18,,0.0,0.0,0.0,0.0,0.0,0.0,,,7.812
2020-02-12 10-39-16,15,19,,0.0,0.0,0.0,0.0,0.0,0.0,0.0,-2.0462,7.812
2020-02-12 10-39-17,16,16,20866,,,,,,,,,5.437
2020-02-12 10-39-17,16,17,,8.09,9.85,7.65,,,,,,5.437
2020-02-12 10-39-17,16,18,,8.09,9.85,7.65,6.75,8.37,8.45,,,7.812
2020-02-12 10-39-17,16,19,,8.09,9.85,7.65,6.75,8.37,8.45,9.65,27.247550728000004,7.812
2020-02-12 10-39-17,17,16,21260,,,,,,,,,5.437
2020-02-12 10-39-17,17,17,,10.33,11.71,9.39,,,,,,5.437
2020-02-12 10-39-17,17,18,,10.33,11.71,9.39,8.09,10.47,9.35,,,7.812
2020-02-12 10-39-17,17,19,,10.33,11.71,9.39,8.09,10.47,9.35,10.44,102.1332288005,7.812
2020-02-12 10-39-18,18,16,19702,,,,,,,,,5.437
2020-02-12 10-39-18,18,17,,9.07,9.47,8.79,,,,,,5.437
2020-02-12 10-39-18,18,18,,9.07,9.47,8.79,8.37,7.55,6.33,,,7.812
2020-02-12 10-39-18,18,19,,9.07,9.47,8.79,8.37,7.55,6.33,8.47,95.28923906450001,7.812
2020-02-12 10-39-18,19,16,24733,,,,,,,,,5.437
2020-02-12 10-39-18,19,17,,10.09,8.47,10.89,,,,,,5.437
2020-02-12 10-39-18,19,18,,10.09,8.47,10.89,11.17,13.39,10.43,,,7.812
2020-02-12 10-39-18,19,19,,10.09,8.47,10.89,11.17,13.39,10.43,8.88,76.6984721125,7.812
2020-02-12 10-39-19,20,16,46994,,,,,,,,,5.437
2020-02-12 10-39-19,20,17,,-327.67,-327.67,-327.67,,,,,,5.437
2020-02-12 10-39-19,20,18,,-327.67,-327.67,-327.67,-327.67,-327.67,-327.67,,,7.812
2020-02-12 10-39-19,20,19,,-327.67,-327.67,-327.67,-327.67,-327.67,-327.67,11.1,104.7804054245,7.812
2020-02-12 10-39-19,21,16,26006,,,,,,,,,5.437
2020-02-12 10-39-19,21,17,,11.99,10.83,9.35,,,,,,5.437
2020-02-12 10-39-19,21,18,,11.99,10.83,9.35,9.25,10.41,14.11,,,7.812
2020-02-12 10-39-19,21,19,,11.99,10.83,9.35,9.25,10.41,14.11,9.95,97.00678268050001,7.812
2020-02-12 10-39-20,22,16,25234,,,,,,,,,5.437
2020-02-12 10-39-20,22,17,,6.57,6.53,6.97,,,,,,5.437
2020-02-12 10-39-20,22,18,,6.57,6.53,6.97,6.25,7.59,7.47,,,7.812
2020-02-12 10-39-20,22,19,,6.57,6.53,6.97,6.25,7.59,7.47,8.45,64.06082405000001,7.812
2020-02-12 10-39-20,23,16,19921,,,,,,,,,5.437
2020-02-12 10-39-20,23,17,,9.39,11.57,11.45,,,,,,5.437
2020-02-12 10-39-20,23,18,,9.39,11.57,11.45,10.69,11.31,9.49,,,7.812
2020-02-12 10-39-20,23,19,,9.39,11.57,11.45,10.69,11.31,9.49,9.74,78.49390742050001,7.812
2020-02-12 10-39-21,25,16,20915,,,,,,,,,5.437
2020-02-12 10-39-21,25,17,,8.93,10.09,7.77,,,,,,5.437
2020-02-12 10-39-21,25,18,,8.93,10.09,7.77,7.19,7.77,7.47,,,7.812
2020-02-12 10-39-21,25,19,,8.93,10.09,7.77,7.19,7.77,7.47,6.41,104.49652268800001,7.812
2020-02-12 10-40-14,10,16,49081,,,,,,,,,5.437
2020-02-12 10-40-14,10,17,,113.3,122.97,125.24,,,,,,5.437
2020-02-12 10-40-14,10,18,,113.3,122.97,125.24,45.35,40.95,40.96,,,8.0
2020-02-12 10-40-15,11,16,19816,,,,,,,,,5.437
2020-02-12 10-40-15,11,17,,11.57,10.05,11.85,,,,,,5.437
2020-02-12 10-40-15,11,18,,11.57,10.05,11.85,9.77,9.01,9.07,,,8.0
2020-02-12 10-40-15,11,19,,11.57,10.05,11.85,9.77,9.01,9.07,-39.389999999999986,-2.0462,8.0
2020-02-12 10-40-15,12,16,27818,,,,,,,,,5.437
2020-02-12 10-40-15,12,17,,8.09,8.01,10.13,,,,,,5.437
2020-02-12 10-40-15,12,18,,8.09,8.01,10.13,10.13,10.51,10.43,,,8.0
2020-02-12 10-40-15,12,19,,8.09,8.01,10.13,10.13,10.51,10.43,8.0,-2.0462,8.0
2020-02-12 10-40-16,13,16,27612,,,,,,,,,5.437
2020-02-12 10-40-16,13,17,,10.31,11.27,11.57,,,,,,5.437
2020-02-12 10-40-16,13,18,,10.31,11.27,11.57,10.03,10.43,9.25,,,8.0
2020-02-12 10-40-16,13,19,,10.31,11.27,11.57,10.03,10.43,9.25,9.32,79.73192500000002,8.0
2020-02-12 10-40-16,14,16,27915,,,,,,,,,5.437
2020-02-12 10-40-16,14,17,,9.01,12.23,11.99,,,,,,5.437
2020-02-12 10-40-16,14,18,,9.01,12.23,11.99,12.37,9.91,9.25,,,8.0
2020-02-12 10-40-16,14,19,,9.01,12.23,11.99,12.37,9.91,9.25,10.64,101.9242030645,8.0
2020-02-12 10-40-17,15,16,0,,,,,,,,,5.437
2020-02-12 10-40-17,15,17,,0.0,0.0,0.0,,,,,,5.437
2020-02-12 10-40-17,15,18,,0.0,0.0,0.0,0.0,0.0,0.0,,,8.0
2020-02-12 10-40-17,15,19,,0.0,0.0,0.0,0.0,0.0,0.0,0.0,-2.0462,8.0
2020-02-12 10-40-17,16,16,20867,,,,,,,,,5.437
2020-02-12 10-40-17,16,17,,7.97,9.63,7.59,,,,,,5.437
2020-02-12 10-40-17,16,18,,7.97,9.63,7.59,7.09,8.65,8.47,,,8.0
2020-02-12 10-40-17,16,19,,7.97,9.63,7.59,7.09,8.65,8.47,9.64,27.213491280500005,8.0
2020-02-12 10-40-18,17,16,21261,,,,,,,,,5.437
2020-02-12 10-40-18,17,17,,10.37,11.55,9.43,,,,,,5.437
2020-02-12 10-40-18,17,18,,10.37,11.55,9.43,8.45,9.99,9.19,,,8.0
2020-02-12 10-40-18,17,19,,10.37,11.55,9.43,8.45,9.99,9.19,10.16,101.636459218,8.0
2020-02-12 10-40-18,18,16,19703,,,,,,,,,5.437
2020-02-12 10-40-18,18,17,,9.11,9.53,8.93,,,,,,5.437
2020-02-12 10-40-18,18,18,,9.11,9.53,8.93,8.55,7.47,6.25,,,8.0
2020-02-12 10-40-18,18,19,,9.11,9.53,8.93,8.55,7.47,6.25,8.11,94.5337037245,8.0
2020-02-12 10-40-19,19,16,24734,,,,,,,,,5.437
2020-02-12 10-40-19,19,17,,10.23,8.97,10.65,,,,,,5.437
2020-02-12 10-40-19,19,18,,10.23,8.97,10.65,11.45,12.47,10.51,,,8.0
2020-02-12 10-40-19,19,19,,10.23,8.97,10.65,11.45,12.47,10.51,8.24,75.65033236450002,8.0
2020-02-12 10-40-19,20,16,46995,,,,,,,,,5.437
2020-02-12 10-40-19,20,17,,-327.67,-327.67,-327.67,,,,,,5.437
2020-02-12 10-40-19,20,18,,-327.67,-327.67,-327.67,-327.67,-327.67,-327.67,,,8.0
2020-02-12 10-40-19,20,19,,-327.67,-327.67,-327.67,-327.67,-327.67,-327.67,10.78,105.1926365125,8.0
2020-02-12 10-40-20,21,16,26007,,,,,,,,,5.437
2020-02-12 10-40-20,21,17,,11.31,10.31,8.89,,,,,,5.437
2020-02-12 10-40-20,21,18,,11.31,10.31,8.89,8.83,9.99,13.27,,,8.0
2020-02-12 10-40-20,21,19,,11.31,10.31,8.89,8.83,9.99,13.27,9.68,97.00678268050001,8.0
2020-02-12 10-40-20,22,16,25235,,,,,,,,,5.437
2020-02-12 10-40-20,22,17,,6.53,6.39,6.83,,,,,,5.437
2020-02-12 10-40-20,22,19,,,,,,,,8.52,68.43726951250001,8.0
2020-02-12 10-40-21,23,16,19922,,,,,,,,,5.437
2020-02-12 10-40-21,23,17,,9.33,11.27,10.95,,,,,,5.437
2020-02-12 10-40-21,23,18,,9.33,11.27,10.95,10.57,11.31,9.29,,,8.0
2020-02-12 10-40-21,23,19,,9.33,11.27,10.95,10.57,11.31,9.29,9.44,78.811171208,8.0
2020-02-12 10-40-22,25,16,20916,,,,,,,,,5.437
2020-02-12 10-40-22,25,17,,8.29,9.81,7.73,,,,,,5.437
2020-02-12 10-40-22,25,18,,8.29,9.81,7.73,6.53,6.69,7.41,,,8.0
2020-02-12 10-40-22,25,19,,8.29,9.81,7.73,6.53,6.69,7.41,6.55,104.4190331125,8.0
2020-02-12 10-41-14,10,16,49082,,,,,,,,,5.437
2020-02-12 10-41-14,10,17,,115.72,124.57,126.26,,,,,,5.437
2020-02-12 10-41-14,10,18,,115.72,124.57,126.26,45.29,40.95,40.96,,,8.125
2020-02-12 10-41-15,11,16,19817,,,,,,,,,5.437
2020-02-12 10-41-15,11,17,,13.07,10.51,12.05,,,,,,5.437
2020-02-12 10-41-15,11,18,,13.07,10.51,12.05,10.31,9.43,9.63,,,8.125
2020-02-12 10-41-15,11,19,,13.07,10.51,12.05,10.31,9.43,9.63,-39.389999999999986,-2.0462,8.125
2020-02-12 10-41-15,12,16,27819,,,,,,,,,5.437
2020-02-12 10-41-15,12,17,,8.93,8.71,11.23,,,,,,5.437
2020-02-12 10-41-15,12,18,,8.93,8.71,11.23,10.75,11.21,10.57,,,8.125
2020-02-12 10-41-15,12,19,,8.93,8.71,11.23,10.75,11.21,10.57,8.3,-2.0462,8.125
2020-02-12 10-41-16,13,16,27613,,,,,,,,,5.437
2020-02-12 10-41-16,13,17,,10.71,11.55,12.13,,,,,,5.437
2020-02-12 10-41-16,13,18,,10.71,11.55,12.13,10.47,11.31,9.99,,,8.125
2020-02-12 10-41-16,13,19,,10.71,11.55,12.13,10.47,11.31,9.99,9.34,81.620660002,8.125
2020-02-12 10-41-16,14,16,27916,,,,,,,,,5.437
2020-02-12 10-41-16,14,17,,9.21,13.01,11.65,,,,,,5.437
2020-02-12 10-41-16,14,18,,9.21,13.01,11.65,12.77,10.51,9.85,,,8.125
2020-02-12 10-41-16,14,19,,9.21,13.01,11.65,12.77,10.51,9.85,10.5,101.9764786445,8.125
2020-02-12 10-41-17,15,16,0,,,,,,,,,5.437
2020-02-12 10-41-17,15,17,,0.0,0.0,0.0,,,,,,5.437
2020-02-12 10-41-17,15,18,,0.0,0.0,0.0,0.0,0.0,0.0,,,8.125
2020-02-12 10-41-17,15,19,,0.0,0.0,0.0,0.0,0.0,0.0,0.0,-2.0462,8.125
2020-02-12 10-41-17,16,16,20868,,,,,,,,,5.437
2020-02-12 10-41-17,16,17,,8.29,9.95,8.41,,,,,,5.437
2020-02-12 10-41-17,16,18,,8.29,9.95,8.41,6.75,9.35,9.35,,,8.125
2020-02-12 10-41-17,16,19,,8.29,9.95,8.41,6.75,9.35,9.35,9.93,26.974985800000002,8.125
2020-02-12 10-41-18,17,16,21262,,,,,,,,,5.437
2020-02-12 10-41-18,17,17,,10.99,11.65,9.71,,,,,,5.437
2020-02-12 10-41-18,17,18,,10.99,11.65,9.71,8.55,10.57,10.09,,,8.125
2020-02-12 10-41-18,17,19,,10.99,11.65,9.71,8.55,10.57,10.09,10.11,102.15934265800001,8.125
2020-02-12 10-41-18,18,16,19704,,,,,,,,,5.437
2020-02-12 10-41-18,18,17,,9.67,9.95,9.25,,,,,,5.437
2020-02-12 10-41-18,18,18,,9.67,9.95,9.25,9.01,7.55,6.91,,,8.125
2020-02-12 10-41-18,18,19,,9.67,9.95,9.25,9.01,7.55,6.91,8.66,95.98856751250001,8.125
2020-02-12 10-41-19,19,16,24735,,,,,,,,,5.437
2020-02-12 10-41-19,19,17,,10.83,9.53,10.83,,,,,,5.437
2020-02-12 10-41-19,19,18,,10.83,9.53,10.83,11.75,13.55,10.99,,,8.125
2020-02-12 10-41-19,19,19,,10.83,9.53,10.83,11.75,13.55,10.99,8.54,75.1831650205,8.125
2020-02-12 10-41-19,20,16,46996,,,,,,,,,5.437
2020-02-12 10-41-19,20,17,,-327.67,-327.67,-327.67,,,,,,5.437
2020-02-12 10-41-19,20,18,,-327.67,-327.67,-327.67,-327.67,-327.67,-327.67,,,8.125
2020-02-12 10-41-19,20,19,,-327.67,-327.67,-327.67,-327.67,-327.67,-327.67,10.77,105.1926365125,8.125
2020-02-12 10-41-20,21,16,26008,,,,,,,,,5.437
2020-02-12 10-41-20,21,17,,11.65,11.09,9.53,,,,,,5.437
2020-02-12 10-41-20,21,18,,11.65,11.09,9.53,9.63,10.61,13.35,,,8.125
2020-02-12 10-41-20,21,19,,11.65,11.09,9.53,9.63,10.61,13.35,9.78,97.06024531250002,8.125
2020-02-12 10-41-20,22,16,25236,,,,,,,,,5.437
2020-02-12 10-41-20,22,17,,6.53,6.47,6.97,,,,,,5.437
2020-02-12 10-41-20,22,18,,6.53,6.47,6.97,6.33,7.51,8.47,,,8.125
2020-02-12 10-41-20,22,19,,6.53,6.47,6.97,6.33,7.51,8.47,8.68,66.63446361250001,8.125
2020-02-12 10-41-21,23,16,19923,,,,,,,,,5.437
2020-02-12 10-41-21,23,17,,9.77,11.93,11.75,,,,,,5.437
2020-02-12 10-41-21,23,18,,9.77,11.93,11.75,11.45,11.93,10.05,,,8.125
2020-02-12 10-41-21,23,19,,9.77,11.93,11.75,11.45,11.93,10.05,9.36,80.1624035125,8.125
2020-02-12 10-41-22,25,16,20917,,,,,,,,,5.437
2020-02-12 10-41-22,25,17,,9.07,10.09,7.79,,,,,,5.437
2020-02-12 10-41-22,25,18,,9.07,10.09,7.79,7.09,7.77,7.45,,,8.125
2020-02-12 10-41-22,25,19,,9.07,10.09,7.79,7.09,7.77,7.45,6.66,104.36735744050002,8.125
2020-02-12 10-42-14,10,16,49083,,,,,,,,,5.5
2020-02-12 10-42-14,10,17,,116.98,125.0,126.65,,,,,,5.5
2020-02-12 10-42-14,10,18,,116.98,125.0,126.65,45.33,40.95,40.96,,,8.187
2020-02-12 10-42-15,11,16,19818,,,,,,,,,5.5
2020-02-12 10-42-15,11,17,,12.29,10.65,11.95,,,,,,5.5
2020-02-12 10-42-15,11,18,,12.29,10.65,11.95,10.13,9.15,9.33,,,8.187
2020-02-12 10-42-15,11,19,,12.29,10.65,11.95,10.13,9.15,9.33,-39.389999999999986,-2.0462,8.187
2020-02-12 10-42-15,12,16,27820,,,,,,,,,5.5
2020-02-12 10-42-15,12,17,,8.27,8.23,10.85,,,,,,5.5
2020-02-12 10-42-15,12,18,,8.27,8.23,10.85,10.51,10.57,10.27,,,8.187
2020-02-12 10-42-15,12,19,,8.27,8.23,10.85,10.51,10.57,10.27,8.4,-2.0462,8.187
2020-02-12 10-42-16,13,16,27614,,,,,,,,,5.5
2020-02-12 10-42-16,13,17,,10.79,11.57,11.67,,,,,,5.5
2020-02-12 10-42-16,13,18,,10.79,11.57,11.67,9.67,10.19,9.75,,,8.187
2020-02-12 10-42-16,13,19,,10.79,11.57,11.67,9.67,10.19,9.75,9.46,82.1049011005,8.187
2020-02-12 10-42-16,14,16,27917,,,,,,,,,5.5
2020-02-12 10-42-16,14,17,,8.37,12.09,11.67,,,,,,5.5
2020-02-12 10-42-16,14,18,,8.37,12.09,11.67,12.33,10.51,9.81,,,8.187
2020-02-12 10-42-16,14,19,,8.37,12.09,11.67,12.33,10.51,9.81,10.02,101.9764786445,8.187
2020-02-12 10-42-17,15,16,0,,,,,,,,,5.5
2020-02-12 10-42-17,15,17,,0.0,0.0,0.0,,,,,,5.5
2020-02-12 10-42-17,15,18,,0.0,0.0,0.0,0.0,0.0,0.0,,,8.187
2020-02-12 10-42-17,15,19,,0.0,0.0,0.0,0.0,0.0,0.0,0.0,-2.0462,8.187
2020-02-12 10-42-17,16,16,20869,,,,,,,,,5.5
2020-02-12 10-42-17,16,17,,8.23,9.71,8.33,,,,,,5.5
2020-02-12 10-42-17,16,18,,8.23,9.71,8.33,7.23,8.61,8.47,,,8.187
2020-02-12 10-42-17,16,19,,8.23,9.71,8.33,7.23,8.61,8.47,10.04,26.906812658000003,8.187
2020-02-12 10-42-18,17,16,21263,,,,,,,,,5.5
2020-02-12 10-42-18,17,17,,10.31,11.71,9.29,,,,,,5.5
2020-02-12 10-42-18,17,18,,10.31,11.71,9.29,7.95,9.67,9.81,,,8.187
2020-02-12 10-42-18,17,19,,10.31,11.71,9.29,7.95,9.67,9.81,10.06,101.9242030645,8.187
2020-02-12 10-42-18,18,16,19705,,,,,,,,,5.5
2020-02-12 10-42-18,18,17,,9.19,9.25,8.59,,,,,,5.5
2020-02-12 10-42-18,18,18,,9.19,9.25,8.59,8.55,7.65,6.47,,,8.187
2020-02-12 10-42-18,18,19,,9.19,9.25,8.59,8.55,7.65,6.47,8.64,93.6943,8.187
2020-02-12 10-42-19,19,16,24736,,,,,,,,,5.5
2020-02-12 10-42-19,19,17,,10.19,9.01,10.75,,,,,,5.5
2020-02-12 10-42-19,19,18,,10.19,9.01,10.75,11.09,13.01,10.85,,,8.187
2020-02-12 10-42-19,19,19,,10.19,9.01,10.75,11.09,13.01,10.85,8.47,77.2209911605,8.187
2020-02-12 10-42-19,20,16,46997,,,,,,,,,5.5
2020-02-12 10-42-19,20,17,,-327.67,-327.67,-327.67,,,,,,5.5
2020-02-12 10-42-19,20,18,,-327.67,-327.67,-327.67,-327.67,-327.67,-327.67,,,8.187
2020-02-12 10-42-19,20,19,,-327.67,-327.67,-327.67,-327.67,-327.67,-327.67,10.78,105.0896553245,8.187
2020-02-12 10-42-20,21,16,26009,,,,,,,,,5.5
2020-02-12 10-42-20,21,17,,11.55,10.43,8.83,,,,,,5.5
2020-02-12 10-42-20,21,18,,11.55,10.43,8.83,9.35,10.37,12.83,,,8.187
2020-02-12 10-42-20,21,19,,11.55,10.43,8.83,9.35,10.37,12.83,9.67,96.819562952,8.187
2020-02-12 10-42-20,22,16,25237,,,,,,,,,5.5
2020-02-12 10-42-21,22,17,,6.39,6.03,6.43,,,,,,5.5
2020-02-12 10-42-21,22,18,,6.39,6.03,6.43,5.89,7.55,7.47,,,8.187
2020-02-12 10-42-21,22,19,,6.39,6.03,6.43,5.89,7.55,7.47,8.81,70.436826658,8.187
2020-02-12 10-42-21,23,16,19924,,,,,,,,,5.5
2020-02-12 10-42-21,23,17,,8.97,10.99,10.83,,,,,,5.5
2020-02-12 10-42-21,23,18,,8.97,10.99,10.83,10.19,11.03,9.33,,,8.187
2020-02-12 10-42-21,23,19,,8.97,10.99,10.83,10.19,11.03,9.33,9.16,78.638166098,8.187
2020-02-12 10-42-22,25,16,20918,,,,,,,,,5.5
2020-02-12 10-42-22,25,17,,8.29,9.43,7.33,,,,,,5.5
2020-02-12 10-42-22,25,18,,8.29,9.43,7.33,6.51,7.11,6.87,,,8.187
2020-02-12 10-42-22,25,19,,8.29,9.43,7.33,6.51,7.11,6.87,6.56,104.4190331125,8.187
2020-02-12 10-43-14,10,16,49084,,,,,,,,,5.5
2020-02-12 10-43-15,10,17,,71.44,115.62,122.2,,,,,,5.5
2020-02-12 10-43-15,10,18,,71.44,115.62,122.2,45.33,40.95,40.96,,,8.25
2020-02-12 10-43-15,11,16,19819,,,,,,,,,5.5
2020-02-12 10-43-15,11,17,,11.85,10.27,10.55,,,,,,5.5
2020-02-12 10-43-15,11,18,,11.85,10.27,10.55,9.29,9.53,9.29,,,8.25
2020-02-12 10-43-15,11,19,,11.85,10.27,10.55,9.29,9.53,9.29,-39.389999999999986,-2.0462,8.25
2020-02-12 10-43-15,12,16,27821,,,,,,,,,5.5
2020-02-12 10-43-16,12,17,,8.83,7.87,10.19,,,,,,5.5
2020-02-12 10-43-16,12,18,,8.83,7.87,10.19,9.91,10.51,10.13,,,8.25
2020-02-12 10-43-16,12,19,,8.83,7.87,10.19,9.91,10.51,10.13,8.1,-2.0462,8.25
2020-02-12 10-43-16,13,16,27615,,,,,,,,,5.5
2020-02-12 10-43-16,13,17,,9.39,10.89,11.07,,,,,,5.5
2020-02-12 10-43-16,13,18,,9.39,10.89,11.07,9.75,10.51,9.49,,,8.25
2020-02-12 10-43-16,13,19,,9.39,10.89,11.07,9.75,10.51,9.49,8.83,79.559532562,8.25
2020-02-12 10-43-16,14,16,27918,,,,,,,,,5.5
2020-02-12 10-43-17,14,17,,8.87,11.99,11.37,,,,,,5.5
2020-02-12 10-43-17,14,18,,8.87,11.99,11.37,11.81,10.37,8.59,,,8.25
2020-02-12 10-43-17,14,19,,8.87,11.99,11.37,11.81,10.37,8.59,9.92,101.4007452445,8.25
2020-02-12 10-43-17,15,16,0,,,,,,,,,5.5
2020-02-12 10-43-17,15,17,,0.0,0.0,0.0,,,,,,5.5
2020-02-12 10-43-17,15,18,,0.0,0.0,0.0,0.0,0.0,0.0,,,8.25
2020-02-12 10-43-17,15,19,,0.0,0.0,0.0,0.0,0.0,0.0,0.0,-2.0462,8.25
2020-02-12 10-43-18,16,16,20870,,,,,,,,,5.5
2020-02-12 10-43-18,16,17,,7.27,8.79,7.33,,,,,,5.5
2020-02-12 10-43-18,16,18,,7.27,8.79,7.33,6.69,7.83,7.61,,,8.25
2020-02-12 10-43-18,16,19,,7.27,8.79,7.33,6.69,7.83,7.61,9.36,27.111293792000005,8.25
2020-02-12 10-43-18,17,16,21264,,,,,,,,,5.5
2020-02-12 10-43-18,17,17,,10.09,10.47,9.25,,,,,,5.5
2020-02-12 10-43-18,17,18,,10.09,10.47,9.25,8.05,10.13,9.29,,,8.25
2020-02-12 10-43-18,17,19,,10.09,10.47,9.25,8.05,10.13,9.29,9.69,102.1854533245,8.25
2020-02-12 10-43-19,18,16,19706,,,,,,,,,5.5
2020-02-12 10-43-19,18,17,,8.61,8.97,8.23,,,,,,5.5
2020-02-12 10-43-19,18,18,,8.61,8.97,8.23,8.05,7.69,6.03,,,8.25
2020-02-12 10-43-19,18,19,,8.61,8.97,8.23,8.05,7.69,6.03,8.2,94.58775350050001,8.25
2020-02-12 10-43-19,19,16,24737,,,,,,,,,5.5
2020-02-12 10-43-19,19,17,,10.43,9.85,9.19,,,,,,5.5
2020-02-12 10-43-19,19,18,,10.43,9.85,9.19,10.51,12.43,10.89,,,8.25
2020-02-12 10-43-19,19,19,,10.43,9.85,9.19,10.51,12.43,10.89,8.16,74.18772206450001,8.25
2020-02-12 10-43-20,20,16,46998,,,,,,,,,5.5
2020-02-12 10-43-20,20,17,,-327.67,-327.67,-327.67,,,,,,5.5
2020-02-12 10-43-20,20,18,,-327.67,-327.67,-327.67,-327.67,-327.67,-327.67,,,8.25
2020-02-12 10-43-20,20,19,,-327.67,-327.67,-327.67,-327.67,-327.67,-327.67,10.31,104.8835397805,8.25
2020-02-12 10-43-20,21,16,26010,,,,,,,,,5.5
2020-02-12 10-43-20,21,17,,11.45,10.69,8.75,,,,,,5.5
2020-02-12 10-43-20,21,18,,11.45,10.69,8.75,8.97,10.41,12.19,,,8.25
2020-02-12 10-43-20,21,19,,11.45,10.69,8.75,8.97,10.41,12.19,9.37,96.79280451250001,8.25
2020-02-12 10-43-21,22,16,25238,,,,,,,,,5.5
2020-02-12 10-43-21,22,17,,6.51,6.57,6.51,,,,,,5.5
2020-02-12 10-43-21,22,18,,6.51,6.57,6.51,6.11,7.51,7.51,,,8.25
2020-02-12 10-43-21,22,19,,6.51,6.57,6.51,6.11,7.51,7.51,8.48,69.0356520125,8.25
2020-02-12 10-43-21,23,16,19925,,,,,,,,,5.5
2020-02-12 10-43-21,23,17,,9.15,10.95,10.65,,,,,,5.5
2020-02-12 10-43-21,23,18,,9.15,10.95,10.65,10.23,9.25,9.21,,,8.25
2020-02-12 10-43-21,23,19,,9.15,10.95,10.65,10.23,9.25,9.21,9.0,80.8496757445,8.25
2020-02-12 10-43-22,25,16,20919,,,,,,,,,5.5
2020-02-12 10-43-22,25,17,,8.01,9.39,7.59,,,,,,5.5
2020-02-12 10-43-22,25,18,,8.01,9.39,7.59,6.57,7.37,7.15,,,8.25
2020-02-12 10-43-22,25,19,,8.01,9.39,7.59,6.57,7.37,7.15,6.61,104.4190331125,8.25
2020-02-12 10-44-15,10,16,49085,,,,,,,,,5.437
2020-02-12 10-44-15,10,17,,116.54,124.08,126.16,,,,,,5.437
2020-02-12 10-44-15,10,18,,116.54,124.08,126.16,45.35,40.95,40.96,,,8.187
2020-02-12 10-44-15,11,16,19820,,,,,,,,,5.437
2020-02-12 10-44-15,11,17,,9.99,9.03,8.65,,,,,,5.437
2020-02-12 10-44-15,11,18,,9.99,9.03,8.65,8.19,8.59,8.47,,,8.187
2020-02-12 10-44-15,11,19,,9.99,9.03,8.65,8.19,8.59,8.47,-39.389999999999986,-2.0462,8.187
2020-02-12 10-44-16,12,16,27822,,,,,,,,,5.437
2020-02-12 10-44-16,12,17,,8.13,7.33,8.83,,,,,,5.437
2020-02-12 10-44-16,12,18,,8.13,7.33,8.83,8.71,9.21,9.49,,,8.187
2020-02-12 10-44-16,12,19,,8.13,7.33,8.83,8.71,9.21,9.49,7.77,-2.0462,8.187
2020-02-12 10-44-16,13,16,27616,,,,,,,,,5.437
2020-02-12 10-44-16,13,17,,7.95,9.49,9.47,,,,,,5.437
2020-02-12 10-44-16,13,18,,7.95,9.49,9.47,8.37,9.07,8.19,,,8.187
2020-02-12 10-44-16,13,19,,7.95,9.49,9.47,8.37,9.07,8.19,7.93,79.6457431405,8.187
2020-02-12 10-44-17,14,16,27919,,,,,,,,,5.437
2020-02-12 10-44-17,14,17,,8.75,9.95,9.99,,,,,,5.437
2020-02-12 10-44-17,14,18,,8.75,9.95,9.99,10.19,9.75,7.33,,,8.187
2020-02-12 10-44-17,14,19,,8.75,9.95,9.99,10.19,9.75,7.33,9.35,100.53424931200001,8.187
2020-02-12 10-44-17,15,16,0,,,,,,,,,5.437
2020-02-12 10-44-17,15,17,,0.0,0.0,0.0,,,,,,5.437
2020-02-12 10-44-17,15,18,,0.0,0.0,0.0,0.0,0.0,0.0,,,8.187
2020-02-12 10-44-17,15,19,,0.0,0.0,0.0,0.0,0.0,0.0,0.0,-2.0462,8.187
2020-02-12 10-44-18,16,16,20871,,,,,,,,,5.437
2020-02-12 10-44-18,16,17,,6.25,8.01,6.75,,,,,,5.437
2020-02-12 10-44-18,16,18,,6.25,8.01,6.75,5.99,6.83,6.61,,,8.187
2020-02-12 10-44-18,16,19,,6.25,8.01,6.75,5.99,6.83,6.61,8.5,27.451840402000006,8.187
2020-02-12 10-44-18,17,16,21265,,,,,,,,,5.437
2020-02-12 10-44-18,17,17,,8.97,9.29,8.05,,,,,,5.437
2020-02-12 10-44-18,17,18,,8.97,9.29,8.05,7.19,9.61,8.47,,,8.187
2020-02-12 10-44-18,17,19,,8.97,9.29,8.05,7.19,9.61,8.47,9.46,101.55791661250001,8.187
2020-02-12 10-44-19,18,16,19707,,,,,,,,,5.437
2020-02-12 10-44-19,18,17,,7.97,7.69,7.19,,,,,,5.437
2020-02-12 10-44-19,18,18,,7.97,7.69,7.19,7.33,7.05,5.49,,,8.187
2020-02-12 10-44-19,18,19,,7.97,7.69,7.19,7.33,7.05,5.49,7.54,92.22478952200001,8.187
2020-02-12 10-44-19,19,16,24738,,,,,,,,,5.437
2020-02-12 10-44-19,19,17,,9.29,8.65,8.13,,,,,,5.437
2020-02-12 10-44-19,19,18,,9.29,8.65,8.13,9.85,10.47,9.91,,,8.187
2020-02-12 10-44-19,19,19,,9.29,8.65,8.13,9.85,10.47,9.91,7.81,77.1629845445,8.187
2020-02-12 10-44-20,20,16,46999,,,,,,,,,5.437
2020-02-12 10-44-20,20,17,,-327.67,-327.67,-327.67,,,,,,5.437
2020-02-12 10-44-20,20,18,,-327.67,-327.67,-327.67,-327.67,-327.67,-327.67,,,8.187
2020-02-12 10-44-20,20,19,,-327.67,-327.67,-327.67,-327.67,-327.67,-327.67,9.4,104.44486616200001,8.187
2020-02-12 10-44-20,21,16,26011,,,,,,,,,5.437
2020-02-12 10-44-20,21,17,,9.85,9.63,7.55,,,,,,5.437
2020-02-12 10-44-20,21,18,,9.85,9.63,7.55,8.15,8.89,10.27,,,8.187
2020-02-12 10-44-20,21,19,,9.85,9.63,7.55,8.15,8.89,10.27,8.78,96.4178513045,8.187
2020-02-12 10-44-21,22,16,25239,,,,,,,,,5.437
2020-02-12 10-44-21,22,17,,5.95,5.71,5.51,,,,,,5.437
2020-02-12 10-44-21,22,18,,5.95,5.71,5.51,5.01,7.15,6.91,,,8.187
2020-02-12 10-44-21,22,19,,5.95,5.71,5.51,5.01,7.15,6.91,7.9,70.40708782450001,8.187
2020-02-12 10-44-21,23,16,19926,,,,,,,,,5.437
2020-02-12 10-44-21,23,17,,8.55,9.47,9.35,,,,,,5.437
2020-02-12 10-44-21,23,18,,8.55,9.47,9.35,8.83,7.97,7.51,,,8.187
2020-02-12 10-44-21,23,19,,8.55,9.47,9.35,8.83,7.97,7.51,8.76,79.559532562,8.187
2020-02-12 10-44-22,25,16,20920,,,,,,,,,5.437
2020-02-12 10-44-22,25,17,,7.15,8.13,6.65,,,,,,5.437
2020-02-12 10-44-22,25,18,,7.15,8.13,6.65,5.55,6.39,6.47,,,8.187
2020-02-12 10-44-22,25,19,,7.15,8.13,6.65,5.55,6.39,6.47,6.69,104.393196872,8.187
2020-02-12 10-45-15,10,16,49086,,,,,,,,,5.375
2020-02-12 10-45-15,10,17,,64.63,112.39,120.65,,,,,,5.375
2020-02-12 10-45-15,10,18,,64.63,112.39,120.65,45.37,40.95,40.96,,,8.062
2020-02-12 10-45-15,11,16,19821,,,,,,,,,5.375
2020-02-12 10-45-15,11,17,,10.23,9.61,10.31,,,,,,5.375
2020-02-12 10-45-15,11,18,,10.23,9.61,10.31,9.03,8.37,8.87,,,8.062
2020-02-12 10-45-15,11,19,,10.23,9.61,10.31,9.03,8.37,8.87,-39.389999999999986,-2.0462,8.062
2020-02-12 10-45-16,12,16,27823,,,,,,,,,5.375
2020-02-12 10-45-16,12,17,,7.61,7.23,9.33,,,,,,5.375
2020-02-12 10-45-16,12,18,,7.61,7.23,9.33,9.35,9.91,9.75,,,8.062
2020-02-12 10-45-16,12,19,,7.61,7.23,9.33,9.35,9.91,9.75,7.56,-2.0462,8.062
2020-02-12 10-45-16,13,16,27617,,,,,,,,,5.375
2020-02-12 10-45-16,13,17,,9.67,10.05,10.31,,,,,,5.375
2020-02-12 10-45-16,13,18,,9.67,10.05,10.31,9.01,9.15,8.71,,,8.062
2020-02-12 10-45-16,13,19,,9.67,10.05,10.31,9.01,9.15,8.71,8.05,83.4671921245,8.062
2020-02-12 10-45-17,14,16,27920,,,,,,,,,5.375
2020-02-12 10-45-17,14,17,,7.83,10.89,10.65,,,,,,5.375
2020-02-12 10-45-17,14,18,,7.83,10.89,10.65,10.69,9.35,8.65,,,8.062
2020-02-12 10-45-17,14,19,,7.83,10.89,10.65,10.69,9.35,8.65,9.13,99.2412234205,8.062
2020-02-12 10-45-17,15,16,0,,,,,,,,,5.375
2020-02-12 10-45-17,15,17,,0.0,0.0,0.0,,,,,,5.375
2020-02-12 10-45-17,15,18,,0.0,0.0,0.0,0.0,0.0,0.0,,,8.062
2020-02-12 10-45-17,15,19,,0.0,0.0,0.0,0.0,0.0,0.0,0.0,-2.0462,8.062
2020-02-12 10-45-18,16,16,20872,,,,,,,,,5.375
2020-02-12 10-45-18,16,17,,7.01,8.87,7.05,,,,,,5.375
2020-02-12 10-45-18,16,18,,7.01,8.87,7.05,6.43,8.13,7.47,,,8.062
2020-02-12 10-45-18,16,19,,7.01,8.87,7.05,6.43,8.13,7.47,8.53,27.519911432000004,8.062
2020-02-12 10-45-18,17,16,21266,,,,,,,,,5.375
2020-02-12 10-45-18,17,17,,9.53,9.89,8.65,,,,,,5.375
2020-02-12 10-45-18,17,18,,9.53,9.89,8.65,7.45,8.79,9.03,,,8.062
2020-02-12 10-45-18,17,19,,9.53,9.89,8.65,7.45,8.79,9.03,9.26,101.87191472050002,8.062
2020-02-12 10-45-19,18,16,19708,,,,,,,,,5.375
2020-02-12 10-45-19,18,17,,8.29,8.51,7.45,,,,,,5.375
2020-02-12 10-45-19,18,18,,8.29,8.51,7.45,7.83,7.19,5.81,,,8.062
2020-02-12 10-45-19,18,19,,8.29,8.51,7.45,7.83,7.19,5.81,7.71,91.26735904450001,8.062
2020-02-12 10-45-19,19,16,24739,,,,,,,,,5.375
2020-02-12 10-45-19,19,17,,9.01,8.33,9.29,,,,,,5.375
2020-02-12 10-45-19,19,18,,9.01,8.33,9.29,10.51,11.33,10.33,,,8.062
2020-02-12 10-45-19,19,19,,9.01,8.33,9.29,10.51,11.33,10.33,7.75,76.46590956050001,8.062
2020-02-12 10-45-20,20,16,47000,,,,,,,,,5.375
2020-02-12 10-45-20,20,17,,-327.67,-327.67,-327.67,,,,,,5.375
2020-02-12 10-45-20,20,18,,-327.67,-327.67,-327.67,-327.67,-327.67,-327.67,,,8.062
2020-02-12 10-45-20,20,19,,-327.67,-327.67,-327.67,-327.67,-327.67,-327.67,9.36,104.98662308050001,8.062
2020-02-12 10-45-20,21,16,26012,,,,,,,,,5.375
2020-02-12 10-45-20,21,17,,10.13,9.89,7.79,,,,,,5.375
2020-02-12 10-45-20,21,18,,10.13,9.89,7.79,9.01,9.07,11.09,,,8.062
2020-02-12 10-45-20,21,19,,10.13,9.89,7.79,9.01,9.07,11.09,8.76,96.36423550450002,8.062
2020-02-12 10-45-21,22,16,25240,,,,,,,,,5.375
2020-02-12 10-45-21,22,17,,5.73,5.71,6.03,,,,,,5.375
2020-02-12 10-45-21,22,18,,5.73,5.71,6.03,5.51,6.91,7.27,,,8.062
2020-02-12 10-45-21,22,19,,5.73,5.71,6.03,5.51,6.91,7.27,7.96,68.107615072,8.062
2020-02-12 10-45-21,23,16,19927,,,,,,,,,5.375
2020-02-12 10-45-21,23,17,,8.41,9.85,9.81,,,,,,5.375
2020-02-12 10-45-21,23,18,,8.41,9.85,9.81,9.75,9.75,8.27,,,8.062
2020-02-12 10-45-21,23,19,,8.41,9.85,9.81,9.75,9.75,8.27,8.57,80.27707652450002,8.062
2020-02-12 10-45-22,25,16,20921,,,,,,,,,5.375
2020-02-12 10-45-22,25,17,,7.59,8.69,6.87,,,,,,5.375
2020-02-12 10-45-22,25,18,,7.59,8.69,6.87,6.25,6.93,6.57,,,8.062
2020-02-12 10-45-22,25,19,,7.59,8.69,6.87,6.25,6.93,6.57,6.41,104.47069602050001,8.062
2020-02-12 10-46-14,10,16,49087,,,,,,,,,5.437
2020-02-12 10-46-14,10,17,,62.21,111.47,119.93,,,,,,5.437
2020-02-12 10-46-14,10,18,,62.21,111.47,119.93,45.35,40.95,40.96,,,8.0
2020-02-12 10-46-14,11,16,19822,,,,,,,,,5.437
2020-02-12 10-46-15,11,17,,11.79,10.93,12.91,,,,,,5.437
2020-02-12 10-46-15,11,18,,11.79,10.93,12.91,10.55,9.53,10.99,,,8.0
2020-02-12 10-46-15,11,19,,11.79,10.93,12.91,10.55,9.53,10.99,-39.389999999999986,-2.0462,8.0
2020-02-12 10-46-15,12,16,27824,,,,,,,,,5.437
2020-02-12 10-46-15,12,17,,9.15,8.59,12.91,,,,,,5.437
2020-02-12 10-46-15,12,18,,9.15,8.59,12.91,10.99,11.33,11.65,,,8.0
2020-02-12 10-46-15,12,19,,9.15,8.59,12.91,10.99,11.33,11.65,7.94,-2.0462,8.0
2020-02-12 10-46-15,13,16,27618,,,,,,,,,5.437
2020-02-12 10-46-16,13,17,,11.33,12.83,12.27,,,,,,5.437
2020-02-12 10-46-16,13,18,,11.33,12.83,12.27,10.95,12.27,10.93,,,8.0
2020-02-12 10-46-16,13,19,,11.33,12.83,12.27,10.95,12.27,10.93,10.11,82.3324601645,8.0
2020-02-12 10-46-16,14,16,27921,,,,,,,,,5.437
2020-02-12 10-46-16,14,17,,9.07,12.83,13.21,,,,,,5.437
2020-02-12 10-46-16,14,18,,9.07,12.83,13.21,13.45,11.51,10.51,,,8.0
2020-02-12 10-46-16,14,19,,9.07,12.83,13.21,13.45,11.51,10.51,11.0,98.55201682450001,8.0
2020-02-12 10-46-17,15,16,0,,,,,,,,,5.437
2020-02-12 10-46-17,15,17,,0.0,0.0,0.0,,,,,,5.437
2020-02-12 10-46-17,15,18,,0.0,0.0,0.0,0.0,0.0,0.0,,,8.0
2020-02-12 10-46-17,15,19,,0.0,0.0,0.0,0.0,0.0,0.0,0.0,-2.0462,8.0
2020-02-12 10-46-17,16,16,20873,,,,,,,,,5.437
2020-02-12 10-46-17,16,17,,7.97,11.07,7.65,,,,,,5.437
2020-02-12 10-46-17,16,18,,7.97,11.07,7.65,6.53,9.43,9.47,,,8.0
2020-02-12 10-46-17,16,19,,7.97,11.07,7.65,6.53,9.43,9.47,9.72,27.247550728000004,8.0
2020-02-12 10-46-18,17,16,21267,,,,,,,,,5.437
2020-02-12 10-46-18,17,17,,11.61,12.77,9.67,,,,,,5.437
2020-02-12 10-46-18,17,18,,11.61,12.77,9.67,8.59,10.99,9.57,,,8.0
2020-02-12 10-46-18,17,19,,11.61,12.77,9.67,8.59,10.99,9.57,11.04,103.17529412050001,8.0
2020-02-12 10-46-18,18,16,19709,,,,,,,,,5.437
2020-02-12 10-46-18,18,17,,10.05,10.47,9.61,,,,,,5.437
2020-02-12 10-46-18,18,18,,10.05,10.47,9.61,9.71,7.65,6.13,,,8.0
2020-02-12 10-46-18,18,19,,10.05,10.47,9.61,9.71,7.65,6.13,9.52,86.756975368,8.0
2020-02-12 10-46-19,19,16,24740,,,,,,,,,5.437
2020-02-12 10-46-19,19,17,,11.37,9.57,12.19,,,,,,5.437
2020-02-12 10-46-19,19,18,,11.37,9.57,12.19,12.33,14.51,10.83,,,8.0
2020-02-12 10-46-19,19,19,,11.37,9.57,12.19,12.33,14.51,10.83,10.43,75.53361711250001,8.0
2020-02-12 10-46-19,20,16,47001,,,,,,,,,5.437
2020-02-12 10-46-19,20,17,,-327.67,-327.67,-327.67,,,,,,5.437
2020-02-12 10-46-19,20,18,,-327.67,-327.67,-327.67,-327.67,-327.67,-327.67,,,8.0
2020-02-12 10-46-19,20,19,,-327.67,-327.67,-327.67,-327.67,-327.67,-327.67,11.6,104.599797448,8.0
2020-02-12 10-46-20,21,16,26013,,,,,,,,,5.437
2020-02-12 10-46-20,21,17,,13.01,11.57,8.71,,,,,,5.437
2020-02-12 10-46-20,21,18,,13.01,11.57,8.71,9.75,10.47,14.85,,,8.0
2020-02-12 10-46-20,21,19,,13.01,11.57,8.71,9.75,10.47,14.85,10.42,95.9348496005,8.0
2020-02-12 10-46-20,22,16,25241,,,,,,,,,5.437
2020-02-12 10-46-20,22,17,,6.43,6.61,6.53,,,,,,5.437
2020-02-12 10-46-20,22,18,,6.43,6.61,6.53,5.81,7.15,8.47,,,8.0
2020-02-12 10-46-20,22,19,,6.43,6.61,6.53,5.81,7.15,8.47,8.42,66.000767602,8.0
2020-02-12 10-46-21,23,16,19928,,,,,,,,,5.437
2020-02-12 10-46-21,23,17,,9.99,11.89,11.85,,,,,,5.437
2020-02-12 10-46-21,23,18,,9.99,11.89,11.85,11.41,12.67,9.63,,,8.0
2020-02-12 10-46-21,23,19,,9.99,11.89,11.85,11.41,12.67,9.63,10.43,78.522765538,8.0
2020-02-12 10-46-22,25,16,20922,,,,,,,,,5.437
2020-02-12 10-46-22,25,17,,9.07,11.09,7.45,,,,,,5.437
2020-02-12 10-46-22,25,18,,9.07,11.09,7.45,6.97,7.95,7.59,,,8.0
2020-02-12 10-46-22,25,19,,9.07,11.09,7.45,6.97,7.95,7.59,6.57,104.4190331125,8.0
2020-02-12 10-47-14,10,16,49088,,,,,,,,,5.625
2020-02-12 10-47-14,10,17,,104.02,119.49,123.65,,,,,,5.625
2020-02-12 10-47-14,10,18,,104.02,119.49,123.65,45.35,40.95,40.96,,,8.25
2020-02-12 10-47-15,11,16,19823,,,,,,,,,5.625
2020-02-12 10-47-15,11,17,,12.39,11.03,12.57,,,,,,5.625
2020-02-12 10-47-15,11,18,,12.39,11.03,12.57,10.65,9.95,10.17,,,8.25
2020-02-12 10-47-15,11,19,,12.39,11.03,12.57,10.65,9.95,10.17,-39.389999999999986,-2.0462,8.25
2020-02-12 10-47-15,12,16,27825,,,,,,,,,5.625
2020-02-12 10-47-15,12,17,,9.01,8.51,12.33,,,,,,5.625
2020-02-12 10-47-15,12,18,,9.01,8.51,12.33,11.17,10.89,10.93,,,8.25
2020-02-12 10-47-15,12,19,,9.01,8.51,12.33,11.17,10.89,10.93,8.58,-2.0462,8.25
2020-02-12 10-47-16,13,16,27619,,,,,,,,,5.625
2020-02-12 10-47-16,13,17,,11.45,12.71,12.19,,,,,,5.625
2020-02-12 10-47-16,13,18,,11.45,12.71,12.19,10.89,11.09,10.43,,,8.25
2020-02-12 10-47-16,13,19,,11.45,12.71,12.19,10.89,11.09,10.43,10.88,77.4528899845,8.25
2020-02-12 10-47-16,14,16,27922,,,,,,,,,5.625
2020-02-12 10-47-16,14,17,,8.79,12.95,13.21,,,,,,5.625
2020-02-12 10-47-16,14,18,,8.79,12.95,13.21,13.31,11.45,10.95,,,8.25
2020-02-12 10-47-16,14,19,,8.79,12.95,13.21,13.31,11.45,10.95,11.13,95.85424880000001,8.25
2020-02-12 10-47-17,15,16,0,,,,,,,,,5.625
2020-02-12 10-47-17,15,17,,0.0,0.0,0.0,,,,,,5.625
2020-02-12 10-47-17,15,18,,0.0,0.0,0.0,0.0,0.0,0.0,,,8.25
2020-02-12 10-47-17,15,19,,0.0,0.0,0.0,0.0,0.0,0.0,0.0,-2.0462,8.25
2020-02-12 10-47-17,16,16,20874,,,,,,,,,5.625
2020-02-12 10-47-17,16,17,,8.13,10.65,8.33,,,,,,5.625
2020-02-12 10-47-17,16,18,,8.13,10.65,8.33,7.05,9.47,9.29,,,8.25
2020-02-12 10-47-17,16,19,,8.13,10.65,8.33,7.05,9.47,9.29,10.12,27.043146178000004,8.25
2020-02-12 10-47-18,17,16,21268,,,,,,,,,5.625
2020-02-12 10-47-18,17,17,,11.67,13.17,9.85,,,,,,5.625
2020-02-12 10-47-18,17,18,,11.67,13.17,9.85,9.11,10.79,9.89,,,8.25
2020-02-12 10-47-18,17,19,,11.67,13.17,9.85,9.11,10.79,9.89,11.26,101.7149731045,8.25
2020-02-12 10-47-18,18,16,19710,,,,,,,,,5.625
2020-02-12 10-47-18,18,17,,10.09,10.55,9.71,,,,,,5.625
2020-02-12 10-47-18,18,18,,10.09,10.55,9.71,9.67,7.55,6.39,,,8.25
2020-02-12 10-47-18,18,19,,10.09,10.55,9.71,9.67,7.55,6.39,9.58,86.39360101250001,8.25
2020-02-12 10-47-19,19,16,24741,,,,,,,,,5.625
2020-02-12 10-47-19,19,17,,11.09,9.63,11.65,,,,,,5.625
2020-02-12 10-47-19,19,18,,11.09,9.63,11.65,12.19,14.11,11.21,,,8.25
2020-02-12 10-47-19,19,19,,11.09,9.63,11.65,12.19,14.11,11.21,10.02,72.74662420000001,8.25
2020-02-12 10-47-19,20,16,47002,,,,,,,,,5.625
2020-02-12 10-47-19,20,17,,-327.67,-327.67,-327.67,,,,,,5.625
2020-02-12 10-47-19,20,18,,-327.67,-327.67,-327.67,-327.67,-327.67,-327.67,,,8.25
2020-02-12 10-47-19,20,19,,-327.67,-327.67,-327.67,-327.67,-327.67,-327.67,11.96,103.2272633645,8.25
2020-02-12 10-47-20,21,16,26014,,,,,,,,,5.625
2020-02-12 10-47-20,21,17,,13.05,11.37,9.47,,,,,,5.625
2020-02-12 10-47-20,21,18,,13.05,11.37,9.47,10.17,10.95,14.69,,,8.25
2020-02-12 10-47-20,21,19,,13.05,11.37,9.47,10.17,10.95,14.69,10.78,95.0196922045,8.25
2020-02-12 10-47-20,22,16,25242,,,,,,,,,5.625
2020-02-12 10-47-20,22,17,,6.91,6.53,7.15,,,,,,5.625
2020-02-12 10-47-20,22,18,,6.91,6.53,7.15,6.13,7.41,8.61,,,8.25
2020-02-12 10-47-20,22,19,,6.91,6.53,7.15,6.13,7.41,8.61,8.8,69.27464762050002,8.25
2020-02-12 10-47-21,23,16,19929,,,,,,,,,5.625
2020-02-12 10-47-21,23,17,,9.81,11.71,11.81,,,,,,5.625
2020-02-12 10-47-21,23,18,,9.81,11.71,11.81,11.27,12.37,9.75,,,8.25
2020-02-12 10-47-21,23,19,,9.81,11.71,11.81,11.27,12.37,9.75,10.14,72.215317138,8.25
2020-02-12 10-47-22,25,16,20923,,,,,,,,,5.625
2020-02-12 10-47-22,25,17,,9.71,10.95,7.61,,,,,,5.625
2020-02-12 10-47-22,25,18,,9.71,10.95,7.61,7.45,7.69,7.65,,,8.25
2020-02-12 10-47-22,25,19,,9.71,10.95,7.61,7.45,7.69,7.65,6.7,104.36735744050002,8.25
2020-02-12 10-48-14,10,16,49089,,,,,,,,,5.625
2020-02-12 10-48-14,10,17,,63.8,112.0,119.78,,,,,,5.625
2020-02-12 10-48-14,10,18,,63.8,112.0,119.78,45.38,40.95,40.96,,,8.562
2020-02-12 10-48-15,11,16,19824,,,,,,,,,5.625
2020-02-12 10-48-15,11,17,,12.53,11.79,13.51,,,,,,5.625
2020-02-12 10-48-15,11,18,,12.53,11.79,13.51,10.85,10.33,10.47,,,8.562
2020-02-12 10-48-15,11,19,,12.53,11.79,13.51,10.85,10.33,10.47,-39.389999999999986,-2.0462,8.562
2020-02-12 10-48-15,12,16,27826,,,,,,,,,5.625
2020-02-12 10-48-15,12,17,,9.47,8.97,12.03,,,,,,5.625
2020-02-12 10-48-15,12,18,,9.47,8.97,12.03,11.23,12.17,11.93,,,8.562
2020-02-12 10-48-15,12,19,,9.47,8.97,12.03,11.23,12.17,11.93,8.62,-2.0462,8.562
2020-02-12 10-48-16,13,16,27620,,,,,,,,,5.625
2020-02-12 10-48-16,13,17,,11.93,13.11,13.07,,,,,,5.625
2020-02-12 10-48-16,13,18,,11.93,13.11,13.07,10.71,12.17,11.41,,,8.562
2020-02-12 10-48-16,13,19,,11.93,13.11,13.07,10.71,12.17,11.41,10.76,76.87276000450001,8.562
2020-02-12 10-48-16,14,16,27923,,,,,,,,,5.625
2020-02-12 10-48-16,14,17,,9.95,14.19,13.51,,,,,,5.625
2020-02-12 10-48-16,14,18,,9.95,14.19,13.51,13.61,10.85,11.47,,,8.562
2020-02-12 10-48-16,14,19,,9.95,14.19,13.51,13.61,10.85,11.47,11.31,96.712510048,8.562
2020-02-12 10-48-17,15,16,0,,,,,,,,,5.625
2020-02-12 10-48-17,15,17,,0.0,0.0,0.0,,,,,,5.625
2020-02-12 10-48-17,15,18,,0.0,0.0,0.0,0.0,0.0,0.0,,,8.562
2020-02-12 10-48-17,15,19,,0.0,0.0,0.0,0.0,0.0,0.0,0.0,-2.0462,8.562
2020-02-12 10-48-17,16,16,20875,,,,,,,,,5.625
2020-02-12 10-48-17,16,17,,8.87,10.89,8.93,,,,,,5.625
2020-02-12 10-48-17,16,18,,8.87,10.89,8.93,7.45,9.81,9.71,,,8.562
2020-02-12 10-48-17,16,19,,8.87,10.89,8.93,7.45,9.81,9.71,10.44,27.043146178000004,8.562
2020-02-12 10-48-18,17,16,21269,,,,,,,,,5.625
2020-02-12 10-48-18,17,17,,11.55,13.21,10.65,,,,,,5.625
2020-02-12 10-48-18,17,18,,11.55,13.21,10.65,9.21,11.45,10.13,,,8.562
2020-02-12 10-48-18,17,19,,11.55,13.21,10.65,9.21,11.45,10.13,11.34,101.29590051250001,8.562
2020-02-12 10-48-18,18,16,19711,,,,,,,,,5.625
2020-02-12 10-48-18,18,17,,10.09,10.31,10.03,,,,,,5.625
2020-02-12 10-48-18,18,18,,10.09,10.31,10.03,9.47,7.97,6.73,,,8.562
2020-02-12 10-48-18,18,19,,10.09,10.31,10.03,9.47,7.97,6.73,9.25,87.259218802,8.562
2020-02-12 10-48-19,19,16,24742,,,,,,,,,5.625
2020-02-12 10-48-19,19,17,,11.47,9.49,11.75,,,,,,5.625
2020-02-12 10-48-19,19,18,,11.47,9.49,11.75,13.07,14.39,11.89,,,8.562
2020-02-12 10-48-19,19,19,,11.47,9.49,11.75,13.07,14.39,11.89,9.88,74.92002440200001,8.562
2020-02-12 10-48-19,20,16,47003,,,,,,,,,5.625
2020-02-12 10-48-19,20,17,,-327.67,-327.67,-327.67,,,,,,5.625
2020-02-12 10-48-19,20,18,,-327.67,-327.67,-327.67,-327.67,-327.67,-327.67,,,8.562
2020-02-12 10-48-19,20,19,,-327.67,-327.67,-327.67,-327.67,-327.67,-327.67,12.1,103.2272633645,8.562
2020-02-12 10-48-20,21,16,26015,,,,,,,,,5.625
2020-02-12 10-48-20,21,17,,13.39,11.41,9.47,,,,,,5.625
2020-02-12 10-48-20,21,18,,13.39,11.41,9.47,9.99,11.21,14.55,,,8.562
2020-02-12 10-48-20,21,19,,13.39,11.41,9.47,9.99,11.21,14.55,10.9,95.45081401250002,8.562
2020-02-12 10-48-20,22,16,25243,,,,,,,,,5.625
2020-02-12 10-48-20,22,17,,6.75,6.73,7.01,,,,,,5.625
2020-02-12 10-48-20,22,18,,6.75,6.73,7.01,6.03,7.73,8.41,,,8.562
2020-02-12 10-48-20,22,19,,6.75,6.73,7.01,6.03,7.73,8.41,9.18,68.16758096200002,8.562
2020-02-12 10-48-21,23,16,19930,,,,,,,,,5.625
2020-02-12 10-48-21,23,17,,10.31,13.11,12.39,,,,,,5.625
2020-02-12 10-48-21,23,18,,10.31,13.11,12.39,11.65,12.83,10.89,,,8.562
2020-02-12 10-48-21,23,19,,10.31,13.11,12.39,11.65,12.83,10.89,10.34,77.68458458450002,8.562
2020-02-12 10-48-22,25,16,20924,,,,,,,,,5.625
2020-02-12 10-48-22,25,17,,9.07,10.61,8.19,,,,,,5.625
2020-02-12 10-48-22,25,18,,9.07,10.61,8.19,7.11,7.51,7.37,,,8.562
2020-02-12 10-48-22,25,19,,9.07,10.61,8.19,7.11,7.51,7.37,6.9,104.2639678045,8.562
2020-02-12 10-49-14,10,16,49090,,,,,,,,,5.812
2020-02-12 10-49-14,10,17,,69.7,114.85,121.42,,,,,,5.812
2020-02-12 10-49-14,10,18,,69.7,114.85,121.42,45.43,40.95,40.96,,,8.75
2020-02-12 10-49-15,11,16,19825,,,,,,,,,5.812
2020-02-12 10-49-15,11,17,,12.33,11.37,13.59,,,,,,5.812
2020-02-12 10-49-15,11,18,,12.33,11.37,13.59,10.61,9.99,9.89,,,8.75
2020-02-12 10-49-15,11,19,,12.33,11.37,13.59,10.61,9.99,9.89,-39.389999999999986,-2.0462,8.75
2020-02-12 10-49-15,12,16,27827,,,,,,,,,5.812
2020-02-12 10-49-15,12,17,,9.15,9.19,12.17,,,,,,5.812
2020-02-12 10-49-15,12,18,,9.15,9.19,12.17,11.21,12.19,11.79,,,8.75
2020-02-12 10-49-15,12,19,,9.15,9.19,12.17,11.21,12.19,11.79,8.58,-2.0462,8.75
2020-02-12 10-49-16,13,16,27621,,,,,,,,,5.812
2020-02-12 10-49-16,13,17,,11.89,13.05,12.61,,,,,,5.812
2020-02-12 10-49-16,13,18,,11.89,13.05,12.61,10.83,11.23,10.55,,,8.75
2020-02-12 10-49-16,13,19,,11.89,13.05,12.61,10.83,11.23,10.55,10.18,77.39493442450001,8.75
2020-02-12 10-49-16,14,16,27924,,,,,,,,,5.812
2020-02-12 10-49-16,14,17,,9.67,13.79,13.59,,,,,,5.812
2020-02-12 10-49-16,14,18,,9.67,13.79,13.59,13.45,11.67,11.27,,,8.75
2020-02-12 10-49-16,14,19,,9.67,13.79,13.59,13.45,11.67,11.27,10.91,96.31060694050001,8.75
2020-02-12 10-49-17,15,16,0,,,,,,,,,5.812
2020-02-12 10-49-17,15,17,,0.0,0.0,0.0,,,,,,5.812
2020-02-12 10-49-17,15,18,,0.0,0.0,0.0,0.0,0.0,0.0,,,8.75
2020-02-12 10-49-17,15,19,,0.0,0.0,0.0,0.0,0.0,0.0,0.0,-2.0462,8.75
2020-02-12 10-49-17,16,16,20876,,,,,,,,,5.812
2020-02-12 10-49-17,16,17,,8.41,11.03,8.75,,,,,,5.812
2020-02-12 10-49-17,16,18,,8.41,11.03,8.75,6.79,9.63,9.39,,,8.75
2020-02-12 10-49-17,16,19,,8.41,11.03,8.75,6.79,9.63,9.39,10.43,27.077221580500005,8.75
2020-02-12 10-49-18,17,16,21270,,,,,,,,,5.812
2020-02-12 10-49-18,17,17,,11.41,13.31,10.13,,,,,,5.812
2020-02-12 10-49-18,17,18,,11.41,13.31,10.13,9.07,11.07,10.55,,,8.75
2020-02-12 10-49-18,17,19,,11.41,13.31,10.13,9.07,11.07,10.55,10.98,100.4553046405,8.75
2020-02-12 10-49-18,18,16,19712,,,,,,,,,5.812
2020-02-12 10-49-18,18,17,,10.33,10.47,9.75,,,,,,5.812
2020-02-12 10-49-18,18,18,,10.33,10.47,9.75,9.57,8.13,7.05,,,8.75
2020-02-12 10-49-18,18,19,,10.33,10.47,9.75,9.57,8.13,7.05,8.84,89.89282034450001,8.75
2020-02-12 10-49-19,19,16,24743,,,,,,,,,5.812
2020-02-12 10-49-19,19,17,,11.51,10.03,12.09,,,,,,5.812
2020-02-12 10-49-19,19,18,,11.51,10.03,12.09,12.77,14.71,12.33,,,8.75
2020-02-12 10-49-19,19,19,,11.51,10.03,12.09,12.77,14.71,12.33,9.32,75.8253095125,8.75
2020-02-12 10-49-19,20,16,47004,,,,,,,,,5.812
2020-02-12 10-49-20,20,17,,-327.67,-327.67,-327.67,,,,,,5.812
2020-02-12 10-49-20,20,18,,-327.67,-327.67,-327.67,-327.67,-327.67,-327.67,,,8.75
2020-02-12 10-49-20,20,19,,-327.67,-327.67,-327.67,-327.67,-327.67,-327.67,11.74,103.17529412050001,8.75
2020-02-12 10-49-20,21,16,26016,,,,,,,,,5.812
2020-02-12 10-49-20,21,17,,12.83,11.51,9.61,,,,,,5.812
2020-02-12 10-49-20,21,18,,12.83,11.51,9.61,10.57,11.51,14.39,,,8.75
2020-02-12 10-49-20,21,19,,12.83,11.51,9.61,10.57,11.51,14.39,10.66,95.3161762,8.75
2020-02-12 10-49-21,22,16,25244,,,,,,,,,5.812
2020-02-12 10-49-21,22,17,,6.53,6.83,6.73,,,,,,5.812
2020-02-12 10-49-21,22,18,,6.53,6.83,6.73,5.99,7.65,8.61,,,8.75
2020-02-12 10-49-21,22,19,,6.53,6.83,6.73,5.99,7.65,8.61,9.26,68.5869848,8.75
2020-02-12 10-49-21,23,16,19931,,,,,,,,,5.812
2020-02-12 10-49-21,23,17,,10.03,12.73,12.67,,,,,,5.812
2020-02-12 10-49-21,23,18,,10.03,12.73,12.67,11.21,12.67,11.09,,,8.75
2020-02-12 10-49-21,23,19,,10.03,12.73,12.67,11.21,12.67,11.09,10.04,77.51083278050001,8.75
2020-02-12 10-49-22,25,16,20925,,,,,,,,,5.812
2020-02-12 10-49-22,25,17,,9.03,10.65,7.87,,,,,,5.812
2020-02-12 10-49-22,25,18,,9.03,10.65,7.87,7.23,8.13,7.51,,,8.75
2020-02-12 10-49-22,25,19,,9.03,10.65,7.87,7.23,8.13,7.51,6.9,104.2639678045,8.75
2020-02-12 10-50-15,10,16,49091,,,,,,,,,5.75
2020-02-12 10-50-15,10,17,,88.55,122.29,124.47,,,,,,5.75
2020-02-12 10-50-15,10,18,,88.55,122.29,124.47,45.4,40.95,40.96,,,8.812
2020-02-12 10-50-15,11,16,19826,,,,,,,,,5.75
2020-02-12 10-50-15,11,17,,12.05,10.95,12.83,,,,,,5.75
2020-02-12 10-50-15,11,18,,12.05,10.95,12.83,10.19,9.89,10.43,,,8.812
2020-02-12 10-50-15,11,19,,12.05,10.95,12.83,10.19,9.89,10.43,-39.389999999999986,-2.0462,8.812
2020-02-12 10-50-16,12,16,27828,,,,,,,,,5.75
2020-02-12 10-50-16,12,17,,8.55,8.51,10.79,,,,,,5.75
2020-02-12 10-50-16,12,18,,8.55,8.51,10.79,10.57,11.27,11.33,,,8.812
2020-02-12 10-50-16,12,19,,8.55,8.51,10.79,10.57,11.27,11.33,8.32,-2.0462,8.812
2020-02-12 10-50-16,13,16,27622,,,,,,,,,5.75
2020-02-12 10-50-16,13,17,,11.23,12.51,12.43,,,,,,5.75
2020-02-12 10-50-16,13,18,,11.23,12.51,12.43,10.31,11.23,10.23,,,8.812
2020-02-12 10-50-16,13,19,,11.23,12.51,12.43,10.31,11.23,10.23,9.41,78.638166098,8.812
2020-02-12 10-50-17,14,16,27925,,,,,,,,,5.75
2020-02-12 10-50-17,14,17,,9.67,13.17,12.37,,,,,,5.75
2020-02-12 10-50-17,14,18,,9.67,13.17,12.37,12.97,11.37,10.31,,,8.812
2020-02-12 10-50-17,14,19,,9.67,13.17,12.37,12.97,11.37,10.31,10.96,95.9348496005,8.812
2020-02-12 10-50-17,15,16,0,,,,,,,,,5.75
2020-02-12 10-50-17,15,17,,0.0,0.0,0.0,,,,,,5.75
2020-02-12 10-50-17,15,18,,0.0,0.0,0.0,0.0,0.0,0.0,,,8.812
2020-02-12 10-50-17,15,19,,0.0,0.0,0.0,0.0,0.0,0.0,0.0,-2.0462,8.812
2020-02-12 10-50-18,16,16,20877,,,,,,,,,5.75
2020-02-12 10-50-18,16,17,,7.97,10.31,8.69,,,,,,5.75
2020-02-12 10-50-18,16,18,,7.97,10.31,8.69,6.93,9.25,8.97,,,8.812
2020-02-12 10-50-18,16,19,,7.97,10.31,8.69,6.93,9.25,8.97,10.18,27.213491280500005,8.812
2020-02-12 10-50-18,17,16,21271,,,,,,,,,5.75
2020-02-12 10-50-18,17,17,,10.83,12.71,9.77,,,,,,5.75
2020-02-12 10-50-18,17,18,,10.83,12.71,9.77,8.51,10.99,10.19,,,8.812
2020-02-12 10-50-18,17,19,,10.83,12.71,9.77,8.51,10.99,10.19,10.48,101.4007452445,8.812
2020-02-12 10-50-19,18,16,19713,,,,,,,,,5.75
2020-02-12 10-50-19,18,17,,9.47,9.75,9.29,,,,,,5.75
2020-02-12 10-50-19,18,18,,9.47,9.75,9.29,8.55,7.91,6.87,,,8.812
2020-02-12 10-50-19,18,19,,9.47,9.75,9.29,8.55,7.91,6.87,8.41,91.76024008450001,8.812
2020-02-12 10-50-19,19,16,24744,,,,,,,,,5.75
2020-02-12 10-50-19,19,17,,11.17,9.89,11.23,,,,,,5.75
2020-02-12 10-50-19,19,18,,11.17,9.89,11.23,12.57,13.41,11.31,,,8.812
2020-02-12 10-50-19,19,19,,11.17,9.89,11.23,12.57,13.41,11.31,8.54,76.29135362450002,8.812
2020-02-12 10-50-20,20,16,47005,,,,,,,,,5.75
2020-02-12 10-50-20,20,17,,-327.67,-327.67,-327.67,,,,,,5.75
2020-02-12 10-50-20,20,18,,-327.67,-327.67,-327.67,-327.67,-327.67,-327.67,,,8.812
2020-02-12 10-50-20,20,19,,-327.67,-327.67,-327.67,-327.67,-327.67,-327.67,11.18,103.33116356050002,8.812
2020-02-12 10-50-20,21,16,26017,,,,,,,,,5.75
2020-02-12 10-50-20,21,17,,12.63,11.21,9.33,,,,,,5.75
2020-02-12 10-50-20,21,18,,12.63,11.21,9.33,10.05,10.85,13.79,,,8.812
2020-02-12 10-50-20,21,19,,12.63,11.21,9.33,10.05,10.85,13.79,10.13,95.47773200200001,8.812
2020-02-12 10-50-21,22,16,25245,,,,,,,,,5.75
2020-02-12 10-50-21,22,17,,6.69,6.51,7.01,,,,,,5.75
2020-02-12 10-50-21,22,18,,6.69,6.51,7.01,6.17,7.79,8.75,,,8.812
2020-02-12 10-50-21,22,19,,6.69,6.51,7.01,6.17,7.79,8.75,9.08,67.927640818,8.812
2020-02-12 10-50-21,23,16,19932,,,,,,,,,5.75
2020-02-12 10-50-21,23,17,,10.13,12.33,12.03,,,,,,5.75
2020-02-12 10-50-21,23,18,,10.13,12.33,12.03,11.21,12.03,10.75,,,8.812
2020-02-12 10-50-21,23,19,,10.13,12.33,12.03,11.21,12.03,10.75,9.7,79.01286531250001,8.812
2020-02-12 10-50-22,25,16,20926,,,,,,,,,5.75
2020-02-12 10-50-22,25,17,,9.25,10.41,7.47,,,,,,5.75
2020-02-12 10-50-22,25,18,,9.25,10.41,7.47,7.09,7.65,7.55,,,8.812
2020-02-12 10-50-22,25,19,,9.25,10.41,7.47,7.09,7.65,7.55,7.05,104.2639678045,8.812
2020-02-12 10-51-15,10,16,49092,,,,,,,,,5.625
2020-02-12 10-51-15,10,17,,78.5,117.9,122.15,,,,,,5.625
2020-02-12 10-51-15,10,18,,78.5,117.9,122.15,45.41,40.95,40.96,,,8.812
2020-02-12 10-51-15,11,16,19827,,,,,,,,,5.625
2020-02-12 10-51-15,11,17,,11.71,10.79,11.81,,,,,,5.625
2020-02-12 10-51-15,11,18,,11.71,10.79,11.81,9.85,9.11,9.85,,,8.812
2020-02-12 10-51-15,11,19,,11.71,10.79,11.81,9.85,9.11,9.85,-39.389999999999986,-2.0462,8.812
2020-02-12 10-51-16,12,16,27829,,,,,,,,,5.625
2020-02-12 10-51-16,12,17,,8.55,8.23,10.47,,,,,,5.625
2020-02-12 10-51-16,12,18,,8.55,8.23,10.47,10.27,10.69,10.33,,,8.812
2020-02-12 10-51-16,12,19,,8.55,8.23,10.47,10.27,10.69,10.33,8.15,-2.0462,8.812
2020-02-12 10-51-16,13,16,27623,,,,,,,,,5.625
2020-02-12 10-51-16,13,17,,10.71,11.67,11.51,,,,,,5.625
2020-02-12 10-51-16,13,18,,10.71,11.67,11.51,9.89,10.27,9.67,,,8.812
2020-02-12 10-51-16,13,19,,10.71,11.67,11.51,9.89,10.27,9.67,9.24,80.6780300005,8.812
2020-02-12 10-51-17,14,16,27926,,,,,,,,,5.625
2020-02-12 10-51-17,14,17,,8.41,11.89,11.93,,,,,,5.625
2020-02-12 10-51-17,14,18,,8.41,11.89,11.93,12.27,10.71,9.91,,,8.812
2020-02-12 10-51-17,14,19,,8.41,11.89,11.93,12.27,10.71,9.91,9.9,95.28923906450001,8.812
2020-02-12 10-51-17,15,16,0,,,,,,,,,5.625
2020-02-12 10-51-17,15,17,,0.0,0.0,0.0,,,,,,5.625
2020-02-12 10-51-17,15,18,,0.0,0.0,0.0,0.0,0.0,0.0,,,8.812
2020-02-12 10-51-17,15,19,,0.0,0.0,0.0,0.0,0.0,0.0,0.0,-2.0462,8.812
2020-02-12 10-51-18,16,16,20878,,,,,,,,,5.625
2020-02-12 10-51-18,16,17,,7.61,9.77,8.15,,,,,,5.625
2020-02-12 10-51-18,16,18,,7.61,9.77,8.15,6.97,8.59,8.47,,,8.812
2020-02-12 10-51-18,16,19,,7.61,9.77,8.15,6.97,8.59,8.47,9.66,27.587969698000006,8.812
2020-02-12 10-51-18,17,16,21272,,,,,,,,,5.625
2020-02-12 10-51-18,17,17,,10.75,11.93,9.49,,,,,,5.625
2020-02-12 10-51-18,17,18,,10.75,11.93,9.49,8.75,10.05,9.95,,,8.812
2020-02-12 10-51-18,17,19,,10.75,11.93,9.49,8.75,10.05,9.95,9.86,101.34832926050001,8.812
2020-02-12 10-51-19,18,16,19714,,,,,,,,,5.625
2020-02-12 10-51-19,18,17,,9.29,9.11,8.61,,,,,,5.625
2020-02-12 10-51-19,18,18,,9.29,9.11,8.61,8.55,7.73,6.43,,,8.812
2020-02-12 10-51-19,18,19,,9.29,9.11,8.61,8.55,7.73,6.43,8.14,91.130264162,8.812
2020-02-12 10-51-19,19,16,24745,,,,,,,,,5.625
2020-02-12 10-51-19,19,17,,10.17,9.53,10.89,,,,,,5.625
2020-02-12 10-51-19,19,18,,10.17,9.53,10.89,12.03,13.01,10.99,,,8.812
2020-02-12 10-51-19,19,19,,10.17,9.53,10.89,12.03,13.01,10.99,8.11,77.0469330205,8.812
2020-02-12 10-51-20,20,16,47006,,,,,,,,,5.625
2020-02-12 10-51-20,20,17,,-327.67,-327.67,-327.67,,,,,,5.625
2020-02-12 10-51-20,20,18,,-327.67,-327.67,-327.67,-327.67,-327.67,-327.67,,,8.812
2020-02-12 10-51-20,20,19,,-327.67,-327.67,-327.67,-327.67,-327.67,-327.67,10.5,103.33116356050002,8.812
2020-02-12 10-51-20,21,16,26018,,,,,,,,,5.625
2020-02-12 10-51-20,21,17,,11.71,10.31,8.61,,,,,,5.625
2020-02-12 10-51-20,21,18,,11.71,10.31,8.61,9.81,9.99,12.53,,,8.812
2020-02-12 10-51-20,21,19,,11.71,10.31,8.61,9.81,9.99,12.53,9.59,95.15450552200001,8.812
2020-02-12 10-51-21,22,16,25246,,,,,,,,,5.625
2020-02-12 10-51-21,22,17,,6.39,6.35,6.53,,,,,,5.625
2020-02-12 10-51-21,22,18,,6.39,6.35,6.53,6.11,7.29,8.09,,,8.812
2020-02-12 10-51-21,22,19,,6.39,6.35,6.53,6.11,7.29,8.09,8.87,70.8825262405,8.812
2020-02-12 10-51-21,23,16,19933,,,,,,,,,5.625
2020-02-12 10-51-21,23,17,,9.35,11.41,11.09,,,,,,5.625
2020-02-12 10-51-21,23,18,,9.35,11.41,11.09,11.17,10.95,9.49,,,8.812
2020-02-12 10-51-21,23,19,,9.35,11.41,11.09,11.17,10.95,9.49,9.05,77.4528899845,8.812
2020-02-12 10-51-22,25,16,20927,,,,,,,,,5.625
2020-02-12 10-51-22,25,17,,8.61,10.17,7.83,,,,,,5.625
2020-02-12 10-51-22,25,18,,8.61,10.17,7.83,6.39,6.83,6.93,,,8.812
2020-02-12 10-51-22,25,19,,8.61,10.17,7.83,6.39,6.83,6.93,6.74,104.4190331125,8.812
2020-02-12 10-52-14,10,16,49093,,,,,,,,,5.562
2020-02-12 10-52-14,10,17,,118.33,125.68,126.65,,,,,,5.562
2020-02-12 10-52-14,10,18,,118.33,125.68,126.65,45.43,40.95,40.96,,,8.75
2020-02-12 10-52-14,11,16,19828,,,,,,,,,5.562
2020-02-12 10-52-14,11,17,,11.57,10.55,10.31,,,,,,5.562
2020-02-12 10-52-14,11,18,,11.57,10.55,10.31,9.35,9.33,9.75,,,8.75
2020-02-12 10-52-14,11,19,,11.57,10.55,10.31,9.35,9.33,9.75,-39.389999999999986,-2.0462,8.75
2020-02-12 10-52-15,12,16,27830,,,,,,,,,5.562
2020-02-12 10-52-15,12,17,,8.55,7.87,9.85,,,,,,5.562
2020-02-12 10-52-15,12,18,,8.55,7.87,9.85,9.57,10.09,10.51,,,8.75
2020-02-12 10-52-15,12,19,,8.55,7.87,9.85,9.57,10.09,10.51,7.8,-2.0462,8.75
2020-02-12 10-52-15,13,16,27624,,,,,,,,,5.562
2020-02-12 10-52-15,13,17,,9.67,10.95,11.31,,,,,,5.562
2020-02-12 10-52-15,13,18,,9.67,10.95,11.31,9.63,10.33,9.53,,,8.75
2020-02-12 10-52-15,13,19,,9.67,10.95,11.31,9.63,10.33,9.53,8.34,79.41578444450002,8.75
2020-02-12 10-52-16,14,16,27927,,,,,,,,,5.562
2020-02-12 10-52-16,14,17,,9.19,11.47,11.21,,,,,,5.562
2020-02-12 10-52-16,14,18,,9.19,11.47,11.21,11.93,10.19,8.83,,,8.75
2020-02-12 10-52-16,14,19,,9.19,11.47,11.21,11.93,10.19,8.83,9.74,95.98856751250001,8.75
2020-02-12 10-52-16,15,16,0,,,,,,,,,5.562
2020-02-12 10-52-16,15,17,,0.0,0.0,0.0,,,,,,5.562
2020-02-12 10-52-16,15,18,,0.0,0.0,0.0,0.0,0.0,0.0,,,8.75
2020-02-12 10-52-16,15,19,,0.0,0.0,0.0,0.0,0.0,0.0,0.0,-2.0462,8.75
2020-02-12 10-52-17,16,16,20879,,,,,,,,,5.562
2020-02-12 10-52-17,16,17,,6.91,9.33,7.65,,,,,,5.562
2020-02-12 10-52-17,16,18,,6.91,9.33,7.65,6.57,8.23,7.37,,,8.75
2020-02-12 10-52-17,16,19,,6.91,9.33,7.65,6.57,8.23,7.37,9.14,28.064020168000003,8.75
2020-02-12 10-52-17,17,16,21273,,,,,,,,,5.562
2020-02-12 10-52-18,17,17,,9.81,10.75,8.59,,,,,,5.562
2020-02-12 10-52-18,17,18,,9.81,10.75,8.59,7.95,10.43,9.39,,,8.75
2020-02-12 10-52-18,17,19,,9.81,10.75,8.59,7.95,10.43,9.39,9.46,101.29590051250001,8.75
2020-02-12 10-52-18,18,16,19715,,,,,,,,,5.562
2020-02-12 10-52-18,18,17,,8.87,8.45,7.97,,,,,,5.562
2020-02-12 10-52-18,18,18,,8.87,8.45,7.97,8.23,7.77,6.57,,,8.75
2020-02-12 10-52-18,18,19,,8.87,8.45,7.97,8.23,7.77,6.57,7.77,91.86962880050001,8.75
2020-02-12 10-52-19,19,16,24746,,,,,,,,,5.562
2020-02-12 10-52-19,19,17,,10.27,9.67,9.91,,,,,,5.562
2020-02-12 10-52-19,19,18,,10.27,9.67,9.91,10.89,11.99,10.69,,,8.75
2020-02-12 10-52-19,19,19,,10.27,9.67,9.91,10.89,11.99,10.69,7.78,77.075950688,8.75
2020-02-12 10-52-19,20,16,47007,,,,,,,,,5.562
2020-02-12 10-52-19,20,17,,-327.67,-327.67,-327.67,,,,,,5.562
2020-02-12 10-52-19,20,18,,-327.67,-327.67,-327.67,-327.67,-327.67,-327.67,,,8.75
2020-02-12 10-52-19,20,19,,-327.67,-327.67,-327.67,-327.67,-327.67,-327.67,9.82,103.17529412050001,8.75
2020-02-12 10-52-20,21,16,26019,,,,,,,,,5.562
2020-02-12 10-52-20,21,17,,11.33,10.61,8.09,,,,,,5.562
2020-02-12 10-52-20,21,18,,11.33,10.61,8.09,9.57,9.71,11.55,,,8.75
2020-02-12 10-52-20,21,19,,11.33,10.61,8.09,9.57,9.71,11.55,9.09,95.34311014450002,8.75
2020-02-12 10-52-20,22,16,25247,,,,,,,,,5.562
2020-02-12 10-52-20,22,17,,6.21,6.35,6.25,,,,,,5.562
2020-02-12 10-52-20,22,18,,6.21,6.35,6.25,5.45,7.19,8.05,,,8.75
2020-02-12 10-52-20,22,19,,6.21,6.35,6.25,5.45,7.19,8.05,8.4,69.841443698,8.75
2020-02-12 10-52-21,23,16,19934,,,,,,,,,5.562
2020-02-12 10-52-21,23,17,,9.07,10.93,10.27,,,,,,5.562
2020-02-12 10-52-21,23,18,,9.07,10.93,10.27,10.19,9.63,9.03,,,8.75
2020-02-12 10-52-21,23,19,,9.07,10.93,10.27,10.19,9.63,9.03,8.78,80.076365248,8.75
2020-02-12 10-52-22,25,16,20928,,,,,,,,,5.562
2020-02-12 10-52-22,25,17,,8.37,9.89,7.23,,,,,,5.562
2020-02-12 10-52-22,25,18,,8.37,9.89,7.23,6.83,6.97,6.93,,,8.75
2020-02-12 10-52-22,25,19,,8.37,9.89,7.23,6.83,6.97,6.93,6.96,104.31566900450001,8.75
2020-02-12 10-53-14,10,16,49094,,,,,,,,,5.562
2020-02-12 10-53-14,10,17,,99.87,117.94,123.16,,,,,,5.562
2020-02-12 10-53-14,10,18,,99.87,117.94,123.16,45.45,40.95,40.96,,,8.562
2020-02-12 10-53-15,11,16,19829,,,,,,,,,5.562
2020-02-12 10-53-15,11,17,,10.79,10.47,10.95,,,,,,5.562
2020-02-12 10-53-15,11,18,,10.79,10.47,10.95,9.35,8.83,9.15,,,8.562
2020-02-12 10-53-15,11,19,,10.79,10.47,10.95,9.35,8.83,9.15,-39.389999999999986,-2.0462,8.562
2020-02-12 10-53-15,12,16,27831,,,,,,,,,5.562
2020-02-12 10-53-15,12,17,,8.41,8.05,9.71,,,,,,5.562
2020-02-12 10-53-15,12,18,,8.41,8.05,9.71,9.63,10.47,10.33,,,8.562
2020-02-12 10-53-15,12,19,,8.41,8.05,9.71,9.63,10.47,10.33,7.55,-2.0462,8.562
2020-02-12 10-53-16,13,16,27625,,,,,,,,,5.562
2020-02-12 10-53-16,13,17,,10.69,11.21,11.13,,,,,,5.562
2020-02-12 10-53-16,13,18,,10.69,11.21,11.13,9.47,9.99,9.57,,,8.562
2020-02-12 10-53-16,13,19,,10.69,11.21,11.13,9.47,9.99,9.57,8.17,82.985554882,8.562
2020-02-12 10-53-16,14,16,27928,,,,,,,,,5.562
2020-02-12 10-53-16,14,17,,8.37,11.95,11.65,,,,,,5.562
2020-02-12 10-53-16,14,18,,8.37,11.95,11.65,12.05,10.33,9.39,,,8.562
2020-02-12 10-53-16,14,19,,8.37,11.95,11.65,12.05,10.33,9.39,9.4,96.36423550450002,8.562
2020-02-12 10-53-17,15,16,0,,,,,,,,,5.562
2020-02-12 10-53-17,15,17,,0.0,0.0,0.0,,,,,,5.562
2020-02-12 10-53-17,15,18,,0.0,0.0,0.0,0.0,0.0,0.0,,,8.562
2020-02-12 10-53-17,15,19,,0.0,0.0,0.0,0.0,0.0,0.0,0.0,-2.0462,8.562
2020-02-12 10-53-17,16,16,20880,,,,,,,,,5.562
2020-02-12 10-53-17,16,17,,6.69,9.61,7.83,,,,,,5.562
2020-02-12 10-53-17,16,18,,6.69,9.61,7.83,6.29,8.47,8.09,,,8.562
2020-02-12 10-53-17,16,19,,6.69,9.61,7.83,6.29,8.47,8.09,8.89,28.403673298000005,8.562
2020-02-12 10-53-18,17,16,21274,,,,,,,,,5.562
2020-02-12 10-53-18,17,17,,10.03,11.33,9.35,,,,,,5.562
2020-02-12 10-53-18,17,18,,10.03,11.33,9.35,7.95,9.99,9.33,,,8.562
2020-02-12 10-53-18,17,19,,10.03,11.33,9.35,7.95,9.99,9.33,9.27,102.28986408050001,8.562
2020-02-12 10-53-18,18,16,19716,,,,,,,,,5.562
2020-02-12 10-53-18,18,17,,9.07,8.83,8.51,,,,,,5.562
2020-02-12 10-53-18,18,18,,9.07,8.83,8.51,8.37,7.37,6.43,,,8.562
2020-02-12 10-53-18,18,19,,9.07,8.83,8.51,8.37,7.37,6.43,7.67,91.62343239200001,8.562
2020-02-12 10-53-19,19,16,24747,,,,,,,,,5.562
2020-02-12 10-53-19,19,17,,9.95,9.15,9.89,,,,,,5.562
2020-02-12 10-53-19,19,18,,9.95,9.15,9.89,11.51,12.51,10.75,,,8.562
2020-02-12 10-53-19,19,19,,9.95,9.15,9.89,11.51,12.51,10.75,7.68,76.78563041800001,8.562
2020-02-12 10-53-19,20,16,47008,,,,,,,,,5.562
2020-02-12 10-53-19,20,17,,-327.67,-327.67,-327.67,,,,,,5.562
2020-02-12 10-53-19,20,18,,-327.67,-327.67,-327.67,-327.67,-327.67,-327.67,,,8.562
2020-02-12 10-53-19,20,19,,-327.67,-327.67,-327.67,-327.67,-327.67,-327.67,9.65,103.43501270050001,8.562
2020-02-12 10-53-20,21,16,26020,,,,,,,,,5.562
2020-02-12 10-53-20,21,17,,11.23,10.37,8.51,,,,,,5.562
2020-02-12 10-53-20,21,18,,11.23,10.37,8.51,9.53,9.85,11.79,,,8.562
2020-02-12 10-53-20,21,19,,11.23,10.37,8.51,9.53,9.85,11.79,8.97,95.0736271045,8.562
2020-02-12 10-53-20,22,16,25248,,,,,,,,,5.562
2020-02-12 10-53-20,22,17,,6.07,6.17,5.85,,,,,,5.562
2020-02-12 10-53-20,22,18,,6.07,6.17,5.85,5.77,7.23,7.83,,,8.562
2020-02-12 10-53-20,22,19,,6.07,6.17,5.85,5.77,7.23,7.83,8.49,67.74755168800002,8.562
2020-02-12 10-53-21,23,16,19935,,,,,,,,,5.562
2020-02-12 10-53-21,23,17,,8.93,10.75,10.55,,,,,,5.562
2020-02-12 10-53-21,23,18,,8.93,10.75,10.55,10.41,10.55,9.39,,,8.562
2020-02-12 10-53-21,23,19,,8.93,10.75,10.55,10.41,10.55,9.39,8.56,80.93545553800001,8.562
2020-02-12 10-53-22,25,16,20929,,,,,,,,,5.562
2020-02-12 10-53-22,25,17,,8.83,9.99,7.27,,,,,,5.562
2020-02-12 10-53-22,25,18,,8.83,9.99,7.27,6.79,6.17,6.53,,,8.562
2020-02-12 10-53-22,25,19,,8.83,9.99,7.27,6.79,6.17,6.53,6.64,104.47069602050001,8.562
2020-02-12 10-54-14,10,16,49095,,,,,,,,,5.437
2020-02-12 10-54-14,10,17,,120.65,125.87,126.94,,,,,,5.437
2020-02-12 10-54-14,10,18,,120.65,125.87,126.94,45.5,40.95,40.96,,,8.5
2020-02-12 10-54-15,11,16,19830,,,,,,,,,5.437
2020-02-12 10-54-15,11,17,,9.85,9.71,11.07,,,,,,5.437
2020-02-12 10-54-15,11,18,,9.85,9.71,11.07,8.89,8.37,9.15,,,8.5
2020-02-12 10-54-15,11,19,,9.85,9.71,11.07,8.89,8.37,9.15,-39.389999999999986,-2.0462,8.5
2020-02-12 10-54-15,12,16,27832,,,,,,,,,5.437
2020-02-12 10-54-15,12,17,,8.15,7.55,9.49,,,,,,5.437
2020-02-12 10-54-15,12,18,,8.15,7.55,9.49,9.43,9.91,10.27,,,8.5
2020-02-12 10-54-15,12,19,,8.15,7.55,9.49,9.43,9.91,10.27,7.47,-2.0462,8.5
2020-02-12 10-54-16,13,16,27626,,,,,,,,,5.437
2020-02-12 10-54-16,13,17,,9.71,10.65,11.27,,,,,,5.437
2020-02-12 10-54-16,13,18,,9.71,10.65,11.27,9.35,10.17,9.35,,,8.5
2020-02-12 10-54-16,13,19,,9.71,10.65,11.27,9.35,10.17,9.35,8.14,84.06088256800001,8.5
2020-02-12 10-54-16,14,16,27929,,,,,,,,,5.437
2020-02-12 10-54-16,14,17,,8.61,11.47,11.51,,,,,,5.437
2020-02-12 10-54-16,14,18,,8.61,11.47,11.51,11.75,10.09,8.93,,,8.5
2020-02-12 10-54-16,14,19,,8.61,11.47,11.51,11.75,10.09,8.93,9.46,96.68573884450001,8.5
2020-02-12 10-54-17,15,16,0,,,,,,,,,5.437
2020-02-12 10-54-17,15,17,,0.0,0.0,0.0,,,,,,5.437
2020-02-12 10-54-17,15,18,,0.0,0.0,0.0,0.0,0.0,0.0,,,8.5
2020-02-12 10-54-17,15,19,,0.0,0.0,0.0,0.0,0.0,0.0,0.0,-2.0462,8.5
2020-02-12 10-54-17,16,16,20881,,,,,,,,,5.437
2020-02-12 10-54-17,16,17,,7.15,8.97,8.01,,,,,,5.437
2020-02-12 10-54-17,16,18,,7.15,8.97,8.01,6.43,8.37,7.83,,,8.5
2020-02-12 10-54-17,16,19,,7.15,8.97,8.01,6.43,8.37,7.83,8.64,28.67516605,8.5
2020-02-12 10-54-18,17,16,21275,,,,,,,,,5.437
2020-02-12 10-54-18,17,17,,9.61,11.13,9.19,,,,,,5.437
2020-02-12 10-54-18,17,18,,9.61,11.13,9.19,8.09,9.71,9.67,,,8.5
2020-02-12 10-54-18,17,19,,9.61,11.13,9.19,8.09,9.71,9.67,9.22,103.2792198445,8.5
2020-02-12 10-54-18,18,16,19717,,,,,,,,,5.437
2020-02-12 10-54-18,18,17,,8.71,8.23,8.19,,,,,,5.437
2020-02-12 10-54-18,18,18,,8.71,8.23,8.19,8.05,7.79,6.39,,,8.5
2020-02-12 10-54-18,18,19,,8.71,8.23,8.19,8.05,7.79,6.39,7.47,92.5794109645,8.5
2020-02-12 10-54-19,19,16,24748,,,,,,,,,5.437
2020-02-12 10-54-19,19,17,,9.39,8.93,9.85,,,,,,5.437
2020-02-12 10-54-19,19,18,,9.39,8.93,9.85,11.07,11.81,10.83,,,8.5
2020-02-12 10-54-19,19,19,,9.39,8.93,9.85,11.07,11.81,10.83,7.55,75.621158338,8.5
2020-02-12 10-54-19,20,16,47009,,,,,,,,,5.437
2020-02-12 10-54-19,20,17,,-327.67,-327.67,-327.67,,,,,,5.437
2020-02-12 10-54-19,20,18,,-327.67,-327.67,-327.67,-327.67,-327.67,-327.67,,,8.5
2020-02-12 10-54-19,20,19,,-327.67,-327.67,-327.67,-327.67,-327.67,-327.67,9.46,103.0713173405,8.5
2020-02-12 10-54-20,21,16,26021,,,,,,,,,5.437
2020-02-12 10-54-20,21,17,,11.07,9.95,7.73,,,,,,5.437
2020-02-12 10-54-20,21,18,,11.07,9.95,7.73,9.53,9.03,11.61,,,8.5
2020-02-12 10-54-20,21,19,,11.07,9.95,7.73,9.53,9.03,11.61,8.72,95.1275492405,8.5
2020-02-12 10-54-20,22,16,25249,,,,,,,,,5.437
2020-02-12 10-54-20,22,17,,5.89,6.07,6.25,,,,,,5.437
2020-02-12 10-54-20,22,18,,5.89,6.07,6.25,5.99,7.11,7.59,,,8.5
2020-02-12 10-54-20,22,19,,5.89,6.07,6.25,5.99,7.11,7.59,8.38,66.7550080645,8.5
2020-02-12 10-54-21,23,16,19936,,,,,,,,,5.437
2020-02-12 10-54-21,23,17,,9.19,10.71,10.17,,,,,,5.437
2020-02-12 10-54-21,23,18,,9.19,10.71,10.17,10.17,10.23,9.67,,,8.5
2020-02-12 10-54-21,23,19,,9.19,10.71,10.17,10.17,10.23,9.67,8.51,83.12730862450002,8.5
2020-02-12 10-54-22,25,16,20930,,,,,,,,,5.437
2020-02-12 10-54-22,25,17,,8.15,9.53,6.91,,,,,,5.437
2020-02-12 10-54-22,25,18,,8.15,9.53,6.91,6.29,6.75,6.51,,,8.5
2020-02-12 10-54-22,25,19,,8.15,9.53,6.91,6.29,6.75,6.51,6.56,104.52234616450001,8.5
2020-02-12 10-55-14,10,16,49096,,,,,,,,,5.375
2020-02-12 10-55-14,10,17,,63.18,111.71,119.83,,,,,,5.375
2020-02-12 10-55-14,10,18,,63.18,111.71,119.83,45.45,40.95,40.96,,,8.375
2020-02-12 10-55-15,11,16,19831,,,,,,,,,5.375
2020-02-12 10-55-15,11,17,,11.03,9.99,10.37,,,,,,5.375
2020-02-12 10-55-15,11,18,,11.03,9.99,10.37,9.03,8.79,9.35,,,8.375
2020-02-12 10-55-15,11,19,,11.03,9.99,10.37,9.03,8.79,9.35,-39.389999999999986,-2.0462,8.375
2020-02-12 10-55-15,12,16,27833,,,,,,,,,5.375
2020-02-12 10-55-15,12,17,,8.41,7.65,9.95,,,,,,5.375
2020-02-12 10-55-15,12,18,,8.41,7.65,9.95,9.57,10.23,10.23,,,8.375
2020-02-12 10-55-15,12,19,,8.41,7.65,9.95,9.57,10.23,10.23,7.53,-2.0462,8.375
2020-02-12 10-55-16,13,16,27627,,,,,,,,,5.375
2020-02-12 10-55-16,13,17,,9.47,11.17,10.71,,,,,,5.375
2020-02-12 10-55-16,13,18,,9.47,11.17,10.71,9.49,10.31,8.23,,,8.375
2020-02-12 10-55-16,13,19,,9.47,11.17,10.71,9.49,10.31,8.23,8.03,82.985554882,8.375
2020-02-12 10-55-16,14,16,27930,,,,,,,,,5.375
2020-02-12 10-55-16,14,17,,8.75,11.41,10.71,,,,,,5.375
2020-02-12 10-55-16,14,18,,8.75,11.41,10.71,11.89,10.19,8.87,,,8.375
2020-02-12 10-55-16,14,19,,8.75,11.41,10.71,11.89,10.19,8.87,9.48,96.6321868645,8.375
2020-02-12 10-55-17,15,16,0,,,,,,,,,5.375
2020-02-12 10-55-17,15,17,,0.0,0.0,0.0,,,,,,5.375
2020-02-12 10-55-17,15,18,,0.0,0.0,0.0,0.0,0.0,0.0,,,8.375
2020-02-12 10-55-17,15,19,,0.0,0.0,0.0,0.0,0.0,0.0,0.0,-2.0462,8.375
2020-02-12 10-55-17,16,16,20882,,,,,,,,,5.375
2020-02-12 10-55-17,16,17,,7.05,9.53,7.61,,,,,,5.375
2020-02-12 10-55-17,16,18,,7.05,9.53,7.61,6.13,8.23,7.95,,,8.375
2020-02-12 10-55-17,16,19,,7.05,9.53,7.61,6.13,8.23,7.95,8.58,29.014244800000007,8.375
2020-02-12 10-55-18,17,16,21276,,,,,,,,,5.375
2020-02-12 10-55-18,17,17,,9.53,10.79,8.71,,,,,,5.375
2020-02-12 10-55-18,17,18,,9.53,10.79,8.71,7.61,10.65,9.75,,,8.375
2020-02-12 10-55-18,17,19,,9.53,10.79,8.71,7.61,10.65,9.75,9.09,101.87191472050002,8.375
2020-02-12 10-55-18,18,16,19718,,,,,,,,,5.375
2020-02-12 10-55-18,18,17,,8.79,8.61,8.15,,,,,,5.375
2020-02-12 10-55-18,18,18,,8.79,8.61,8.15,7.97,7.23,6.21,,,8.375
2020-02-12 10-55-18,18,19,,8.79,8.61,8.15,7.97,7.23,6.21,7.44,93.4500277645,8.375
2020-02-12 10-55-19,19,16,24749,,,,,,,,,5.375
2020-02-12 10-55-19,19,17,,10.41,9.43,9.53,,,,,,5.375
2020-02-12 10-55-19,19,18,,10.41,9.43,9.53,10.99,11.85,10.41,,,8.375
2020-02-12 10-55-19,19,19,,10.41,9.43,9.53,10.99,11.85,10.41,7.69,76.1166828125,8.375
2020-02-12 10-55-19,20,16,47010,,,,,,,,,5.375
2020-02-12 10-55-19,20,17,,-327.67,-327.67,-327.67,,,,,,5.375
2020-02-12 10-55-19,20,18,,-327.67,-327.67,-327.67,-327.67,-327.67,-327.67,,,8.375
2020-02-12 10-55-19,20,19,,-327.67,-327.67,-327.67,-327.67,-327.67,-327.67,9.4,101.37453884800001,8.375
2020-02-12 10-55-20,21,16,26022,,,,,,,,,5.375
2020-02-12 10-55-20,21,17,,10.85,10.37,8.13,,,,,,5.375
2020-02-12 10-55-20,21,18,,10.85,10.37,8.13,9.35,9.63,11.47,,,8.375
2020-02-12 10-55-20,21,19,,10.85,10.37,8.13,9.35,9.63,11.47,8.64,95.34311014450002,8.375
2020-02-12 10-55-21,22,16,25250,,,,,,,,,5.375
2020-02-12 10-55-21,22,17,,5.95,6.25,5.89,,,,,,5.375
2020-02-12 10-55-21,22,18,,5.95,6.25,5.89,5.63,7.15,7.77,,,8.375
2020-02-12 10-55-21,22,19,,5.95,6.25,5.89,5.63,7.15,7.77,8.23,67.4170899245,8.375
2020-02-12 10-55-21,23,16,19937,,,,,,,,,5.375
2020-02-12 10-55-21,23,17,,9.11,10.71,10.27,,,,,,5.375
2020-02-12 10-55-21,23,18,,9.11,10.71,10.27,9.95,10.09,9.33,,,8.375
2020-02-12 10-55-21,23,19,,9.11,10.71,10.27,9.95,10.09,9.33,8.54,82.985554882,8.375
2020-02-12 10-55-22,25,16,20931,,,,,,,,,5.375
2020-02-12 10-55-22,25,17,,8.41,9.43,6.83,,,,,,5.375
2020-02-12 10-55-22,25,18,,8.41,9.43,6.83,6.33,6.91,6.17,,,8.375
2020-02-12 10-55-22,25,19,,8.41,9.43,6.83,6.33,6.91,6.17,6.75,104.393196872,8.375
2020-02-12 10-56-14,10,16,49097,,,,,,,,,5.312
2020-02-12 10-56-14,10,17,49097,97.83,125.58,126.02,,,,,,5.312
2020-02-12 10-56-14,10,18,49097,97.83,125.58,126.02,45.49,40.95,40.96,,,8.312
2020-02-12 10-56-14,11,16,19832,,,,,,,,,5.312
2020-02-12 10-56-14,11,17,,11.09,10.79,11.81,,,,,,5.312
2020-02-12 10-56-14,11,18,,11.09,10.79,11.81,9.95,9.33,9.89,,,8.312
2020-02-12 10-56-14,11,19,,11.09,10.79,11.81,9.95,9.33,9.89,-39.389999999999986,-2.0462,8.312
2020-02-12 10-56-15,12,16,27834,,,,,,,,,5.312
2020-02-12 10-56-15,12,17,,8.75,8.41,10.33,,,,,,5.312
2020-02-12 10-56-15,12,18,,8.75,8.41,10.33,10.23,11.23,10.69,,,8.312
2020-02-12 10-56-15,12,19,,8.75,8.41,10.33,10.23,11.23,10.69,7.73,-2.0462,8.312
2020-02-12 10-56-15,13,16,27628,,,,,,,,,5.312
2020-02-12 10-56-15,13,17,,10.71,11.85,11.67,,,,,,5.312
2020-02-12 10-56-15,13,18,,10.71,11.85,11.67,9.53,10.99,10.27,,,8.312
2020-02-12 10-56-15,13,19,,10.71,11.85,11.67,9.53,10.99,10.27,8.23,84.82213108450001,8.312
2020-02-12 10-56-16,14,16,27931,,,,,,,,,5.312
2020-02-12 10-56-16,14,17,,8.97,12.27,11.41,,,,,,5.312
2020-02-12 10-56-16,14,18,,8.97,12.27,11.41,12.43,10.57,9.07,,,8.312
2020-02-12 10-56-16,14,19,,8.97,12.27,11.41,12.43,10.57,9.07,9.9,96.79280451250001,8.312
2020-02-12 10-56-16,15,16,0,,,,,,,,,5.312
2020-02-12 10-56-16,15,17,,0.0,0.0,0.0,,,,,,5.312
2020-02-12 10-56-16,15,18,,0.0,0.0,0.0,0.0,0.0,0.0,,,8.312
2020-02-12 10-56-16,15,19,,0.0,0.0,0.0,0.0,0.0,0.0,0.0,-2.0462,8.312
2020-02-12 10-56-17,16,16,20883,,,,,,,,,5.312
2020-02-12 10-56-17,16,17,,7.51,9.81,7.95,,,,,,5.312
2020-02-12 10-56-17,16,18,,7.51,9.81,7.95,6.13,8.69,8.23,,,8.312
2020-02-12 10-56-17,16,19,,7.51,9.81,7.95,6.13,8.69,8.23,9.04,29.217538882000007,8.312
2020-02-12 10-56-17,17,16,21277,,,,,,,,,5.312
2020-02-12 10-56-17,17,17,,10.19,11.23,9.29,,,,,,5.312
2020-02-12 10-56-17,17,18,,10.19,11.23,9.29,8.05,10.61,10.09,,,8.312
2020-02-12 10-56-17,17,19,,10.19,11.23,9.29,8.05,10.61,10.09,9.55,102.7069965445,8.312
2020-02-12 10-56-18,18,16,19719,,,,,,,,,5.312
2020-02-12 10-56-18,18,17,,9.29,9.33,9.49,,,,,,5.312
2020-02-12 10-56-18,18,18,,9.29,9.33,9.49,8.93,7.27,6.61,,,8.312
2020-02-12 10-56-18,18,19,,9.29,9.33,9.49,8.93,7.27,6.61,7.87,94.5337037245,8.312
2020-02-12 10-56-18,19,16,24750,,,,,,,,,5.312
2020-02-12 10-56-18,19,17,,10.37,9.03,10.27,,,,,,5.312
2020-02-12 10-56-18,19,18,,10.37,9.03,10.27,11.67,12.47,10.95,,,8.312
2020-02-12 10-56-18,19,19,,10.37,9.03,10.27,11.67,12.47,10.95,8.0,75.3000334405,8.312
2020-02-12 10-56-19,20,16,47011,,,,,,,,,5.312
2020-02-12 10-56-19,20,17,,-327.67,-327.67,-327.67,,,,,,5.312
2020-02-12 10-56-19,20,18,,-327.67,-327.67,-327.67,-327.67,-327.67,-327.67,,,8.312
2020-02-12 10-56-19,20,19,,-327.67,-327.67,-327.67,-327.67,-327.67,-327.67,9.82,100.0337813605,8.312
2020-02-12 10-56-19,21,16,26023,,,,,,,,,5.312
2020-02-12 10-56-19,21,17,,11.07,10.43,8.65,,,,,,5.312
2020-02-12 10-56-19,21,18,,11.07,10.43,8.65,9.53,9.95,12.19,,,8.312
2020-02-12 10-56-19,21,19,,11.07,10.43,8.65,9.53,9.95,12.19,8.93,95.37004089800001,8.312
2020-02-12 10-56-20,22,16,25251,,,,,,,,,5.312
2020-02-12 10-56-20,22,17,,6.29,6.47,6.39,,,,,,5.312
2020-02-12 10-56-20,22,18,,6.29,6.47,6.39,5.23,7.33,7.77,,,8.312
2020-02-12 10-56-20,22,19,,6.29,6.47,6.39,5.23,7.33,7.77,8.46,64.425559058,8.312
2020-02-12 10-56-20,23,16,19938,,,,,,,,,5.312
2020-02-12 10-56-20,23,17,,9.29,11.07,10.65,,,,,,5.312
2020-02-12 10-56-20,23,18,,9.29,11.07,10.65,10.19,10.93,9.85,,,8.312
2020-02-12 10-56-20,23,19,,9.29,11.07,10.65,10.19,10.93,9.85,8.76,84.00440125,8.312
2020-02-12 10-56-21,25,16,20932,,,,,,,,,5.312
2020-02-12 10-56-21,25,17,,8.93,9.85,6.91,,,,,,5.312
2020-02-12 10-56-21,25,18,,8.93,9.85,6.91,6.65,6.73,6.35,,,8.312
2020-02-12 10-56-21,25,19,,8.93,9.85,6.91,6.65,6.73,6.35,6.88,104.34151481800001,8.312
2020-02-12 10-57-15,10,16,49098,,,,,,,,,5.25
2020-02-12 10-57-15,10,17,,102.77,118.96,123.84,,,,,,5.25
2020-02-12 10-57-15,10,18,,102.77,118.96,123.84,45.49,40.95,40.96,,,8.25
2020-02-12 10-57-15,11,16,19833,,,,,,,,,5.25
2020-02-12 10-57-15,11,17,,11.27,10.31,11.51,,,,,,5.25
2020-02-12 10-57-15,11,18,,11.27,10.31,11.51,9.61,8.65,9.29,,,8.25
2020-02-12 10-57-15,11,19,,11.27,10.31,11.51,9.61,8.65,9.29,-39.389999999999986,-2.0462,8.25
2020-02-12 10-57-16,12,16,27835,,,,,,,,,5.25
2020-02-12 10-57-16,12,17,,8.01,7.91,9.91,,,,,,5.25
2020-02-12 10-57-16,12,18,,8.01,7.91,9.91,9.91,10.51,10.05,,,8.25
2020-02-12 10-57-16,12,19,,8.01,7.91,9.91,9.91,10.51,10.05,7.52,-2.0462,8.25
2020-02-12 10-57-16,13,16,27629,,,,,,,,,5.25
2020-02-12 10-57-16,13,17,,10.27,11.45,10.95,,,,,,5.25
2020-02-12 10-57-16,13,18,,10.27,11.45,10.95,9.47,10.23,9.53,,,8.25
2020-02-12 10-57-16,13,19,,10.27,11.45,10.95,9.47,10.23,9.53,8.23,84.82213108450001,8.25
2020-02-12 10-57-17,14,16,27932,,,,,,,,,5.25
2020-02-12 10-57-17,14,17,,8.51,12.09,11.47,,,,,,5.25
2020-02-12 10-57-17,14,18,,8.51,12.09,11.47,12.17,10.41,9.03,,,8.25
2020-02-12 10-57-17,14,19,,8.51,12.09,11.47,12.17,10.41,9.03,9.35,96.36423550450002,8.25
2020-02-12 10-57-17,15,16,0,,,,,,,,,5.25
2020-02-12 10-57-17,15,17,,0.0,0.0,0.0,,,,,,5.25
2020-02-12 10-57-17,15,18,,0.0,0.0,0.0,0.0,0.0,0.0,,,8.25
2020-02-12 10-57-17,15,19,,0.0,0.0,0.0,0.0,0.0,0.0,0.0,-2.0462,8.25
2020-02-12 10-57-18,16,16,20884,,,,,,,,,5.25
2020-02-12 10-57-18,16,17,,7.19,9.53,7.73,,,,,,5.25
2020-02-12 10-57-18,16,18,,7.19,9.53,7.73,6.07,8.29,8.19,,,8.25
2020-02-12 10-57-18,16,19,,7.19,9.53,7.73,6.07,8.29,8.19,8.78,29.556107072000003,8.25
2020-02-12 10-57-18,17,16,21278,,,,,,,,,5.25
2020-02-12 10-57-18,17,17,,9.95,11.07,9.03,,,,,,5.25
2020-02-12 10-57-18,17,18,,9.95,11.07,9.03,7.61,9.67,9.81,,,8.25
2020-02-12 10-57-18,17,19,,9.95,11.07,9.03,7.61,9.67,9.81,9.12,101.845765762,8.25
2020-02-12 10-57-19,18,16,19720,,,,,,,,,5.25
2020-02-12 10-57-19,18,17,,8.89,9.03,8.27,,,,,,5.25
2020-02-12 10-57-19,18,18,,8.89,9.03,8.27,8.19,7.23,6.21,,,8.25
2020-02-12 10-57-19,18,19,,8.89,9.03,8.27,8.19,7.23,6.21,7.34,94.019594248,8.25
2020-02-12 10-57-19,19,16,24751,,,,,,,,,5.25
2020-02-12 10-57-19,19,17,,9.15,9.43,10.05,,,,,,5.25
2020-02-12 10-57-19,19,18,,9.15,9.43,10.05,11.37,12.33,10.61,,,8.25
2020-02-12 10-57-19,19,19,,9.15,9.43,10.05,11.37,12.33,10.61,7.62,75.65033236450002,8.25
2020-02-12 10-57-20,20,16,47012,,,,,,,,,5.25
2020-02-12 10-57-20,20,17,,-327.67,-327.67,-327.67,,,,,,5.25
2020-02-12 10-57-20,20,18,,-327.67,-327.67,-327.67,-327.67,-327.67,-327.67,,,8.25
2020-02-12 10-57-20,20,19,,-327.67,-327.67,-327.67,-327.67,-327.67,-327.67,9.55,97.06024531250002,8.25
2020-02-12 10-57-20,21,16,26024,,,,,,,,,5.25
2020-02-12 10-57-20,21,17,,11.13,10.13,8.61,,,,,,5.25
2020-02-12 10-57-20,21,18,,11.13,10.13,8.61,9.25,9.35,12.05,,,8.25
2020-02-12 10-57-20,21,19,,11.13,10.13,8.61,9.25,9.35,12.05,8.72,94.64179051250001,8.25
2020-02-12 10-57-21,22,16,25252,,,,,,,,,5.25
2020-02-12 10-57-21,22,17,,5.73,6.07,5.95,,,,,,5.25
2020-02-12 10-57-21,22,18,,5.73,6.07,5.95,5.85,6.43,7.97,,,8.25
2020-02-12 10-57-21,22,19,,5.73,6.07,5.95,5.85,6.43,7.97,8.42,65.819453128,8.25
2020-02-12 10-57-21,23,16,19939,,,,,,,,,5.25
2020-02-12 10-57-21,23,17,,9.43,10.69,10.57,,,,,,5.25
2020-02-12 10-57-21,23,18,,9.43,10.69,10.57,10.13,10.57,9.19,,,8.25
2020-02-12 10-57-21,23,19,,9.43,10.69,10.57,10.13,10.57,9.19,8.4,81.1926226045,8.25
2020-02-12 10-57-22,25,16,20933,,,,,,,,,5.25
2020-02-12 10-57-22,25,17,,8.29,9.95,6.65,,,,,,5.25
2020-02-12 10-57-22,25,18,,8.29,9.95,6.65,7.61,6.39,6.43,,,8.25
2020-02-12 10-57-22,25,19,,8.29,9.95,6.65,7.61,6.39,6.43,6.57,104.52234616450001,8.25
2020-02-12 10-58-14,10,16,49099,,,,,,,,,5.187
2020-02-12 10-58-14,10,17,,66.75,113.4,121.09,,,,,,5.187
2020-02-12 10-58-14,10,18,,66.75,113.4,121.09,45.53,40.95,40.96,,,8.187
2020-02-12 10-58-14,11,16,19834,,,,,,,,,5.187
2020-02-12 10-58-14,11,17,,11.33,10.33,10.47,,,,,,5.187
2020-02-12 10-58-14,11,18,,11.33,10.33,10.47,9.11,8.89,9.25,,,8.187
2020-02-12 10-58-14,11,19,,11.33,10.33,10.47,9.11,8.89,9.25,-39.389999999999986,-2.0462,8.187
2020-02-12 10-58-15,12,16,27836,,,,,,,,,5.187
2020-02-12 10-58-15,12,17,,8.27,7.55,9.67,,,,,,5.187
2020-02-12 10-58-15,12,18,,8.27,7.55,9.67,9.91,10.41,10.19,,,8.187
2020-02-12 10-58-15,12,19,,8.27,7.55,9.67,9.91,10.41,10.19,7.47,-2.0462,8.187
2020-02-12 10-58-15,13,16,27630,,,,,,,,,5.187
2020-02-12 10-58-15,13,17,,9.63,11.07,11.23,,,,,,5.187
2020-02-12 10-58-15,13,18,,9.63,11.07,11.23,8.89,10.37,9.15,,,8.187
2020-02-12 10-58-15,13,19,,9.63,11.07,11.23,8.89,10.37,9.15,8.09,84.2020300205,8.187
2020-02-12 10-58-16,14,16,27933,,,,,,,,,5.187
2020-02-12 10-58-16,14,17,,8.51,11.75,11.23,,,,,,5.187
2020-02-12 10-58-16,14,18,,8.51,11.75,11.23,11.95,10.17,8.93,,,8.187
2020-02-12 10-58-16,14,19,,8.51,11.75,11.23,11.95,10.17,8.93,9.68,96.5250446125,8.187
2020-02-12 10-58-16,15,16,0,,,,,,,,,5.187
2020-02-12 10-58-16,15,17,,0.0,0.0,0.0,,,,,,5.187
2020-02-12 10-58-16,15,18,,0.0,0.0,0.0,0.0,0.0,0.0,,,8.187
2020-02-12 10-58-16,15,19,,0.0,0.0,0.0,0.0,0.0,0.0,0.0,-2.0462,8.187
2020-02-12 10-58-17,16,16,20885,,,,,,,,,5.187
2020-02-12 10-58-17,16,17,,6.93,9.25,7.01,,,,,,5.187
2020-02-12 10-58-17,16,18,,6.93,9.25,7.01,5.89,8.01,7.73,,,8.187
2020-02-12 10-58-17,16,19,,6.93,9.25,7.01,5.89,8.01,7.73,8.8,29.826731872,8.187
2020-02-12 10-58-17,17,16,21279,,,,,,,,,5.187
2020-02-12 10-58-17,17,17,,9.49,10.51,8.87,,,,,,5.187
2020-02-12 10-58-17,17,18,,9.49,10.51,8.87,7.51,10.19,9.63,,,8.187
2020-02-12 10-58-17,17,19,,9.49,10.51,8.87,7.51,10.19,9.63,9.3,102.23766508450001,8.187
2020-02-12 10-58-18,18,16,19721,,,,,,,,,5.187
2020-02-12 10-58-18,18,17,,8.47,8.69,8.29,,,,,,5.187
2020-02-12 10-58-18,18,18,,8.47,8.69,8.29,8.19,7.45,6.17,,,8.187
2020-02-12 10-58-18,18,19,,8.47,8.69,8.29,8.19,7.45,6.17,7.22,95.28923906450001,8.187
2020-02-12 10-58-18,19,16,24752,,,,,,,,,5.187
2020-02-12 10-58-18,19,17,,9.67,9.01,9.47,,,,,,5.187
2020-02-12 10-58-18,19,18,,9.67,9.01,9.47,11.21,11.55,10.47,,,8.187
2020-02-12 10-58-18,19,19,,9.67,9.01,9.47,11.21,11.55,10.47,7.47,76.3495517005,8.187
2020-02-12 10-58-19,20,16,47013,,,,,,,,,5.187
2020-02-12 10-58-19,20,17,,-327.67,-327.67,-327.67,,,,,,5.187
2020-02-12 10-58-19,20,18,,-327.67,-327.67,-327.67,-327.67,-327.67,-327.67,,,8.187
2020-02-12 10-58-19,20,19,,-327.67,-327.67,-327.67,-327.67,-327.67,-327.67,9.5,96.44465441800001,8.187
2020-02-12 10-58-19,21,16,26025,,,,,,,,,5.187
2020-02-12 10-58-19,21,17,,11.17,10.69,8.33,,,,,,5.187
2020-02-12 10-58-19,21,18,,11.17,10.69,8.33,9.35,9.89,12.19,,,8.187
2020-02-12 10-58-19,21,19,,11.17,10.69,8.33,9.35,9.89,12.19,8.74,95.1275492405,8.187
2020-02-12 10-58-20,22,16,25253,,,,,,,,,5.187
2020-02-12 10-58-20,22,17,,5.71,5.99,5.93,,,,,,5.187
2020-02-12 10-58-20,22,18,,5.71,5.99,5.93,6.03,6.87,7.69,,,8.187
2020-02-12 10-58-20,22,19,,5.71,5.99,5.93,6.03,6.87,7.69,8.32,66.8152611445,8.187
2020-02-12 10-58-20,23,16,19940,,,,,,,,,5.187
2020-02-12 10-58-20,23,17,,9.21,10.51,10.47,,,,,,5.187
2020-02-12 10-58-20,23,18,,9.21,10.51,10.47,10.17,10.43,9.43,,,8.187
2020-02-12 10-58-20,23,19,,9.21,10.51,10.47,10.17,10.43,9.43,8.36,84.0326435045,8.187
2020-02-12 10-58-21,25,16,20934,,,,,,,,,5.187
2020-02-12 10-58-21,25,17,,8.15,9.19,7.15,,,,,,5.187
2020-02-12 10-58-21,25,18,,8.15,9.19,7.15,7.95,5.85,6.33,,,8.187
2020-02-12 10-58-21,25,19,,8.15,9.19,7.15,7.95,5.85,6.33,6.81,104.4190331125,8.187
2020-02-12 10-59-14,10,16,49100,,,,,,,,,5.125
2020-02-12 10-59-14,10,17,,109.53,122.2,125.29,,,,,,5.125
2020-02-12 10-59-14,10,18,,109.53,122.2,125.29,45.55,40.95,40.96,,,8.125
2020-02-12 10-59-14,11,16,19835,,,,,,,,,5.125
2020-02-12 10-59-14,11,17,,11.33,10.51,11.37,,,,,,5.125
2020-02-12 10-59-14,11,18,,11.33,10.51,11.37,9.49,9.33,9.81,,,8.125
2020-02-12 10-59-14,11,19,,11.33,10.51,11.37,9.49,9.33,9.81,-39.389999999999986,-2.0462,8.125
2020-02-12 10-59-15,12,16,27837,,,,,,,,,5.125
2020-02-12 10-59-15,12,17,,8.47,8.15,9.99,,,,,,5.125
2020-02-12 10-59-15,12,18,,8.47,8.15,9.99,10.17,10.37,10.03,,,8.125
2020-02-12 10-59-15,12,19,,8.47,8.15,9.99,10.17,10.37,10.03,7.72,-2.0462,8.125
2020-02-12 10-59-15,13,16,27631,,,,,,,,,5.125
2020-02-12 10-59-15,13,17,,10.17,11.21,10.51,,,,,,5.125
2020-02-12 10-59-15,13,18,,10.17,11.21,10.51,9.11,10.47,9.47,,,8.125
2020-02-12 10-59-15,13,19,,10.17,11.21,10.51,9.11,10.47,9.47,7.92,84.51227360800002,8.125
2020-02-12 10-59-16,14,16,27934,,,,,,,,,5.125
2020-02-12 10-59-16,14,17,,9.01,11.61,10.95,,,,,,5.125
2020-02-12 10-59-16,14,18,,9.01,11.61,10.95,11.75,10.27,9.47,,,8.125
2020-02-12 10-59-16,14,19,,9.01,11.61,10.95,11.75,10.27,9.47,9.7,96.14964466450002,8.125
2020-02-12 10-59-16,15,16,0,,,,,,,,,5.125
2020-02-12 10-59-16,15,17,,0.0,0.0,0.0,,,,,,5.125
2020-02-12 10-59-16,15,18,,0.0,0.0,0.0,0.0,0.0,0.0,,,8.125
2020-02-12 10-59-16,15,19,,0.0,0.0,0.0,0.0,0.0,0.0,0.0,-2.0462,8.125
2020-02-12 10-59-17,16,16,20886,,,,,,,,,5.125
2020-02-12 10-59-17,16,17,,6.91,9.85,6.75,,,,,,5.125
2020-02-12 10-59-17,16,18,,6.91,9.85,6.75,6.03,8.65,8.27,,,8.125
2020-02-12 10-59-17,16,19,,6.91,9.85,6.75,6.03,8.65,8.27,8.82,30.029566450000008,8.125
2020-02-12 10-59-17,17,16,21280,,,,,,,,,5.125
2020-02-12 10-59-18,17,17,,9.67,10.69,9.11,,,,,,5.125
2020-02-12 10-59-18,17,18,,9.67,10.69,9.11,8.37,10.79,9.63,,,8.125
2020-02-12 10-59-18,17,19,,9.67,10.69,9.11,8.37,10.79,9.63,9.11,104.134658962,8.125
2020-02-12 10-59-18,18,16,19722,,,,,,,,,5.125
2020-02-12 10-59-18,18,17,,9.01,9.39,8.41,,,,,,5.125
2020-02-12 10-59-18,18,18,,9.01,9.39,8.41,8.47,7.19,6.57,,,8.125
2020-02-12 10-59-18,18,19,,9.01,9.39,8.41,8.47,7.19,6.57,7.38,96.95330728450001,8.125
2020-02-12 10-59-19,19,16,24753,,,,,,,,,5.125
2020-02-12 10-59-19,19,17,,10.31,9.47,9.63,,,,,,5.125
2020-02-12 10-59-19,19,18,,10.31,9.47,9.63,10.75,12.13,11.09,,,8.125
2020-02-12 10-59-19,19,19,,10.31,9.47,9.63,10.75,12.13,11.09,7.66,72.98242880800001,8.125
2020-02-12 10-59-19,20,16,47014,,,,,,,,,5.125
2020-02-12 10-59-19,20,17,,-327.67,-327.67,-327.67,,,,,,5.125
2020-02-12 10-59-19,20,18,,-327.67,-327.67,-327.67,-327.67,-327.67,-327.67,,,8.125
2020-02-12 10-59-19,20,19,,-327.67,-327.67,-327.67,-327.67,-327.67,-327.67,9.44,96.337422818,8.125
2020-02-12 10-59-20,21,16,26026,,,,,,,,,5.125
2020-02-12 10-59-20,21,17,,11.31,10.41,9.35,,,,,,5.125
2020-02-12 10-59-20,21,18,,11.31,10.41,9.35,9.39,10.19,12.77,,,8.125
2020-02-12 10-59-20,21,19,,11.31,10.41,9.35,9.39,10.19,12.77,8.69,95.45081401250002,8.125
2020-02-12 10-59-20,22,16,25254,,,,,,,,,5.125
2020-02-12 10-59-20,22,17,,5.71,6.07,6.11,,,,,,5.125
2020-02-12 10-59-20,22,18,,5.71,6.07,6.11,5.49,7.11,7.59,,,8.125
2020-02-12 10-59-20,22,19,,5.71,6.07,6.11,5.49,7.11,7.59,8.4,65.638023778,8.125
2020-02-12 10-59-21,23,16,19941,,,,,,,,,5.125
2020-02-12 10-59-21,23,17,,9.89,11.33,10.51,,,,,,5.125
2020-02-12 10-59-21,23,18,,9.89,11.33,10.51,10.27,10.17,9.63,,,8.125
2020-02-12 10-59-21,23,19,,9.89,11.33,10.51,10.27,10.17,9.63,8.65,84.42770001250001,8.125
2020-02-12 10-59-22,25,16,20935,,,,,,,,,5.125
2020-02-12 10-59-22,25,17,,8.75,9.75,7.29,,,,,,5.125
2020-02-12 10-59-22,25,18,,8.75,9.75,7.29,8.51,6.53,6.17,,,8.125
2020-02-12 10-59-22,25,19,,8.75,9.75,7.29,8.51,6.53,6.17,6.8,104.4190331125,8.125
