Date,NodeID,FrameID,MeasurementCounter,PlantTemp1,PlantTemp2,PlantTemp3,PlantTemp4,PlantTemp5,PlantTemp6,AirTempLoc,Humidity,AirTemp
2020-01-28 13-00-14,10,16,29640,,,,,,,,,4.75
2020-01-28 13-00-14,10,17,,67.28,112.82,120.31,,,,,,4.75
2020-01-28 13-00-14,10,18,,67.28,112.82,120.31,43.3,40.95,40.96,,,6.375
2020-01-28 13-00-15,11,16,1790,,,,,,,,,4.75
2020-01-28 13-00-15,11,17,,10.27,9.33,9.61,,,,,,4.75
2020-01-28 13-00-15,11,18,,10.27,9.33,9.61,9.67,9.53,9.53,,,6.375
2020-01-28 13-00-15,11,19,,10.27,9.33,9.61,9.67,9.53,9.53,-39.389999999999986,-2.0462,6.375
2020-01-28 13-00-15,12,16,8400,,,,,,,,,4.75
2020-01-28 13-00-15,12,17,,6.07,5.67,6.53,,,,,,4.75
2020-01-28 13-00-15,12,18,,6.07,5.67,6.53,6.69,7.19,6.73,,,6.375
2020-01-28 13-00-15,12,19,,6.07,5.67,6.53,6.69,7.19,6.73,6.62,56.48249319200001,6.375
2020-01-28 13-00-16,13,16,9355,,,,,,,,,4.75
2020-01-28 13-00-16,13,17,,7.83,7.95,7.29,,,,,,4.75
2020-01-28 13-00-16,13,18,,7.83,7.95,7.29,7.29,7.47,6.39,,,6.375
2020-01-28 13-00-16,13,19,,7.83,7.95,7.29,7.29,7.47,6.39,6.82,97.43412634450002,6.375
2020-01-28 13-00-16,14,16,8279,,,,,,,,,4.75
2020-01-28 13-00-16,14,17,,5.85,7.61,7.79,,,,,,4.75
2020-01-28 13-00-16,14,18,,5.85,7.61,7.79,7.83,6.75,7.29,,,6.375
2020-01-28 13-00-16,14,19,,5.85,7.61,7.79,7.83,6.75,7.29,6.72,98.81735156450002,6.375
2020-01-28 13-00-17,15,16,0,,,,,,,,,4.75
2020-01-28 13-00-17,15,17,,0.0,0.0,0.0,,,,,,4.75
2020-01-28 13-00-17,15,18,,0.0,0.0,0.0,0.0,0.0,0.0,,,6.375
2020-01-28 13-00-17,15,19,,0.0,0.0,0.0,0.0,0.0,0.0,0.0,-2.0462,6.375
2020-01-28 13-00-17,16,16,1772,,,,,,,,,4.75
2020-01-28 13-00-17,16,17,,6.53,5.73,5.37,,,,,,4.75
2020-01-28 13-00-17,16,18,,6.53,5.73,5.37,6.43,5.71,6.61,,,6.375
2020-01-28 13-00-17,16,19,,6.53,5.73,5.37,6.43,5.71,6.61,6.28,101.9764786445,6.375
2020-01-28 13-00-18,17,16,1785,,,,,,,,,4.75
2020-01-28 13-00-18,17,17,,7.15,8.19,7.23,,,,,,4.75
2020-01-28 13-00-18,17,18,,7.15,8.19,7.23,6.03,7.01,7.15,,,6.375
2020-01-28 13-00-18,17,19,,7.15,8.19,7.23,6.03,7.01,7.15,6.96,105.14115230050001,6.375
2020-01-28 13-00-18,18,16,1777,,,,,,,,,4.75
2020-01-28 13-00-18,18,17,,7.09,6.93,5.95,,,,,,4.75
2020-01-28 13-00-18,18,18,,7.09,6.93,5.95,6.39,6.87,6.39,,,6.375
2020-01-28 13-00-18,18,19,,7.09,6.93,5.95,6.39,6.87,6.39,6.28,104.4190331125,6.375
2020-01-28 13-00-19,19,16,8406,,,,,,,,,4.75
2020-01-28 13-00-19,19,17,,7.55,6.93,7.33,,,,,,4.75
2020-01-28 13-00-19,19,18,,7.55,6.93,7.33,8.19,8.19,7.27,,,6.375
2020-01-28 13-00-19,19,19,,7.55,6.93,7.33,8.19,8.19,7.27,6.2,20.926888712000004,6.375
2020-01-28 13-00-19,20,16,30525,,,,,,,,,4.75
2020-01-28 13-00-19,20,17,,-327.67,-327.67,-327.67,,,,,,4.75
2020-01-28 13-00-19,20,18,,-327.67,-327.67,-327.67,-327.67,-327.67,-327.67,,,6.375
2020-01-28 13-00-19,20,19,,-327.67,-327.67,-327.67,-327.67,-327.67,-327.67,7.02,106.3220598845,6.375
2020-01-28 13-00-20,21,16,9354,,,,,,,,,4.75
2020-01-28 13-00-20,21,17,,7.15,6.93,6.43,,,,,,4.75
2020-01-28 13-00-20,21,18,,7.15,6.93,6.43,7.23,6.73,7.05,,,6.375
2020-01-28 13-00-20,21,19,,7.15,6.93,6.43,7.23,6.73,7.05,6.51,97.00678268050001,6.375
2020-01-28 13-00-20,22,16,8372,,,,,,,,,4.75
2020-01-28 13-00-20,22,17,,6.25,6.47,5.93,,,,,,4.75
2020-01-28 13-00-20,22,18,,6.25,6.47,5.93,5.85,6.51,5.51,,,6.375
2020-01-28 13-00-20,22,19,,6.25,6.47,5.93,5.85,6.51,5.51,6.16,84.2020300205,6.375
2020-01-28 13-00-21,23,16,1792,,,,,,,,,4.75
2020-01-28 13-00-21,23,17,,6.47,7.29,7.41,,,,,,4.75
2020-01-28 13-00-21,23,18,,6.47,7.29,7.41,6.97,7.41,6.79,,,6.375
2020-01-28 13-00-21,23,19,,6.47,7.29,7.41,6.97,7.41,6.79,6.42,100.7183418605,6.375
2020-01-28 13-00-22,25,16,8391,,,,,,,,,4.75
2020-01-28 13-00-22,25,17,,5.59,6.93,7.27,,,,,,4.75
2020-01-28 13-00-22,25,18,,5.59,6.93,7.27,6.57,7.11,6.57,,,6.375
2020-01-28 13-00-22,25,19,,5.59,6.93,7.27,6.57,7.11,6.57,5.5,85.88957700050001,6.375
2020-01-28 13-01-14,10,16,29641,,,,,,,,,4.75
2020-01-28 13-01-14,10,17,,116.98,123.65,126.02,,,,,,4.75
2020-01-28 13-01-14,10,18,,116.98,123.65,126.02,43.29,40.95,40.96,,,6.375
2020-01-28 13-01-15,11,16,1791,,,,,,,,,4.75
2020-01-28 13-01-15,11,17,,9.71,9.61,9.25,,,,,,4.75
2020-01-28 13-01-15,11,18,,9.71,9.61,9.25,9.35,8.93,9.21,,,6.375
2020-01-28 13-01-15,11,19,,9.71,9.61,9.25,9.35,8.93,9.21,-39.389999999999986,-2.0462,6.375
2020-01-28 13-01-15,12,16,8401,,,,,,,,,4.75
2020-01-28 13-01-15,12,17,,6.21,5.71,6.53,,,,,,4.75
2020-01-28 13-01-15,12,18,,6.21,5.71,6.53,6.51,6.97,6.87,,,6.375
2020-01-28 13-01-15,12,19,,6.21,5.71,6.53,6.51,6.97,6.87,6.52,56.66962805000001,6.375
2020-01-28 13-01-16,13,16,9356,,,,,,,,,4.75
2020-01-28 13-01-16,13,17,,8.09,7.73,7.27,,,,,,4.75
2020-01-28 13-01-16,13,18,,8.09,7.73,7.27,6.87,6.97,6.79,,,6.375
2020-01-28 13-01-16,13,19,,8.09,7.73,7.27,6.87,6.97,6.79,6.78,97.2205566245,6.375
2020-01-28 13-01-16,14,16,8280,,,,,,,,,4.75
2020-01-28 13-01-16,14,17,,6.61,7.79,7.77,,,,,,4.75
2020-01-28 13-01-16,14,18,,6.61,7.79,7.77,7.91,7.05,7.33,,,6.375
2020-01-28 13-01-16,14,19,,6.61,7.79,7.77,7.91,7.05,7.33,6.67,98.7643101445,6.375
2020-01-28 13-01-17,15,16,0,,,,,,,,,4.75
2020-01-28 13-01-17,15,17,,0.0,0.0,0.0,,,,,,4.75
2020-01-28 13-01-17,15,18,,0.0,0.0,0.0,0.0,0.0,0.0,,,6.375
2020-01-28 13-01-17,15,19,,0.0,0.0,0.0,0.0,0.0,0.0,0.0,-2.0462,6.375
2020-01-28 13-01-17,16,16,1773,,,,,,,,,4.75
2020-01-28 13-01-17,16,17,,6.43,6.73,5.07,,,,,,4.75
2020-01-28 13-01-17,16,18,,6.43,6.73,5.07,5.89,6.03,5.99,,,6.375
2020-01-28 13-01-17,16,19,,6.43,6.73,5.07,5.89,6.03,5.99,6.29,101.7149731045,6.375
2020-01-28 13-01-18,17,16,1786,,,,,,,,,4.75
2020-01-28 13-01-18,17,17,,7.27,7.61,6.69,,,,,,4.75
2020-01-28 13-01-18,17,18,,7.27,7.61,6.69,5.81,6.69,6.93,,,6.375
2020-01-28 13-01-18,17,19,,7.27,7.61,6.69,5.81,6.69,6.93,6.79,105.14115230050001,6.375
2020-01-28 13-01-18,18,16,1778,,,,,,,,,4.75
2020-01-28 13-01-18,18,17,,6.69,6.57,5.99,,,,,,4.75
2020-01-28 13-01-18,18,18,,6.69,6.57,5.99,5.77,6.47,6.21,,,6.375
2020-01-28 13-01-18,18,19,,6.69,6.57,5.99,5.77,6.47,6.21,6.26,104.1605271125,6.375
2020-01-28 13-01-19,19,16,8407,,,,,,,,,4.75
2020-01-28 13-01-19,19,17,,7.29,6.91,7.23,,,,,,4.75
2020-01-28 13-01-19,19,18,,7.29,6.91,7.23,7.59,8.15,7.29,,,6.375
2020-01-28 13-01-19,19,19,,7.29,6.91,7.23,7.59,8.15,7.29,6.12,23.206508450000005,6.375
2020-01-28 13-01-19,20,16,30526,,,,,,,,,4.75
2020-01-28 13-01-19,20,17,,-327.67,-327.67,-327.67,,,,,,4.75
2020-01-28 13-01-19,20,18,,-327.67,-327.67,-327.67,-327.67,-327.67,-327.67,,,6.375
2020-01-28 13-01-19,20,19,,-327.67,-327.67,-327.67,-327.67,-327.67,-327.67,6.96,106.2196403125,6.375
2020-01-28 13-01-20,21,16,9355,,,,,,,,,4.75
2020-01-28 13-01-20,21,17,,6.69,6.93,6.53,,,,,,4.75
2020-01-28 13-01-20,21,18,,6.69,6.93,6.53,7.65,6.53,7.01,,,6.375
2020-01-28 13-01-20,21,19,,6.69,6.93,6.53,7.65,6.53,7.01,6.49,96.95330728450001,6.375
2020-01-28 13-01-20,22,16,8373,,,,,,,,,4.75
2020-01-28 13-01-20,22,17,,6.07,6.51,5.95,,,,,,4.75
2020-01-28 13-01-20,22,18,,6.07,6.51,5.95,5.55,6.61,5.49,,,6.375
2020-01-28 13-01-20,22,19,,6.07,6.51,5.95,5.55,6.61,5.49,6.16,84.17380691200002,6.375
2020-01-28 13-01-21,23,16,1793,,,,,,,,,4.75
2020-01-28 13-01-21,23,17,,6.29,7.59,7.15,,,,,,4.75
2020-01-28 13-01-21,23,18,,6.29,7.59,7.15,7.05,7.37,6.75,,,6.375
2020-01-28 13-01-21,23,19,,6.29,7.59,7.15,7.05,7.37,6.75,6.38,100.56055782050001,6.375
2020-01-28 13-01-22,25,16,8392,,,,,,,,,4.75
2020-01-28 13-01-22,25,17,,5.67,6.69,7.15,,,,,,4.75
2020-01-28 13-01-22,25,18,,5.67,6.69,7.15,6.61,6.93,6.79,,,6.375
2020-01-28 13-01-22,25,19,,5.67,6.69,7.15,6.61,6.93,6.79,5.52,85.9456307245,6.375
2020-01-28 13-02-14,10,16,29642,,,,,,,,,4.687
2020-01-28 13-02-14,10,17,,122.97,126.26,126.74,,,,,,4.687
2020-01-28 13-02-14,10,18,,122.97,126.26,126.74,43.3,40.95,40.96,,,6.375
2020-01-28 13-02-14,11,16,1792,,,,,,,,,4.687
2020-01-28 13-02-14,11,17,,9.07,9.71,10.33,,,,,,4.687
2020-01-28 13-02-14,11,18,,9.07,9.71,10.33,9.33,9.21,9.75,,,6.375
2020-01-28 13-02-14,11,19,,9.07,9.71,10.33,9.33,9.21,9.75,-39.389999999999986,-2.0462,6.375
2020-01-28 13-02-15,12,16,8402,,,,,,,,,4.687
2020-01-28 13-02-15,12,17,,5.99,5.67,6.65,,,,,,4.687
2020-01-28 13-02-15,12,18,,5.99,5.67,6.65,6.39,7.09,6.65,,,6.375
2020-01-28 13-02-15,12,19,,5.99,5.67,6.65,6.39,7.09,6.65,6.43,56.700806024500004,6.375
2020-01-28 13-02-15,13,16,9357,,,,,,,,,4.687
2020-01-28 13-02-15,13,17,,7.83,8.23,7.27,,,,,,4.687
2020-01-28 13-02-15,13,18,,7.83,8.23,7.27,6.73,6.87,6.61,,,6.375
2020-01-28 13-02-15,13,19,,7.83,8.23,7.27,6.73,6.87,6.61,6.75,97.14041532800002,6.375
2020-01-28 13-02-16,14,16,8281,,,,,,,,,4.687
2020-01-28 13-02-16,14,17,,6.11,7.87,7.83,,,,,,4.687
2020-01-28 13-02-16,14,18,,6.11,7.87,7.83,7.51,7.05,7.09,,,6.375
2020-01-28 13-02-16,14,19,,6.11,7.87,7.83,7.51,7.05,7.09,6.63,98.6581890125,6.375
2020-01-28 13-02-16,15,16,0,,,,,,,,,4.687
2020-01-28 13-02-16,15,17,,0.0,0.0,0.0,,,,,,4.687
2020-01-28 13-02-16,15,18,,0.0,0.0,0.0,0.0,0.0,0.0,,,6.375
2020-01-28 13-02-16,15,19,,0.0,0.0,0.0,0.0,0.0,0.0,0.0,-2.0462,6.375
2020-01-28 13-02-17,16,16,1774,,,,,,,,,4.687
2020-01-28 13-02-17,16,17,,6.25,6.29,5.45,,,,,,4.687
2020-01-28 13-02-17,16,18,,6.25,6.29,5.45,6.53,5.93,6.33,,,6.375
2020-01-28 13-02-17,16,19,,6.25,6.29,5.45,6.53,5.93,6.33,6.21,101.66263370450001,6.375
2020-01-28 13-02-17,17,16,1787,,,,,,,,,4.687
2020-01-28 13-02-17,17,17,,6.91,7.95,6.79,,,,,,4.687
2020-01-28 13-02-17,17,18,,6.91,7.95,6.79,5.73,6.69,6.93,,,6.375
2020-01-28 13-02-17,17,19,,6.91,7.95,6.79,5.73,6.69,6.93,6.9,104.52234616450001,6.375
2020-01-28 13-02-18,18,16,1779,,,,,,,,,4.687
2020-01-28 13-02-18,18,17,,6.75,6.97,6.13,,,,,,4.687
2020-01-28 13-02-18,18,18,,6.75,6.97,6.13,6.03,7.01,6.03,,,6.375
2020-01-28 13-02-18,18,19,,6.75,6.97,6.13,6.03,7.01,6.03,6.2,104.238112418,6.375
2020-01-28 13-02-18,19,16,8408,,,,,,,,,4.687
2020-01-28 13-02-18,19,17,,7.19,7.15,7.41,,,,,,4.687
2020-01-28 13-02-18,19,18,,7.19,7.15,7.41,7.65,7.91,7.51,,,6.375
2020-01-28 13-02-18,19,19,,7.19,7.15,7.41,7.65,7.91,7.51,6.07,25.266828050000004,6.375
2020-01-28 13-02-19,20,16,30527,,,,,,,,,4.687
2020-01-28 13-02-19,20,17,,-327.67,-327.67,-327.67,,,,,,4.687
2020-01-28 13-02-19,20,18,,-327.67,-327.67,-327.67,-327.67,-327.67,-327.67,,,6.375
2020-01-28 13-02-19,20,19,,-327.67,-327.67,-327.67,-327.67,-327.67,-327.67,6.93,106.14279212800001,6.375
2020-01-28 13-02-19,21,16,9356,,,,,,,,,4.687
2020-01-28 13-02-19,21,17,,7.05,7.11,6.51,,,,,,4.687
2020-01-28 13-02-19,21,18,,7.05,7.11,6.51,7.27,6.87,7.33,,,6.375
2020-01-28 13-02-19,21,19,,7.05,7.11,6.51,7.27,6.87,7.33,6.4,96.819562952,6.375
2020-01-28 13-02-20,22,16,8374,,,,,,,,,4.687
2020-01-28 13-02-20,22,17,,6.21,6.75,5.73,,,,,,4.687
2020-01-28 13-02-20,22,18,,6.21,6.75,5.73,5.67,6.43,5.71,,,6.375
2020-01-28 13-02-20,22,19,,6.21,6.75,5.73,5.67,6.43,5.71,6.12,84.17380691200002,6.375
2020-01-28 13-02-20,23,16,1794,,,,,,,,,4.687
2020-01-28 13-02-20,23,17,,6.17,7.37,7.55,,,,,,4.687
2020-01-28 13-02-20,23,18,,6.17,7.37,7.55,7.09,7.15,6.51,,,6.375
2020-01-28 13-02-20,23,19,,6.17,7.37,7.55,7.09,7.15,6.51,6.32,100.4553046405,6.375
2020-01-28 13-02-21,25,16,8393,,,,,,,,,4.687
2020-01-28 13-02-21,25,17,,5.77,6.97,7.55,,,,,,4.687
2020-01-28 13-02-21,25,18,,5.77,6.97,7.55,6.57,6.83,6.25,,,6.375
2020-01-28 13-02-21,25,19,,5.77,6.97,7.55,6.57,6.83,6.25,5.44,85.9456307245,6.375
2020-01-28 13-03-14,10,16,29643,,,,,,,,,4.687
2020-01-28 13-03-14,10,17,,60.85,110.06,119.01,,,,,,4.687
2020-01-28 13-03-14,10,18,,60.85,110.06,119.01,43.25,40.95,40.96,,,6.437
2020-01-28 13-03-14,11,16,1793,,,,,,,,,4.687
2020-01-28 13-03-14,11,17,,9.99,9.95,10.05,,,,,,4.687
2020-01-28 13-03-14,11,18,,9.99,9.95,10.05,9.57,9.91,9.75,,,6.437
2020-01-28 13-03-14,11,19,,9.99,9.95,10.05,9.57,9.91,9.75,-39.389999999999986,-2.0462,6.437
2020-01-28 13-03-15,12,16,8403,,,,,,,,,4.687
2020-01-28 13-03-15,12,17,,6.25,5.67,6.75,,,,,,4.687
2020-01-28 13-03-15,12,18,,6.25,5.67,6.75,6.57,7.05,6.79,,,6.437
2020-01-28 13-03-15,12,19,,6.25,5.67,6.75,6.57,7.05,6.79,6.56,56.731980808,6.437
2020-01-28 13-03-15,13,16,9358,,,,,,,,,4.687
2020-01-28 13-03-15,13,17,,8.19,8.15,7.37,,,,,,4.687
2020-01-28 13-03-15,13,18,,8.19,8.15,7.37,6.87,6.91,6.51,,,6.437
2020-01-28 13-03-15,13,19,,8.19,8.15,7.37,6.87,6.91,6.51,6.8,97.1136951805,6.437
2020-01-28 13-03-16,14,16,8282,,,,,,,,,4.687
2020-01-28 13-03-16,14,17,,6.11,7.79,8.19,,,,,,4.687
2020-01-28 13-03-16,14,18,,6.11,7.79,8.19,8.05,7.33,7.47,,,6.437
2020-01-28 13-03-16,14,19,,6.11,7.79,8.19,8.05,7.33,7.47,6.72,98.6051093005,6.437
2020-01-28 13-03-16,15,16,0,,,,,,,,,4.687
2020-01-28 13-03-17,15,17,,0.0,0.0,0.0,,,,,,4.687
2020-01-28 13-03-17,15,18,,0.0,0.0,0.0,0.0,0.0,0.0,,,6.437
2020-01-28 13-03-17,15,19,,0.0,0.0,0.0,0.0,0.0,0.0,0.0,-2.0462,6.437
2020-01-28 13-03-17,16,16,1775,,,,,,,,,4.687
2020-01-28 13-03-17,16,17,,5.77,6.29,5.37,,,,,,4.687
2020-01-28 13-03-17,16,18,,5.77,6.29,5.37,6.75,5.95,6.35,,,6.437
2020-01-28 13-03-17,16,19,,5.77,6.29,5.37,6.75,5.95,6.35,6.29,101.66263370450001,6.437
2020-01-28 13-03-18,17,16,1788,,,,,,,,,4.687
2020-01-28 13-03-18,17,17,,7.15,8.05,6.91,,,,,,4.687
2020-01-28 13-03-18,17,18,,7.15,8.05,6.91,5.85,6.39,6.97,,,6.437
2020-01-28 13-03-18,17,19,,7.15,8.05,6.91,5.85,6.39,6.97,7.01,104.8835397805,6.437
2020-01-28 13-03-18,18,16,1780,,,,,,,,,4.687
2020-01-28 13-03-18,18,17,,7.19,6.91,5.99,,,,,,4.687
2020-01-28 13-03-18,18,18,,7.19,6.91,5.99,6.29,6.75,6.21,,,6.437
2020-01-28 13-03-18,18,19,,7.19,6.91,5.99,6.29,6.75,6.21,6.28,104.21225384050001,6.437
2020-01-28 13-03-19,19,16,8409,,,,,,,,,4.687
2020-01-28 13-03-19,19,17,,7.29,7.15,7.47,,,,,,4.687
2020-01-28 13-03-19,19,18,,7.29,7.15,7.47,8.15,8.19,7.97,,,6.437
2020-01-28 13-03-19,19,19,,7.29,7.15,7.47,8.15,8.19,7.97,6.11,25.369542480500005,6.437
2020-01-28 13-03-19,20,16,30528,,,,,,,,,4.687
2020-01-28 13-03-19,20,17,,-327.67,-327.67,-327.67,,,,,,4.687
2020-01-28 13-03-19,20,18,,-327.67,-327.67,-327.67,-327.67,-327.67,-327.67,,,6.437
2020-01-28 13-03-19,20,19,,-327.67,-327.67,-327.67,-327.67,-327.67,-327.67,7.02,105.96336801250001,6.437
2020-01-28 13-03-20,21,16,9357,,,,,,,,,4.687
2020-01-28 13-03-20,21,17,,6.97,7.11,6.53,,,,,,4.687
2020-01-28 13-03-20,21,18,,6.97,7.11,6.53,7.45,6.79,7.29,,,6.437
2020-01-28 13-03-20,21,19,,6.97,7.11,6.53,7.45,6.79,7.29,6.53,96.76604288200001,6.437
2020-01-28 13-03-20,22,16,8375,,,,,,,,,4.687
2020-01-28 13-03-20,22,17,,6.03,6.51,5.93,,,,,,4.687
2020-01-28 13-03-20,22,18,,6.03,6.51,5.93,5.29,6.69,5.77,,,6.437
2020-01-28 13-03-20,22,19,,6.03,6.51,5.93,5.29,6.69,5.77,6.2,84.2020300205,6.437
2020-01-28 13-03-21,23,16,1795,,,,,,,,,4.687
2020-01-28 13-03-21,23,17,,6.53,7.59,7.77,,,,,,4.687
2020-01-28 13-03-21,23,18,,6.53,7.59,7.77,7.55,7.69,7.11,,,6.437
2020-01-28 13-03-21,23,19,,6.53,7.59,7.77,7.55,7.69,7.11,6.4,100.40265890450002,6.437
2020-01-28 13-03-22,25,16,8394,,,,,,,,,4.687
2020-01-28 13-03-22,25,17,,5.41,7.11,7.33,,,,,,4.687
2020-01-28 13-03-22,25,18,,5.41,7.11,7.33,6.75,6.13,6.53,,,6.437
2020-01-28 13-03-22,25,19,,5.41,7.11,7.33,6.75,6.13,6.53,5.46,85.97365280000001,6.437
2020-01-28 13-04-14,10,16,29644,,,,,,,,,4.687
2020-01-28 13-04-14,10,17,,127.56,128.14,128.05,,,,,,4.687
2020-01-28 13-04-14,10,18,,127.56,128.14,128.05,43.3,40.95,40.96,,,6.375
2020-01-28 13-04-15,11,16,1794,,,,,,,,,4.687
2020-01-28 13-04-15,11,17,,9.53,9.75,9.89,,,,,,4.687
2020-01-28 13-04-15,11,18,,9.53,9.75,9.89,9.67,9.21,9.39,,,6.375
2020-01-28 13-04-15,11,19,,9.53,9.75,9.89,9.67,9.21,9.39,-39.389999999999986,-2.0462,6.375
2020-01-28 13-04-15,12,16,8404,,,,,,,,,4.687
2020-01-28 13-04-15,12,17,,6.13,5.77,6.35,,,,,,4.687
2020-01-28 13-04-15,12,18,,6.13,5.77,6.35,6.17,6.97,6.93,,,6.375
2020-01-28 13-04-15,12,19,,6.13,5.77,6.35,6.17,6.97,6.93,6.57,56.731980808,6.375
2020-01-28 13-04-16,13,16,9359,,,,,,,,,4.687
2020-01-28 13-04-16,13,17,,8.01,8.33,7.37,,,,,,4.687
2020-01-28 13-04-16,13,18,,8.01,8.33,7.37,7.11,6.87,6.93,,,6.375
2020-01-28 13-04-16,13,19,,8.01,8.33,7.37,7.11,6.87,6.93,6.78,96.95330728450001,6.375
2020-01-28 13-04-16,14,16,8283,,,,,,,,,4.687
2020-01-28 13-04-16,14,17,,6.35,8.09,7.65,,,,,,4.687
2020-01-28 13-04-16,14,18,,6.35,8.09,7.65,7.87,6.87,7.19,,,6.375
2020-01-28 13-04-16,14,19,,6.35,8.09,7.65,7.87,6.87,7.19,6.69,98.419229792,6.375
2020-01-28 13-04-17,15,16,0,,,,,,,,,4.687
2020-01-28 13-04-17,15,17,,0.0,0.0,0.0,,,,,,4.687
2020-01-28 13-04-17,15,18,,0.0,0.0,0.0,0.0,0.0,0.0,,,6.375
2020-01-28 13-04-17,15,19,,0.0,0.0,0.0,0.0,0.0,0.0,0.0,-2.0462,6.375
2020-01-28 13-04-17,16,16,1776,,,,,,,,,4.687
2020-01-28 13-04-17,16,17,,5.99,5.85,5.99,,,,,,4.687
2020-01-28 13-04-17,16,18,,5.99,5.85,5.99,6.47,5.71,6.43,,,6.375
2020-01-28 13-04-17,16,19,,5.99,5.85,5.99,6.47,5.71,6.43,6.32,101.29590051250001,6.375
2020-01-28 13-04-18,17,16,1789,,,,,,,,,4.687
2020-01-28 13-04-18,17,17,,7.01,8.15,6.79,,,,,,4.687
2020-01-28 13-04-18,17,18,,7.01,8.15,6.79,5.63,6.91,7.15,,,6.375
2020-01-28 13-04-18,17,19,,7.01,8.15,6.79,5.63,6.91,7.15,7.03,104.57398354450001,6.375
2020-01-28 13-04-18,18,16,1781,,,,,,,,,4.687
2020-01-28 13-04-18,18,17,,6.79,6.79,6.35,,,,,,4.687
2020-01-28 13-04-18,18,18,,6.79,6.79,6.35,5.99,6.73,6.53,,,6.375
2020-01-28 13-04-18,18,19,,6.79,6.79,6.35,5.99,6.73,6.53,6.2,103.69441218050001,6.375
2020-01-28 13-04-19,19,16,8410,,,,,,,,,4.687
2020-01-28 13-04-19,19,17,,7.45,7.15,7.37,,,,,,4.687
2020-01-28 13-04-19,19,18,,7.45,7.15,7.37,8.01,8.13,7.65,,,6.375
2020-01-28 13-04-19,19,19,,7.45,7.15,7.37,8.01,8.13,7.65,6.19,27.996051250000004,6.375
2020-01-28 13-04-19,20,16,30529,,,,,,,,,4.687
2020-01-28 13-04-19,20,17,,-327.67,-327.67,-327.67,,,,,,4.687
2020-01-28 13-04-19,20,18,,-327.67,-327.67,-327.67,-327.67,-327.67,-327.67,,,6.375
2020-01-28 13-04-19,20,19,,-327.67,-327.67,-327.67,-327.67,-327.67,-327.67,7.07,105.7581204205,6.375
2020-01-28 13-04-20,21,16,9358,,,,,,,,,4.687
2020-01-28 13-04-20,21,17,,7.27,7.23,6.43,,,,,,4.687
2020-01-28 13-04-20,21,18,,7.27,7.23,6.43,6.93,6.47,7.51,,,6.375
2020-01-28 13-04-20,21,19,,7.27,7.23,6.43,6.93,6.47,7.51,6.48,96.65896445000001,6.375
2020-01-28 13-04-20,22,16,8376,,,,,,,,,4.687
2020-01-28 13-04-20,22,17,,6.69,6.51,6.25,,,,,,4.687
2020-01-28 13-04-20,22,18,,6.69,6.51,6.25,6.33,6.65,5.55,,,6.375
2020-01-28 13-04-20,22,19,,6.69,6.51,6.25,6.33,6.65,5.55,6.22,84.17380691200002,6.375
2020-01-28 13-04-21,23,16,1796,,,,,,,,,4.687
2020-01-28 13-04-21,23,17,,6.53,7.73,7.59,,,,,,4.687
2020-01-28 13-04-21,23,18,,6.53,7.73,7.59,7.37,7.15,6.93,,,6.375
2020-01-28 13-04-21,23,19,,6.53,7.73,7.59,7.37,7.15,6.93,6.46,100.323666368,6.375
2020-01-28 13-04-22,25,16,8395,,,,,,,,,4.687
2020-01-28 13-04-22,25,17,,5.71,6.69,6.97,,,,,,4.687
2020-01-28 13-04-22,25,18,,5.71,6.69,6.97,6.51,6.51,6.65,,,6.375
2020-01-28 13-04-22,25,19,,5.71,6.69,6.97,6.51,6.51,6.65,5.49,86.00167168450001,6.375
2020-01-28 13-05-14,10,16,29645,,,,,,,,,4.687
2020-01-28 13-05-14,10,17,,94.74,123.7,124.81,,,,,,4.687
2020-01-28 13-05-14,10,18,,94.74,123.7,124.81,43.28,40.95,40.96,,,6.437
2020-01-28 13-05-15,11,16,1795,,,,,,,,,4.687
2020-01-28 13-05-15,11,17,,10.03,9.61,9.61,,,,,,4.687
2020-01-28 13-05-15,11,18,,10.03,9.61,9.61,9.29,9.47,9.47,,,6.437
2020-01-28 13-05-15,11,19,,10.03,9.61,9.61,9.29,9.47,9.47,-39.389999999999986,-2.0462,6.437
2020-01-28 13-05-15,12,16,8405,,,,,,,,,4.687
2020-01-28 13-05-15,12,17,,6.03,6.03,6.65,,,,,,4.687
2020-01-28 13-05-15,12,18,,6.03,6.03,6.65,6.21,7.15,6.79,,,6.437
2020-01-28 13-05-15,12,19,,6.03,6.03,6.65,6.21,7.15,6.79,6.65,56.66962805000001,6.437
2020-01-28 13-05-16,13,16,9360,,,,,,,,,4.687
2020-01-28 13-05-16,13,17,,8.27,8.15,7.59,,,,,,4.687
2020-01-28 13-05-16,13,18,,8.27,8.15,7.59,7.29,6.91,6.61,,,6.437
2020-01-28 13-05-16,13,19,,8.27,8.15,7.59,7.29,6.91,6.61,6.87,96.79280451250001,6.437
2020-01-28 13-05-16,14,16,8284,,,,,,,,,4.687
2020-01-28 13-05-16,14,17,,6.13,8.13,8.13,,,,,,4.687
2020-01-28 13-05-16,14,18,,6.13,8.13,8.13,8.05,7.59,7.37,,,6.437
2020-01-28 13-05-16,14,19,,6.13,8.13,8.13,8.05,7.59,7.37,6.74,98.33951928050001,6.437
2020-01-28 13-05-17,15,16,0,,,,,,,,,4.687
2020-01-28 13-05-17,15,17,,0.0,0.0,0.0,,,,,,4.687
2020-01-28 13-05-17,15,18,,0.0,0.0,0.0,0.0,0.0,0.0,,,6.437
2020-01-28 13-05-17,15,19,,0.0,0.0,0.0,0.0,0.0,0.0,0.0,-2.0462,6.437
2020-01-28 13-05-17,16,16,1777,,,,,,,,,4.687
2020-01-28 13-05-17,16,17,,6.07,6.35,5.29,,,,,,4.687
2020-01-28 13-05-17,16,18,,6.07,6.35,5.29,6.13,5.93,6.39,,,6.437
2020-01-28 13-05-17,16,19,,6.07,6.35,5.29,6.13,5.93,6.39,6.32,101.007314242,6.437
2020-01-28 13-05-18,17,16,1790,,,,,,,,,4.687
2020-01-28 13-05-18,17,17,,7.19,8.13,6.69,,,,,,4.687
2020-01-28 13-05-18,17,18,,7.19,8.13,6.69,5.73,6.93,7.19,,,6.437
2020-01-28 13-05-18,17,19,,7.19,8.13,6.69,5.73,6.93,7.19,7.1,105.80945146450001,6.437
2020-01-28 13-05-18,18,16,1782,,,,,,,,,4.687
2020-01-28 13-05-18,18,17,,6.91,7.09,6.17,,,,,,4.687
2020-01-28 13-05-18,18,18,,6.91,7.09,6.17,6.11,6.87,6.61,,,6.437
2020-01-28 13-05-18,18,19,,6.91,7.09,6.17,6.11,6.87,6.61,6.26,103.6425578125,6.437
2020-01-28 13-05-19,19,16,8411,,,,,,,,,4.687
2020-01-28 13-05-19,19,17,,7.27,7.29,7.77,,,,,,4.687
2020-01-28 13-05-19,19,18,,7.27,7.29,7.77,8.27,8.15,8.01,,,6.437
2020-01-28 13-05-19,19,19,,7.27,7.29,7.77,8.27,8.15,8.01,6.2,30.569897042,6.437
2020-01-28 13-05-19,20,16,30530,,,,,,,,,4.687
2020-01-28 13-05-19,20,17,,-327.67,-327.67,-327.67,,,,,,4.687
2020-01-28 13-05-19,20,18,,-327.67,-327.67,-327.67,-327.67,-327.67,-327.67,,,6.437
2020-01-28 13-05-19,20,19,,-327.67,-327.67,-327.67,-327.67,-327.67,-327.67,7.16,105.6554200405,6.437
2020-01-28 13-05-20,21,16,9359,,,,,,,,,4.687
2020-01-28 13-05-20,21,17,,7.37,7.09,6.61,,,,,,4.687
2020-01-28 13-05-20,21,18,,7.37,7.09,6.61,7.47,6.83,7.15,,,6.437
2020-01-28 13-05-20,21,19,,7.37,7.09,6.61,7.47,6.83,7.15,6.52,96.5250446125,6.437
2020-01-28 13-05-20,22,16,8377,,,,,,,,,4.687
2020-01-28 13-05-20,22,17,,6.35,6.65,6.25,,,,,,4.687
2020-01-28 13-05-20,22,18,,6.35,6.65,6.25,6.03,6.61,5.71,,,6.437
2020-01-28 13-05-20,22,19,,6.35,6.65,6.25,6.03,6.61,5.71,6.28,84.1455806125,6.437
2020-01-28 13-05-21,23,16,1797,,,,,,,,,4.687
2020-01-28 13-05-21,23,17,,6.57,7.73,7.59,,,,,,4.687
2020-01-28 13-05-21,23,18,,6.57,7.73,7.59,7.69,7.15,7.19,,,6.437
2020-01-28 13-05-21,23,19,,6.57,7.73,7.59,7.69,7.15,7.19,6.53,100.0337813605,6.437
2020-01-28 13-05-22,25,16,8396,,,,,,,,,4.687
2020-01-28 13-05-22,25,17,,5.49,6.79,7.33,,,,,,4.687
2020-01-28 13-05-22,25,18,,5.49,6.79,7.33,7.15,7.11,6.83,,,6.437
2020-01-28 13-05-22,25,19,,5.49,6.79,7.33,7.15,7.11,6.83,5.46,86.029687378,6.437
2020-01-28 13-06-14,10,16,29646,,,,,,,,,4.625
2020-01-28 13-06-14,10,17,,60.76,109.92,119.1,,,,,,4.625
2020-01-28 13-06-14,10,18,,60.76,109.92,119.1,43.3,40.95,40.96,,,6.437
2020-01-28 13-06-15,11,16,1796,,,,,,,,,4.625
2020-01-28 13-06-15,11,17,,9.49,9.57,9.33,,,,,,4.625
2020-01-28 13-06-15,11,18,,9.49,9.57,9.33,8.83,8.93,8.87,,,6.437
2020-01-28 13-06-15,11,19,,9.49,9.57,9.33,8.83,8.93,8.87,-39.389999999999986,-2.0462,6.437
2020-01-28 13-06-15,12,16,8406,,,,,,,,,4.625
2020-01-28 13-06-15,12,17,,6.17,5.93,6.57,,,,,,4.625
2020-01-28 13-06-15,12,18,,6.17,5.93,6.57,6.43,7.11,6.73,,,6.437
2020-01-28 13-06-15,12,19,,6.17,5.93,6.57,6.43,7.11,6.73,6.58,56.700806024500004,6.437
2020-01-28 13-06-16,13,16,9361,,,,,,,,,4.625
2020-01-28 13-06-16,13,17,,8.15,8.27,7.65,,,,,,4.625
2020-01-28 13-06-16,13,18,,8.15,8.27,7.65,7.27,7.11,6.79,,,6.437
2020-01-28 13-06-16,13,19,,8.15,8.27,7.65,7.27,7.11,6.79,6.84,96.5250446125,6.437
2020-01-28 13-06-16,14,16,8285,,,,,,,,,4.625
2020-01-28 13-06-16,14,17,,6.57,8.05,7.59,,,,,,4.625
2020-01-28 13-06-16,14,18,,6.57,8.05,7.59,8.27,7.59,7.69,,,6.437
2020-01-28 13-06-16,14,19,,6.57,8.05,7.59,8.27,7.59,7.69,6.79,98.0203900445,6.437
2020-01-28 13-06-17,15,16,0,,,,,,,,,4.625
2020-01-28 13-06-17,15,17,,0.0,0.0,0.0,,,,,,4.625
2020-01-28 13-06-17,15,18,,0.0,0.0,0.0,0.0,0.0,0.0,,,6.437
2020-01-28 13-06-17,15,19,,0.0,0.0,0.0,0.0,0.0,0.0,0.0,-2.0462,6.437
2020-01-28 13-06-17,16,16,1778,,,,,,,,,4.625
2020-01-28 13-06-17,16,17,,6.35,6.57,5.85,,,,,,4.625
2020-01-28 13-06-17,16,18,,6.35,6.57,5.85,6.91,5.93,6.53,,,6.437
2020-01-28 13-06-17,16,19,,6.35,6.57,5.85,6.91,5.93,6.53,6.3,101.1910047245,6.437
2020-01-28 13-06-18,17,16,1791,,,,,,,,,4.625
2020-01-28 13-06-18,17,17,,7.29,8.45,6.83,,,,,,4.625
2020-01-28 13-06-18,17,18,,7.29,8.45,6.83,5.89,6.53,7.41,,,6.437
2020-01-28 13-06-18,17,19,,7.29,8.45,6.83,5.89,6.53,7.41,7.06,104.238112418,6.437
2020-01-28 13-06-18,18,16,1783,,,,,,,,,4.625
2020-01-28 13-06-18,18,17,,6.65,6.79,6.29,,,,,,4.625
2020-01-28 13-06-18,18,18,,6.65,6.79,6.29,5.81,6.97,6.11,,,6.437
2020-01-28 13-06-18,18,19,,6.65,6.79,6.29,5.81,6.97,6.11,6.27,103.8498987005,6.437
2020-01-28 13-06-19,19,16,8412,,,,,,,,,4.625
2020-01-28 13-06-19,19,17,,7.09,6.93,7.65,,,,,,4.625
2020-01-28 13-06-19,19,18,,7.09,6.93,7.65,8.09,8.29,7.65,,,6.437
2020-01-28 13-06-19,19,19,,7.09,6.93,7.65,8.09,8.29,7.65,6.21,31.816282760500002,6.437
2020-01-28 13-06-19,20,16,30531,,,,,,,,,4.625
2020-01-28 13-06-20,20,17,,-327.67,-327.67,-327.67,,,,,,4.625
2020-01-28 13-06-20,20,18,,-327.67,-327.67,-327.67,-327.67,-327.67,-327.67,,,6.437
2020-01-28 13-06-20,20,19,,-327.67,-327.67,-327.67,-327.67,-327.67,-327.67,7.12,105.55266860450001,6.437
2020-01-28 13-06-20,21,16,9360,,,,,,,,,4.625
2020-01-28 13-06-20,21,17,,7.11,7.29,6.39,,,,,,4.625
2020-01-28 13-06-20,21,18,,7.11,7.29,6.39,7.41,7.29,7.15,,,6.437
2020-01-28 13-06-20,21,19,,7.11,7.29,6.39,7.41,7.29,7.15,6.57,96.4178513045,6.437
2020-01-28 13-06-21,22,16,8378,,,,,,,,,4.625
2020-01-28 13-06-21,22,17,,6.61,6.83,6.25,,,,,,4.625
2020-01-28 13-06-21,22,18,,6.61,6.83,6.25,6.13,6.83,5.33,,,6.437
2020-01-28 13-06-21,22,19,,6.61,6.83,6.25,6.13,6.83,5.33,6.28,84.1455806125,6.437
2020-01-28 13-06-21,23,16,1798,,,,,,,,,4.625
2020-01-28 13-06-21,23,17,,6.65,7.83,7.79,,,,,,4.625
2020-01-28 13-06-21,23,18,,6.65,7.83,7.79,7.61,7.59,6.97,,,6.437
2020-01-28 13-06-21,23,19,,6.65,7.83,7.79,7.61,7.59,6.97,6.48,99.74351024200001,6.437
2020-01-28 13-06-22,25,16,8397,,,,,,,,,4.625
2020-01-28 13-06-22,25,17,,5.71,6.87,6.97,,,,,,4.625
2020-01-28 13-06-22,25,18,,5.71,6.87,6.97,5.99,6.97,6.61,,,6.437
2020-01-28 13-06-22,25,19,,5.71,6.87,6.97,5.99,6.97,6.61,5.5,86.05769988050001,6.437
2020-01-28 13-07-15,10,16,29647,,,,,,,,,4.687
2020-01-28 13-07-15,10,17,,77.58,116.35,121.91,,,,,,4.687
2020-01-28 13-07-15,10,18,,77.58,116.35,121.91,43.35,40.95,40.96,,,6.437
2020-01-28 13-07-15,11,16,1797,,,,,,,,,4.687
2020-01-28 13-07-15,11,17,,9.29,9.39,10.57,,,,,,4.687
2020-01-28 13-07-15,11,18,,9.29,9.39,10.57,9.21,9.43,9.67,,,6.437
2020-01-28 13-07-15,11,19,,9.29,9.39,10.57,9.21,9.43,9.67,-39.389999999999986,-2.0462,6.437
2020-01-28 13-07-16,12,16,8407,,,,,,,,,4.687
2020-01-28 13-07-16,12,17,,6.47,5.85,6.53,,,,,,4.687
2020-01-28 13-07-16,12,18,,6.47,5.85,6.53,6.11,7.23,6.97,,,6.437
2020-01-28 13-07-16,12,19,,6.47,5.85,6.53,6.11,7.23,6.97,6.54,56.76315240050001,6.437
2020-01-28 13-07-16,13,16,9362,,,,,,,,,4.687
2020-01-28 13-07-16,13,17,,7.95,8.13,7.61,,,,,,4.687
2020-01-28 13-07-16,13,18,,7.95,8.13,7.61,7.09,6.79,6.69,,,6.437
2020-01-28 13-07-16,13,19,,7.95,8.13,7.61,7.09,6.79,6.69,6.81,96.57862212050001,6.437
2020-01-28 13-07-17,14,16,8286,,,,,,,,,4.687
2020-01-28 13-07-17,14,17,,6.43,8.09,7.65,,,,,,4.687
2020-01-28 13-07-17,14,18,,6.43,8.09,7.65,7.87,7.23,7.47,,,6.437
2020-01-28 13-07-17,14,19,,6.43,8.09,7.65,7.87,7.23,7.47,6.82,97.96715716450001,6.437
2020-01-28 13-07-17,15,16,0,,,,,,,,,4.687
2020-01-28 13-07-17,15,17,,0.0,0.0,0.0,,,,,,4.687
2020-01-28 13-07-17,15,18,,0.0,0.0,0.0,0.0,0.0,0.0,,,6.437
2020-01-28 13-07-17,15,19,,0.0,0.0,0.0,0.0,0.0,0.0,0.0,-2.0462,6.437
2020-01-28 13-07-18,16,16,1779,,,,,,,,,4.687
2020-01-28 13-07-18,16,17,,6.25,6.39,5.67,,,,,,4.687
2020-01-28 13-07-18,16,18,,6.25,6.39,5.67,6.35,6.11,6.51,,,6.437
2020-01-28 13-07-18,16,19,,6.25,6.39,5.67,6.35,6.11,6.51,6.32,101.08605788050001,6.437
2020-01-28 13-07-18,17,16,1792,,,,,,,,,4.687
2020-01-28 13-07-18,17,17,,7.27,7.95,7.15,,,,,,4.687
2020-01-28 13-07-18,17,18,,7.27,7.95,7.15,6.13,6.51,7.01,,,6.437
2020-01-28 13-07-18,17,19,,7.27,7.95,7.15,6.13,6.51,7.01,7.02,104.8061938,6.437
2020-01-28 13-07-19,18,16,1784,,,,,,,,,4.687
2020-01-28 13-07-19,18,17,,6.87,7.11,6.29,,,,,,4.687
2020-01-28 13-07-19,18,18,,6.87,7.11,6.29,6.17,7.11,6.43,,,6.437
2020-01-28 13-07-19,18,19,,6.87,7.11,6.29,6.17,7.11,6.43,6.29,103.97938304800002,6.437
2020-01-28 13-07-19,19,16,8413,,,,,,,,,4.687
2020-01-28 13-07-19,19,17,,7.47,7.33,7.47,,,,,,4.687
2020-01-28 13-07-19,19,18,,7.47,7.33,7.47,8.15,8.41,7.65,,,6.437
2020-01-28 13-07-19,19,19,,7.47,7.33,7.47,8.15,8.41,7.65,6.22,31.9507655005,6.437
2020-01-28 13-07-20,20,16,30532,,,,,,,,,4.687
2020-01-28 13-07-20,20,17,,-327.67,-327.67,-327.67,,,,,,4.687
2020-01-28 13-07-20,20,18,,-327.67,-327.67,-327.67,-327.67,-327.67,-327.67,,,6.437
2020-01-28 13-07-20,20,19,,-327.67,-327.67,-327.67,-327.67,-327.67,-327.67,7.05,105.3984457205,6.437
2020-01-28 13-07-20,21,16,9361,,,,,,,,,4.687
2020-01-28 13-07-20,21,17,,7.23,7.09,6.69,,,,,,4.687
2020-01-28 13-07-20,21,18,,7.23,7.09,6.69,7.19,7.11,7.23,,,6.437
2020-01-28 13-07-20,21,19,,7.23,7.09,6.69,7.19,7.11,7.23,6.57,96.36423550450002,6.437
2020-01-28 13-07-21,22,16,8379,,,,,,,,,4.687
2020-01-28 13-07-21,22,17,,6.69,6.83,6.17,,,,,,4.687
2020-01-28 13-07-21,22,18,,6.69,6.83,6.17,5.95,6.75,5.11,,,6.437
2020-01-28 13-07-21,22,19,,6.69,6.83,6.17,5.95,6.75,5.11,6.3,84.117351122,6.437
2020-01-28 13-07-21,23,16,1799,,,,,,,,,4.687
2020-01-28 13-07-21,23,17,,6.65,7.77,7.47,,,,,,4.687
2020-01-28 13-07-21,23,18,,6.65,7.77,7.47,7.61,7.87,6.93,,,6.437
2020-01-28 13-07-21,23,19,,6.65,7.77,7.47,7.61,7.87,6.93,6.52,99.66427838050001,6.437
2020-01-28 13-07-22,25,16,8398,,,,,,,,,4.687
2020-01-28 13-07-22,25,17,,5.73,7.15,7.69,,,,,,4.687
2020-01-28 13-07-22,25,18,,5.73,7.15,7.69,6.75,6.93,6.75,,,6.437
2020-01-28 13-07-22,25,19,,5.73,7.15,7.69,6.75,6.93,6.75,5.51,86.1137153125,6.437
2020-01-28 13-08-15,10,16,29648,,,,,,,,,4.812
2020-01-28 13-08-15,10,17,,96.38,124.47,124.86,,,,,,4.812
2020-01-28 13-08-15,10,18,,96.38,124.47,124.86,43.33,40.95,40.96,,,6.437
2020-01-28 13-08-15,11,16,1798,,,,,,,,,4.812
2020-01-28 13-08-15,11,17,,10.23,10.19,10.03,,,,,,4.812
2020-01-28 13-08-15,11,18,,10.23,10.19,10.03,9.67,9.75,9.61,,,6.437
2020-01-28 13-08-15,11,19,,10.23,10.19,10.03,9.67,9.75,9.61,-39.389999999999986,-2.0462,6.437
2020-01-28 13-08-16,12,16,8408,,,,,,,,,4.812
2020-01-28 13-08-16,12,17,,6.33,5.89,6.57,,,,,,4.812
2020-01-28 13-08-16,12,18,,6.33,5.89,6.57,6.51,7.41,7.11,,,6.437
2020-01-28 13-08-16,12,19,,6.33,5.89,6.57,6.51,7.41,7.11,6.6,56.700806024500004,6.437
2020-01-28 13-08-16,13,16,9363,,,,,,,,,4.812
2020-01-28 13-08-16,13,17,,8.15,8.09,7.41,,,,,,4.812
2020-01-28 13-08-16,13,18,,8.15,8.09,7.41,7.51,7.33,6.75,,,6.437
2020-01-28 13-08-16,13,19,,8.15,8.09,7.41,7.51,7.33,6.75,6.97,96.68573884450001,6.437
2020-01-28 13-08-17,14,16,8287,,,,,,,,,4.812
2020-01-28 13-08-17,14,17,,6.75,8.15,8.33,,,,,,4.812
2020-01-28 13-08-17,14,18,,6.75,8.15,8.33,8.33,7.37,7.87,,,6.437
2020-01-28 13-08-17,14,19,,6.75,8.15,8.33,8.33,7.37,7.87,6.94,97.96715716450001,6.437
2020-01-28 13-08-17,15,16,0,,,,,,,,,4.812
2020-01-28 13-08-17,15,17,,0.0,0.0,0.0,,,,,,4.812
2020-01-28 13-08-17,15,18,,0.0,0.0,0.0,0.0,0.0,0.0,,,6.437
2020-01-28 13-08-17,15,19,,0.0,0.0,0.0,0.0,0.0,0.0,0.0,-2.0462,6.437
2020-01-28 13-08-18,16,16,1780,,,,,,,,,4.812
2020-01-28 13-08-18,16,17,,6.79,6.61,5.59,,,,,,4.812
2020-01-28 13-08-18,16,18,,6.79,6.61,5.59,6.69,6.11,6.75,,,6.437
2020-01-28 13-08-18,16,19,,6.79,6.61,5.59,6.69,6.11,6.75,6.44,101.0335653125,6.437
2020-01-28 13-08-18,17,16,1793,,,,,,,,,4.812
2020-01-28 13-08-18,17,17,,7.55,8.41,7.27,,,,,,4.812
2020-01-28 13-08-18,17,18,,7.55,8.41,7.27,6.11,7.09,7.23,,,6.437
2020-01-28 13-08-18,17,19,,7.55,8.41,7.27,6.11,7.09,7.23,7.51,104.7288191005,6.437
2020-01-28 13-08-19,18,16,1785,,,,,,,,,4.812
2020-01-28 13-08-19,18,17,,6.79,7.11,6.21,,,,,,4.812
2020-01-28 13-08-19,18,18,,6.79,7.11,6.21,6.21,6.91,6.43,,,6.437
2020-01-28 13-08-19,18,19,,6.79,7.11,6.21,6.21,6.91,6.43,6.34,103.61662584200002,6.437
2020-01-28 13-08-19,19,16,8414,,,,,,,,,4.812
2020-01-28 13-08-19,19,17,,7.33,6.61,7.33,,,,,,4.812
2020-01-28 13-08-19,19,18,,7.33,6.61,7.33,8.29,8.41,7.69,,,6.437
2020-01-28 13-08-19,19,19,,7.33,6.61,7.33,8.29,8.41,7.69,6.36,32.521747552,6.437
2020-01-28 13-08-20,20,16,30533,,,,,,,,,4.812
2020-01-28 13-08-20,20,17,,-327.67,-327.67,-327.67,,,,,,4.812
2020-01-28 13-08-20,20,18,,-327.67,-327.67,-327.67,-327.67,-327.67,-327.67,,,6.437
2020-01-28 13-08-20,20,19,,-327.67,-327.67,-327.67,-327.67,-327.67,-327.67,7.22,105.16689600200002,6.437
2020-01-28 13-08-20,21,16,9362,,,,,,,,,4.812
2020-01-28 13-08-20,21,17,,7.45,7.33,6.79,,,,,,4.812
2020-01-28 13-08-20,21,18,,7.45,7.33,6.79,7.61,7.15,7.37,,,6.437
2020-01-28 13-08-20,21,19,,7.45,7.33,6.79,7.61,7.15,7.37,6.8,96.391045,6.437
2020-01-28 13-08-21,22,16,8380,,,,,,,,,4.812
2020-01-28 13-08-21,22,17,,6.39,6.57,6.29,,,,,,4.812
2020-01-28 13-08-21,22,18,,6.39,6.57,6.29,5.99,6.93,5.93,,,6.437
2020-01-28 13-08-21,22,19,,6.39,6.57,6.29,5.99,6.93,5.93,6.38,84.08911844050002,6.437
2020-01-28 13-08-21,23,16,1800,,,,,,,,,4.812
2020-01-28 13-08-21,23,17,,6.69,7.91,7.73,,,,,,4.812
2020-01-28 13-08-21,23,18,,6.69,7.91,7.73,7.47,7.97,6.79,,,6.437
2020-01-28 13-08-21,23,19,,6.69,7.91,7.73,7.47,7.97,6.79,6.7,99.5585912245,6.437
2020-01-28 13-08-22,25,16,8399,,,,,,,,,4.812
2020-01-28 13-08-22,25,17,,5.77,7.23,7.91,,,,,,4.812
2020-01-28 13-08-22,25,18,,5.77,7.23,7.91,6.83,7.33,6.35,,,6.437
2020-01-28 13-08-22,25,19,,5.77,7.23,7.91,6.83,7.33,6.35,5.66,86.1137153125,6.437
2020-01-28 13-09-14,10,16,29649,,,,,,,,,4.812
2020-01-28 13-09-14,10,17,,117.61,123.94,126.07,,,,,,4.812
2020-01-28 13-09-14,10,18,,117.61,123.94,126.07,43.31,40.95,40.96,,,6.437
2020-01-28 13-09-14,11,16,1799,,,,,,,,,4.812
2020-01-28 13-09-14,11,17,,10.13,9.71,9.81,,,,,,4.812
2020-01-28 13-09-14,11,18,,10.13,9.71,9.81,9.67,9.81,9.99,,,6.437
2020-01-28 13-09-14,11,19,,10.13,9.71,9.81,9.67,9.81,9.99,-39.389999999999986,-2.0462,6.437
2020-01-28 13-09-15,12,16,8409,,,,,,,,,4.812
2020-01-28 13-09-15,12,17,,6.29,5.73,6.53,,,,,,4.812
2020-01-28 13-09-15,12,18,,6.29,5.73,6.53,6.57,6.93,7.05,,,6.437
2020-01-28 13-09-15,12,19,,6.29,5.73,6.53,6.57,6.93,7.05,6.59,56.66962805000001,6.437
2020-01-28 13-09-15,13,16,9364,,,,,,,,,4.812
2020-01-28 13-09-15,13,17,,8.13,7.73,7.05,,,,,,4.812
2020-01-28 13-09-15,13,18,,8.13,7.73,7.05,7.05,6.91,6.53,,,6.437
2020-01-28 13-09-15,13,19,,8.13,7.73,7.05,7.05,6.91,6.53,6.88,96.230140162,6.437
2020-01-28 13-09-16,14,16,8288,,,,,,,,,4.812
2020-01-28 13-09-16,14,17,,6.35,8.05,7.95,,,,,,4.812
2020-01-28 13-09-16,14,18,,6.35,8.05,7.95,7.69,7.23,7.47,,,6.437
2020-01-28 13-09-16,14,19,,6.35,8.05,7.95,7.69,7.23,7.47,6.76,97.75409800450001,6.437
2020-01-28 13-09-16,15,16,0,,,,,,,,,4.812
2020-01-28 13-09-16,15,17,,0.0,0.0,0.0,,,,,,4.812
2020-01-28 13-09-16,15,18,,0.0,0.0,0.0,0.0,0.0,0.0,,,6.437
2020-01-28 13-09-16,15,19,,0.0,0.0,0.0,0.0,0.0,0.0,0.0,-2.0462,6.437
2020-01-28 13-09-17,16,16,1781,,,,,,,,,4.812
2020-01-28 13-09-17,16,17,,6.17,6.57,5.41,,,,,,4.812
2020-01-28 13-09-17,16,18,,6.17,6.57,5.41,6.87,5.99,6.07,,,6.437
2020-01-28 13-09-17,16,19,,6.17,6.57,5.41,6.87,5.99,6.07,6.3,100.9285418845,6.437
2020-01-28 13-09-17,17,16,1794,,,,,,,,,4.812
2020-01-28 13-09-17,17,17,,7.47,8.09,7.01,,,,,,4.812
2020-01-28 13-09-17,17,18,,7.47,8.09,7.01,6.03,6.93,7.41,,,6.437
2020-01-28 13-09-17,17,19,,7.47,8.09,7.01,6.03,6.93,7.41,7.15,104.62560816050001,6.437
2020-01-28 13-09-18,18,16,1786,,,,,,,,,4.812
2020-01-28 13-09-18,18,17,,6.75,6.91,6.39,,,,,,4.812
2020-01-28 13-09-18,18,18,,6.75,6.91,6.39,5.89,7.09,6.61,,,6.437
2020-01-28 13-09-18,18,19,,6.75,6.91,6.39,5.89,7.09,6.61,6.32,103.8498987005,6.437
2020-01-28 13-09-18,19,16,8415,,,,,,,,,4.812
2020-01-28 13-09-18,19,17,,7.33,7.37,7.65,,,,,,4.812
2020-01-28 13-09-18,19,18,,7.33,7.37,7.65,8.47,8.45,7.65,,,6.437
2020-01-28 13-09-18,19,19,,7.33,7.37,7.65,8.47,8.45,7.65,6.26,35.32953440800001,6.437
2020-01-28 13-09-19,20,16,30534,,,,,,,,,4.812
2020-01-28 13-09-19,20,17,,-327.67,-327.67,-327.67,,,,,,4.812
2020-01-28 13-09-19,20,18,,-327.67,-327.67,-327.67,-327.67,-327.67,-327.67,,,6.437
2020-01-28 13-09-19,20,19,,-327.67,-327.67,-327.67,-327.67,-327.67,-327.67,7.17,105.14115230050001,6.437
2020-01-28 13-09-19,21,16,9363,,,,,,,,,4.812
2020-01-28 13-09-19,21,17,,7.47,7.45,6.43,,,,,,4.812
2020-01-28 13-09-19,21,18,,7.47,7.45,6.43,7.45,6.69,7.09,,,6.437
2020-01-28 13-09-19,21,19,,7.47,7.45,6.43,7.45,6.69,7.09,6.61,96.14964466450002,6.437
2020-01-28 13-09-20,22,16,8381,,,,,,,,,4.812
2020-01-28 13-09-20,22,17,,6.29,6.61,6.25,,,,,,4.812
2020-01-28 13-09-20,22,18,,6.29,6.61,6.25,5.41,6.29,5.81,,,6.437
2020-01-28 13-09-20,22,19,,6.29,6.61,6.25,5.41,6.29,5.81,6.3,84.06088256800001,6.437
2020-01-28 13-09-20,23,16,1801,,,,,,,,,4.812
2020-01-28 13-09-20,23,17,,6.69,7.55,7.59,,,,,,4.812
2020-01-28 13-09-20,23,18,,6.69,7.55,7.59,7.47,7.55,7.11,,,6.437
2020-01-28 13-09-20,23,19,,6.69,7.55,7.59,7.47,7.55,7.11,6.54,99.1353320405,6.437
2020-01-28 13-09-21,25,16,8400,,,,,,,,,4.812
2020-01-28 13-09-21,25,17,,5.51,6.91,7.37,,,,,,4.812
2020-01-28 13-09-21,25,18,,5.51,6.91,7.37,6.21,6.93,6.29,,,6.437
2020-01-28 13-09-21,25,19,,5.51,6.91,7.37,6.21,6.93,6.29,5.48,86.1137153125,6.437
2020-01-28 13-10-14,10,16,29650,,,,,,,,,4.687
2020-01-28 13-10-14,10,17,,121.42,125.39,126.45,,,,,,4.687
2020-01-28 13-10-14,10,18,,121.42,125.39,126.45,43.35,40.95,40.96,,,6.437
2020-01-28 13-10-15,11,16,1800,,,,,,,,,4.687
2020-01-28 13-10-15,11,17,,9.53,9.57,9.99,,,,,,4.687
2020-01-28 13-10-15,11,18,,9.53,9.57,9.99,9.43,9.71,9.77,,,6.437
2020-01-28 13-10-15,11,19,,9.53,9.57,9.99,9.43,9.71,9.77,-39.389999999999986,-2.0462,6.437
2020-01-28 13-10-15,12,16,8410,,,,,,,,,4.687
2020-01-28 13-10-15,12,17,,6.25,5.67,6.61,,,,,,4.687
2020-01-28 13-10-15,12,18,,6.25,5.67,6.61,6.61,7.01,7.09,,,6.437
2020-01-28 13-10-15,12,19,,6.25,5.67,6.61,6.61,7.01,7.09,6.51,56.95011494450001,6.437
2020-01-28 13-10-16,13,16,9365,,,,,,,,,4.687
2020-01-28 13-10-16,13,17,,8.29,8.13,7.47,,,,,,4.687
2020-01-28 13-10-16,13,18,,8.29,8.13,7.47,7.27,6.87,6.87,,,6.437
2020-01-28 13-10-16,13,19,,8.29,8.13,7.47,7.27,6.87,6.87,6.8,96.31060694050001,6.437
2020-01-28 13-10-16,14,16,8289,,,,,,,,,4.687
2020-01-28 13-10-16,14,17,,6.11,8.05,7.45,,,,,,4.687
2020-01-28 13-10-16,14,18,,6.11,8.05,7.45,7.79,7.15,8.01,,,6.437
2020-01-28 13-10-16,14,19,,6.11,8.05,7.45,7.79,7.15,8.01,6.78,97.75409800450001,6.437
2020-01-28 13-10-17,15,16,0,,,,,,,,,4.687
2020-01-28 13-10-17,15,17,,0.0,0.0,0.0,,,,,,4.687
2020-01-28 13-10-17,15,18,,0.0,0.0,0.0,0.0,0.0,0.0,,,6.437
2020-01-28 13-10-17,15,19,,0.0,0.0,0.0,0.0,0.0,0.0,0.0,-2.0462,6.437
2020-01-28 13-10-17,16,16,1782,,,,,,,,,4.687
2020-01-28 13-10-17,16,17,,5.99,6.21,5.55,,,,,,4.687
2020-01-28 13-10-17,16,18,,5.99,6.21,5.55,6.53,5.93,6.29,,,6.437
2020-01-28 13-10-17,16,19,,5.99,6.21,5.55,6.53,5.93,6.29,6.28,101.13853768450001,6.437
2020-01-28 13-10-18,17,16,1795,,,,,,,,,4.687
2020-01-28 13-10-18,17,17,,7.37,8.27,7.05,,,,,,4.687
2020-01-28 13-10-18,17,18,,7.37,8.27,7.05,6.03,6.91,7.19,,,6.437
2020-01-28 13-10-18,17,19,,7.37,8.27,7.05,6.03,6.91,7.19,7.09,104.7288191005,6.437
2020-01-28 13-10-18,18,16,1787,,,,,,,,,4.687
2020-01-28 13-10-18,18,17,,6.75,6.97,6.07,,,,,,4.687
2020-01-28 13-10-18,18,18,,6.75,6.97,6.07,5.99,7.11,6.75,,,6.437
2020-01-28 13-10-18,18,19,,6.75,6.97,6.07,5.99,7.11,6.75,6.24,103.9534925605,6.437
2020-01-28 13-10-19,19,16,8416,,,,,,,,,4.687
2020-01-28 13-10-19,19,17,,7.19,7.15,7.33,,,,,,4.687
2020-01-28 13-10-19,19,18,,7.19,7.15,7.33,8.61,8.05,7.77,,,6.437
2020-01-28 13-10-19,19,19,,7.19,7.15,7.33,8.61,8.05,7.77,6.2,35.595768392000004,6.437
2020-01-28 13-10-19,20,16,30535,,,,,,,,,4.687
2020-01-28 13-10-19,20,17,,-327.67,-327.67,-327.67,,,,,,4.687
2020-01-28 13-10-19,20,18,,-327.67,-327.67,-327.67,-327.67,-327.67,-327.67,,,6.437
2020-01-28 13-10-19,20,19,,-327.67,-327.67,-327.67,-327.67,-327.67,-327.67,7.02,105.14115230050001,6.437
2020-01-28 13-10-20,21,16,9364,,,,,,,,,4.687
2020-01-28 13-10-20,21,17,,7.29,7.19,6.29,,,,,,4.687
2020-01-28 13-10-20,21,18,,7.29,7.19,6.29,7.51,6.69,7.05,,,6.437
2020-01-28 13-10-20,21,19,,7.29,7.19,6.29,7.51,6.69,7.05,6.6,96.20331152050001,6.437
2020-01-28 13-10-20,22,16,8382,,,,,,,,,4.687
2020-01-28 13-10-20,22,17,,6.29,6.61,6.17,,,,,,4.687
2020-01-28 13-10-20,22,18,,6.29,6.61,6.17,5.51,6.47,5.55,,,6.437
2020-01-28 13-10-20,22,19,,6.29,6.61,6.17,5.51,6.47,5.55,6.26,84.08911844050002,6.437
2020-01-28 13-10-21,23,16,1802,,,,,,,,,4.687
2020-01-28 13-10-21,23,17,,6.53,7.65,7.11,,,,,,4.687
2020-01-28 13-10-21,23,18,,6.53,7.65,7.11,7.37,7.33,6.65,,,6.437
2020-01-28 13-10-21,23,19,,6.53,7.65,7.11,7.37,7.33,6.65,6.44,99.02938960450001,6.437
2020-01-28 13-10-22,25,16,8401,,,,,,,,,4.687
2020-01-28 13-10-22,25,17,,5.29,6.87,7.27,,,,,,4.687
2020-01-28 13-10-22,25,18,,5.29,6.87,7.27,6.47,7.01,6.51,,,6.437
2020-01-28 13-10-22,25,19,,5.29,6.87,7.27,6.47,7.01,6.51,5.46,86.197714528,6.437
2020-01-28 13-11-14,10,16,29651,,,,,,,,,4.625
2020-01-28 13-11-14,10,17,,129.88,129.16,128.14,,,,,,4.625
2020-01-28 13-11-14,10,18,,129.88,129.16,128.14,43.27,40.95,40.96,,,6.437
2020-01-28 13-11-15,11,16,1801,,,,,,,,,4.625
2020-01-28 13-11-15,11,17,,9.19,9.61,10.05,,,,,,4.625
2020-01-28 13-11-15,11,18,,9.19,9.61,10.05,9.07,9.11,9.07,,,6.437
2020-01-28 13-11-15,11,19,,9.19,9.61,10.05,9.07,9.11,9.07,-39.389999999999986,-2.0462,6.437
2020-01-28 13-11-15,12,16,8411,,,,,,,,,4.625
2020-01-28 13-11-15,12,17,,6.25,6.03,6.73,,,,,,4.625
2020-01-28 13-11-15,12,18,,6.25,6.03,6.73,6.51,7.29,6.87,,,6.437
2020-01-28 13-11-15,12,19,,6.25,6.03,6.73,6.51,7.29,6.87,6.56,56.95011494450001,6.437
2020-01-28 13-11-16,13,16,9366,,,,,,,,,4.625
2020-01-28 13-11-16,13,17,,8.61,8.15,7.15,,,,,,4.625
2020-01-28 13-11-16,13,18,,8.61,8.15,7.15,7.05,6.97,6.61,,,6.437
2020-01-28 13-11-16,13,19,,8.61,8.15,7.15,7.05,6.97,6.61,6.88,96.31060694050001,6.437
2020-01-28 13-11-16,14,16,8290,,,,,,,,,4.625
2020-01-28 13-11-16,14,17,,6.43,8.13,7.95,,,,,,4.625
2020-01-28 13-11-16,14,18,,6.43,8.13,7.95,8.05,7.33,7.79,,,6.437
2020-01-28 13-11-16,14,19,,6.43,8.13,7.95,8.05,7.33,7.79,6.76,97.75409800450001,6.437
2020-01-28 13-11-17,15,16,0,,,,,,,,,4.625
2020-01-28 13-11-17,15,17,,0.0,0.0,0.0,,,,,,4.625
2020-01-28 13-11-17,15,18,,0.0,0.0,0.0,0.0,0.0,0.0,,,6.437
2020-01-28 13-11-17,15,19,,0.0,0.0,0.0,0.0,0.0,0.0,0.0,-2.0462,6.437
2020-01-28 13-11-17,16,16,1783,,,,,,,,,4.625
2020-01-28 13-11-17,16,17,,6.11,6.91,5.33,,,,,,4.625
2020-01-28 13-11-17,16,18,,6.11,6.91,5.33,6.47,5.63,6.25,,,6.437
2020-01-28 13-11-17,16,19,,6.11,6.91,5.33,6.47,5.63,6.25,6.32,101.29590051250001,6.437
2020-01-28 13-11-18,17,16,1796,,,,,,,,,4.625
2020-01-28 13-11-18,17,17,,7.55,8.45,7.23,,,,,,4.625
2020-01-28 13-11-18,17,18,,7.55,8.45,7.23,5.85,6.97,6.83,,,6.437
2020-01-28 13-11-18,17,19,,7.55,8.45,7.23,5.85,6.97,6.83,7.11,104.49652268800001,6.437
2020-01-28 13-11-18,18,16,1788,,,,,,,,,4.625
2020-01-28 13-11-18,18,17,,7.05,6.87,6.11,,,,,,4.625
2020-01-28 13-11-18,18,18,,7.05,6.87,6.11,6.03,6.73,6.25,,,6.437
2020-01-28 13-11-18,18,19,,7.05,6.87,6.11,6.03,6.73,6.25,6.29,104.00527034450002,6.437
2020-01-28 13-11-19,19,16,8417,,,,,,,,,4.625
2020-01-28 13-11-19,19,17,,7.55,7.27,7.37,,,,,,4.625
2020-01-28 13-11-19,19,18,,7.55,7.27,7.37,8.59,8.47,7.87,,,6.437
2020-01-28 13-11-19,19,19,,7.55,7.27,7.37,8.59,8.47,7.87,6.26,33.52711328200001,6.437
2020-01-28 13-11-19,20,16,30536,,,,,,,,,4.625
2020-01-28 13-11-19,20,17,,-327.67,-327.67,-327.67,,,,,,4.625
2020-01-28 13-11-19,20,18,,-327.67,-327.67,-327.67,-327.67,-327.67,-327.67,,,6.437
2020-01-28 13-11-19,20,19,,-327.67,-327.67,-327.67,-327.67,-327.67,-327.67,7.07,105.0896553245,6.437
2020-01-28 13-11-20,21,16,9365,,,,,,,,,4.625
2020-01-28 13-11-20,21,17,,7.23,7.37,6.35,,,,,,4.625
2020-01-28 13-11-20,21,18,,7.23,7.37,6.35,7.29,7.05,7.33,,,6.437
2020-01-28 13-11-20,21,19,,7.23,7.37,6.35,7.29,7.05,7.33,6.6,96.0959650445,6.437
2020-01-28 13-11-20,22,16,8383,,,,,,,,,4.625
2020-01-28 13-11-20,22,17,,6.33,6.65,6.11,,,,,,4.625
2020-01-28 13-11-20,22,18,,6.33,6.65,6.11,5.77,6.69,5.67,,,6.437
2020-01-28 13-11-20,22,19,,6.33,6.65,6.11,5.77,6.69,5.67,6.28,84.08911844050002,6.437
2020-01-28 13-11-21,23,16,1803,,,,,,,,,4.625
2020-01-28 13-11-21,23,17,,6.75,7.65,7.77,,,,,,4.625
2020-01-28 13-11-21,23,18,,6.75,7.65,7.77,7.77,7.77,7.37,,,6.437
2020-01-28 13-11-21,23,19,,6.75,7.65,7.77,7.77,7.77,7.37,6.45,98.94989927200001,6.437
2020-01-28 13-11-22,25,16,8402,,,,,,,,,4.625
2020-01-28 13-11-22,25,17,,5.73,6.79,7.87,,,,,,4.625
2020-01-28 13-11-22,25,18,,5.73,6.79,7.87,6.79,6.75,6.39,,,6.437
2020-01-28 13-11-22,25,19,,5.73,6.79,7.87,6.79,6.75,6.39,5.49,86.25369805,6.437
2020-01-28 13-12-14,10,16,29652,,,,,,,,,4.625
2020-01-28 13-12-14,10,17,,59.5,109.53,119.15,,,,,,4.625
2020-01-28 13-12-14,10,18,,59.5,109.53,119.15,43.4,40.95,40.96,,,6.437
2020-01-28 13-12-15,11,16,1802,,,,,,,,,4.625
2020-01-28 13-12-15,11,17,,9.91,10.09,10.03,,,,,,4.625
2020-01-28 13-12-15,11,18,,9.91,10.09,10.03,9.47,9.19,9.77,,,6.437
2020-01-28 13-12-15,11,19,,9.91,10.09,10.03,9.47,9.19,9.77,-39.389999999999986,-2.0462,6.437
2020-01-28 13-12-15,12,16,8412,,,,,,,,,4.625
2020-01-28 13-12-15,12,17,,6.25,5.95,6.61,,,,,,4.625
2020-01-28 13-12-15,12,18,,6.25,5.95,6.61,6.61,7.29,6.75,,,6.437
2020-01-28 13-12-15,12,19,,6.25,5.95,6.61,6.61,7.29,6.75,6.58,56.88780686050001,6.437
2020-01-28 13-12-16,13,16,9367,,,,,,,,,4.625
2020-01-28 13-12-16,13,17,,8.33,8.05,7.73,,,,,,4.625
2020-01-28 13-12-16,13,18,,8.33,8.05,7.73,7.23,6.87,6.79,,,6.437
2020-01-28 13-12-16,13,19,,8.33,8.05,7.73,7.23,6.87,6.79,6.88,96.65896445000001,6.437
2020-01-28 13-12-16,14,16,8291,,,,,,,,,4.625
2020-01-28 13-12-16,14,17,,6.61,7.95,8.01,,,,,,4.625
2020-01-28 13-12-16,14,18,,6.61,7.95,8.01,8.13,7.41,7.83,,,6.437
2020-01-28 13-12-16,14,19,,6.61,7.95,8.01,8.13,7.41,7.83,6.82,97.7008013045,6.437
2020-01-28 13-12-17,15,16,0,,,,,,,,,4.625
2020-01-28 13-12-17,15,17,,0.0,0.0,0.0,,,,,,4.625
2020-01-28 13-12-17,15,18,,0.0,0.0,0.0,0.0,0.0,0.0,,,6.437
2020-01-28 13-12-17,15,19,,0.0,0.0,0.0,0.0,0.0,0.0,0.0,-2.0462,6.437
2020-01-28 13-12-17,16,16,1784,,,,,,,,,4.625
2020-01-28 13-12-17,16,17,,6.51,6.51,5.49,,,,,,4.625
2020-01-28 13-12-17,16,18,,6.51,6.51,5.49,6.75,6.29,6.61,,,6.437
2020-01-28 13-12-17,16,19,,6.51,6.51,5.49,6.75,6.29,6.61,6.49,101.50553892050002,6.437
2020-01-28 13-12-18,17,16,1797,,,,,,,,,4.625
2020-01-28 13-12-18,17,17,,7.23,7.91,6.91,,,,,,4.625
2020-01-28 13-12-18,17,18,,7.23,7.91,6.91,5.67,7.09,7.01,,,6.437
2020-01-28 13-12-18,17,19,,7.23,7.91,6.91,5.67,7.09,7.01,7.02,103.35713063200001,6.437
2020-01-28 13-12-18,18,16,1789,,,,,,,,,4.625
2020-01-28 13-12-18,18,17,,7.01,7.37,6.39,,,,,,4.625
2020-01-28 13-12-18,18,18,,7.01,7.37,6.39,6.17,7.05,6.75,,,6.437
2020-01-28 13-12-18,18,19,,7.01,7.37,6.39,6.17,7.05,6.75,6.42,104.00527034450002,6.437
2020-01-28 13-12-19,19,16,8418,,,,,,,,,4.625
2020-01-28 13-12-19,19,17,,7.59,7.23,7.61,,,,,,4.625
2020-01-28 13-12-19,19,18,,7.59,7.23,7.61,7.87,8.51,8.01,,,6.437
2020-01-28 13-12-19,19,19,,7.59,7.23,7.61,7.87,8.51,8.01,6.3,32.0179877245,6.437
2020-01-28 13-12-19,20,16,30537,,,,,,,,,4.625
2020-01-28 13-12-19,20,17,,-327.67,-327.67,-327.67,,,,,,4.625
2020-01-28 13-12-19,20,18,,-327.67,-327.67,-327.67,-327.67,-327.67,-327.67,,,6.437
2020-01-28 13-12-19,20,19,,-327.67,-327.67,-327.67,-327.67,-327.67,-327.67,7.06,104.98662308050001,6.437
2020-01-28 13-12-20,21,16,9366,,,,,,,,,4.625
2020-01-28 13-12-20,21,17,,7.19,7.47,6.61,,,,,,4.625
2020-01-28 13-12-20,21,18,,7.19,7.47,6.61,7.55,6.75,7.27,,,6.437
2020-01-28 13-12-20,21,19,,7.19,7.47,6.61,7.55,6.75,7.27,6.6,96.0959650445,6.437
2020-01-28 13-12-20,22,16,8384,,,,,,,,,4.625
2020-01-28 13-12-21,22,17,,6.61,6.83,6.25,,,,,,4.625
2020-01-28 13-12-21,22,18,,6.61,6.83,6.25,5.81,6.75,5.89,,,6.437
2020-01-28 13-12-21,22,19,,6.61,6.83,6.25,5.81,6.75,5.89,6.26,84.06088256800001,6.437
2020-01-28 13-12-21,23,16,1804,,,,,,,,,4.625
2020-01-28 13-12-21,23,17,,6.93,7.97,7.65,,,,,,4.625
2020-01-28 13-12-21,23,18,,6.93,7.97,7.65,7.51,7.65,7.19,,,6.437
2020-01-28 13-12-21,23,19,,6.93,7.97,7.65,7.51,7.65,7.19,6.58,99.02938960450001,6.437
2020-01-28 13-12-22,25,16,8403,,,,,,,,,4.625
2020-01-28 13-12-22,25,17,,5.63,7.45,7.51,,,,,,4.625
2020-01-28 13-12-22,25,18,,5.63,7.45,7.51,6.65,7.15,6.69,,,6.437
2020-01-28 13-12-22,25,19,,5.63,7.45,7.51,6.65,7.15,6.69,5.52,86.2816850245,6.437
2020-01-28 13-13-14,10,16,29653,,,,,,,,,4.937
2020-01-28 13-13-15,10,17,,89.13,121.52,124.28,,,,,,4.937
2020-01-28 13-13-15,10,18,,89.13,121.52,124.28,43.39,40.95,40.96,,,6.437
2020-01-28 13-13-15,11,16,1803,,,,,,,,,4.937
2020-01-28 13-13-15,11,17,,9.61,9.61,9.81,,,,,,4.937
2020-01-28 13-13-15,11,18,,9.61,9.61,9.81,9.21,9.11,9.39,,,6.437
2020-01-28 13-13-15,11,19,,9.61,9.61,9.81,9.21,9.11,9.39,-39.389999999999986,-2.0462,6.437
2020-01-28 13-13-16,12,16,8413,,,,,,,,,4.937
2020-01-28 13-13-16,12,17,,6.35,5.81,6.47,,,,,,4.937
2020-01-28 13-13-16,12,18,,6.35,5.81,6.47,6.51,7.33,7.15,,,6.437
2020-01-28 13-13-16,12,19,,6.35,5.81,6.47,6.51,7.33,7.15,6.8,56.82548601250001,6.437
2020-01-28 13-13-16,13,16,9368,,,,,,,,,4.937
2020-01-28 13-13-16,13,17,,8.23,8.15,7.79,,,,,,4.937
2020-01-28 13-13-16,13,18,,8.23,8.15,7.79,7.79,7.29,6.97,,,6.437
2020-01-28 13-13-16,13,19,,8.23,8.15,7.79,7.79,7.29,6.97,7.07,96.79280451250001,6.437
2020-01-28 13-13-17,14,16,8292,,,,,,,,,4.937
2020-01-28 13-13-17,14,17,,6.39,8.19,8.37,,,,,,4.937
2020-01-28 13-13-17,14,18,,6.39,8.19,8.37,8.27,7.37,7.87,,,6.437
2020-01-28 13-13-17,14,19,,6.39,8.19,8.37,8.27,7.37,7.87,7.06,97.86065311250002,6.437
2020-01-28 13-13-17,15,16,0,,,,,,,,,4.937
2020-01-28 13-13-17,15,17,,0.0,0.0,0.0,,,,,,4.937
2020-01-28 13-13-17,15,18,,0.0,0.0,0.0,0.0,0.0,0.0,,,6.437
2020-01-28 13-13-17,15,19,,0.0,0.0,0.0,0.0,0.0,0.0,0.0,-2.0462,6.437
2020-01-28 13-13-18,16,16,1785,,,,,,,,,4.937
2020-01-28 13-13-18,16,17,,6.53,6.83,5.93,,,,,,4.937
2020-01-28 13-13-18,16,18,,6.53,6.83,5.93,6.83,6.33,6.57,,,6.437
2020-01-28 13-13-18,16,19,,6.53,6.83,5.93,6.83,6.33,6.57,6.64,100.7709110125,6.437
2020-01-28 13-13-18,17,16,1798,,,,,,,,,4.937
2020-01-28 13-13-18,17,17,,7.45,8.27,7.19,,,,,,4.937
2020-01-28 13-13-18,17,18,,7.45,8.27,7.19,6.11,6.91,7.33,,,6.437
2020-01-28 13-13-18,17,19,,7.45,8.27,7.19,6.11,6.91,7.33,7.37,104.62560816050001,6.437
2020-01-28 13-13-19,18,16,1790,,,,,,,,,4.937
2020-01-28 13-13-19,18,17,,6.91,7.29,6.21,,,,,,4.937
2020-01-28 13-13-19,18,18,,6.91,7.29,6.21,6.35,7.01,6.87,,,6.437
2020-01-28 13-13-19,18,19,,6.91,7.29,6.21,6.35,7.01,6.87,6.55,103.43501270050001,6.437
2020-01-28 13-13-19,19,16,8419,,,,,,,,,4.937
2020-01-28 13-13-19,19,17,,7.77,7.73,7.55,,,,,,4.937
2020-01-28 13-13-19,19,18,,7.77,7.73,7.55,8.41,8.45,7.77,,,6.437
2020-01-28 13-13-19,19,19,,7.77,7.73,7.55,8.41,8.45,7.77,6.54,33.259296562,6.437
2020-01-28 13-13-20,20,16,30538,,,,,,,,,4.937
2020-01-28 13-13-20,20,17,,-327.67,-327.67,-327.67,,,,,,4.937
2020-01-28 13-13-20,20,18,,-327.67,-327.67,-327.67,-327.67,-327.67,-327.67,,,6.437
2020-01-28 13-13-20,20,19,,-327.67,-327.67,-327.67,-327.67,-327.67,-327.67,7.26,104.8061938,6.437
2020-01-28 13-13-20,21,16,9367,,,,,,,,,4.937
2020-01-28 13-13-20,21,17,,7.45,7.29,6.57,,,,,,4.937
2020-01-28 13-13-20,21,18,,7.45,7.29,6.57,7.47,6.75,7.61,,,6.437
2020-01-28 13-13-20,21,19,,7.45,7.29,6.57,7.47,6.75,7.61,6.8,96.01542168200001,6.437
2020-01-28 13-13-21,22,16,8385,,,,,,,,,4.937
2020-01-28 13-13-21,22,17,,6.25,7.11,6.21,,,,,,4.937
2020-01-28 13-13-21,22,18,,6.25,7.11,6.21,5.77,6.91,5.45,,,6.437
2020-01-28 13-13-21,22,19,,6.25,7.11,6.21,5.77,6.91,5.45,6.4,84.0326435045,6.437
2020-01-28 13-13-21,23,16,1805,,,,,,,,,4.937
2020-01-28 13-13-21,23,17,,7.11,8.05,7.83,,,,,,4.937
2020-01-28 13-13-21,23,18,,7.11,8.05,7.83,8.05,8.09,7.29,,,6.437
2020-01-28 13-13-21,23,19,,7.11,8.05,7.83,8.05,8.09,7.29,6.85,99.1353320405,6.437
2020-01-28 13-13-22,25,16,8404,,,,,,,,,4.937
2020-01-28 13-13-22,25,17,,5.55,7.33,7.51,,,,,,4.937
2020-01-28 13-13-22,25,18,,5.55,7.33,7.51,6.25,7.51,7.01,,,6.437
2020-01-28 13-13-22,25,19,,5.55,7.33,7.51,6.25,7.51,7.01,5.61,86.25369805,6.437
2020-01-28 13-14-15,10,16,29654,,,,,,,,,4.812
2020-01-28 13-14-15,10,17,,131.96,130.37,128.39,,,,,,4.812
2020-01-28 13-14-15,10,18,,131.96,130.37,128.39,43.41,40.95,40.96,,,6.5
2020-01-28 13-14-15,11,16,1804,,,,,,,,,4.812
2020-01-28 13-14-15,11,17,,9.19,9.75,10.75,,,,,,4.812
2020-01-28 13-14-15,11,18,,9.19,9.75,10.75,9.53,9.67,10.17,,,6.5
2020-01-28 13-14-15,11,19,,9.19,9.75,10.75,9.53,9.67,10.17,-39.389999999999986,-2.0462,6.5
2020-01-28 13-14-16,12,16,8414,,,,,,,,,4.812
2020-01-28 13-14-16,12,17,,6.25,6.21,6.79,,,,,,4.812
2020-01-28 13-14-16,12,18,,6.25,6.21,6.79,6.51,7.23,6.91,,,6.5
2020-01-28 13-14-16,12,19,,6.25,6.21,6.79,6.51,7.23,6.91,6.74,56.79432080200001,6.5
2020-01-28 13-14-16,13,16,9369,,,,,,,,,4.812
2020-01-28 13-14-16,13,17,,8.13,8.19,7.69,,,,,,4.812
2020-01-28 13-14-16,13,18,,8.13,8.19,7.69,6.97,6.79,6.51,,,6.5
2020-01-28 13-14-16,13,19,,8.13,8.19,7.69,6.97,6.79,6.51,7.02,96.20331152050001,6.5
2020-01-28 13-14-17,14,16,8293,,,,,,,,,4.812
2020-01-28 13-14-17,14,17,,6.29,8.45,8.05,,,,,,4.812
2020-01-28 13-14-17,14,18,,6.29,8.45,8.05,8.15,7.27,7.69,,,6.5
2020-01-28 13-14-17,14,19,,6.29,8.45,8.05,8.15,7.27,7.69,6.93,97.59416961250001,6.5
2020-01-28 13-14-17,15,16,0,,,,,,,,,4.812
2020-01-28 13-14-17,15,17,,0.0,0.0,0.0,,,,,,4.812
2020-01-28 13-14-17,15,18,,0.0,0.0,0.0,0.0,0.0,0.0,,,6.5
2020-01-28 13-14-17,15,19,,0.0,0.0,0.0,0.0,0.0,0.0,0.0,-2.0462,6.5
2020-01-28 13-14-18,16,16,1786,,,,,,,,,4.812
2020-01-28 13-14-18,16,17,,6.25,6.11,5.59,,,,,,4.812
2020-01-28 13-14-18,16,18,,6.25,6.11,5.59,6.43,6.03,5.93,,,6.5
2020-01-28 13-14-18,16,19,,6.25,6.11,5.59,6.43,6.03,5.93,6.38,100.6657599445,6.5
2020-01-28 13-14-18,17,16,1799,,,,,,,,,4.812
2020-01-28 13-14-18,17,17,,7.41,8.37,7.27,,,,,,4.812
2020-01-28 13-14-18,17,18,,7.41,8.37,7.27,5.93,6.65,7.29,,,6.5
2020-01-28 13-14-18,17,19,,7.41,8.37,7.27,5.93,6.65,7.29,7.25,104.62560816050001,6.5
2020-01-28 13-14-19,18,16,1791,,,,,,,,,4.812
2020-01-28 13-14-19,18,17,,6.97,7.09,6.21,,,,,,4.812
2020-01-28 13-14-19,18,18,,6.97,7.09,6.21,6.43,6.83,6.53,,,6.5
2020-01-28 13-14-19,18,19,,6.97,7.09,6.21,6.43,6.83,6.53,6.4,103.53881078450001,6.5
2020-01-28 13-14-19,19,16,8420,,,,,,,,,4.812
2020-01-28 13-14-19,19,17,,7.33,6.69,7.45,,,,,,4.812
2020-01-28 13-14-19,19,18,,7.33,6.69,7.45,8.19,8.37,7.83,,,6.5
2020-01-28 13-14-19,19,19,,7.33,6.69,7.45,8.19,8.37,7.83,6.34,35.129724898,6.5
2020-01-28 13-14-20,20,16,30539,,,,,,,,,4.812
2020-01-28 13-14-20,20,17,,-327.67,-327.67,-327.67,,,,,,4.812
2020-01-28 13-14-20,20,18,,-327.67,-327.67,-327.67,-327.67,-327.67,-327.67,,,6.5
2020-01-28 13-14-20,20,19,,-327.67,-327.67,-327.67,-327.67,-327.67,-327.67,7.22,104.8061938,6.5
2020-01-28 13-14-20,21,16,9368,,,,,,,,,4.812
2020-01-28 13-14-20,21,17,,7.29,7.15,6.53,,,,,,4.812
2020-01-28 13-14-20,21,18,,7.29,7.15,6.53,7.91,6.79,7.45,,,6.5
2020-01-28 13-14-20,21,19,,7.29,7.15,6.53,7.91,6.79,7.45,6.75,95.77361928050001,6.5
2020-01-28 13-14-21,22,16,8386,,,,,,,,,4.812
2020-01-28 13-14-21,22,17,,6.39,6.73,5.85,,,,,,4.812
2020-01-28 13-14-21,22,18,,6.39,6.73,5.85,5.49,6.97,5.89,,,6.5
2020-01-28 13-14-21,22,19,,6.39,6.73,5.85,5.49,6.97,5.89,6.38,84.0326435045,6.5
2020-01-28 13-14-21,23,16,1806,,,,,,,,,4.812
2020-01-28 13-14-21,23,17,,6.91,7.83,7.79,,,,,,4.812
2020-01-28 13-14-21,23,18,,6.91,7.83,7.79,7.69,7.61,6.83,,,6.5
2020-01-28 13-14-21,23,19,,6.91,7.83,7.79,7.69,7.61,6.83,6.68,98.6581890125,6.5
2020-01-28 13-14-22,25,16,8405,,,,,,,,,4.812
2020-01-28 13-14-22,25,17,,5.45,7.27,6.65,,,,,,4.812
2020-01-28 13-14-22,25,18,,5.45,7.27,6.65,6.75,7.15,6.29,,,6.5
2020-01-28 13-14-22,25,19,,5.45,7.27,6.65,6.75,7.15,6.29,5.56,86.2816850245,6.5
2020-01-28 13-15-15,10,16,29655,,,,,,,,,4.875
2020-01-28 13-15-15,10,17,,71.92,114.95,120.6,,,,,,4.875
2020-01-28 13-15-15,10,18,,71.92,114.95,120.6,43.39,40.95,40.96,,,6.5
2020-01-28 13-15-15,11,16,1805,,,,,,,,,4.875
2020-01-28 13-15-15,11,17,,10.09,9.85,9.71,,,,,,4.875
2020-01-28 13-15-15,11,18,,10.09,9.85,9.71,9.39,9.75,9.43,,,6.5
2020-01-28 13-15-15,11,19,,10.09,9.85,9.71,9.39,9.75,9.43,-39.389999999999986,-2.0462,6.5
2020-01-28 13-15-16,12,16,8415,,,,,,,,,4.875
2020-01-28 13-15-16,12,17,,6.53,5.99,6.61,,,,,,4.875
2020-01-28 13-15-16,12,18,,6.53,5.99,6.61,6.53,7.19,6.97,,,6.5
2020-01-28 13-15-16,12,19,,6.53,5.99,6.61,6.53,7.19,6.97,6.8,56.60726252800001,6.5
2020-01-28 13-15-16,13,16,9370,,,,,,,,,4.875
2020-01-28 13-15-16,13,17,,8.13,8.15,7.61,,,,,,4.875
2020-01-28 13-15-16,13,18,,8.13,8.15,7.61,7.11,7.11,7.27,,,6.5
2020-01-28 13-15-16,13,19,,8.13,8.15,7.61,7.11,7.11,7.27,7.0,96.283787872,6.5
2020-01-28 13-15-17,14,16,8294,,,,,,,,,4.875
2020-01-28 13-15-17,14,17,,6.13,7.79,7.95,,,,,,4.875
2020-01-28 13-15-17,14,18,,6.13,7.79,7.95,8.23,7.05,7.61,,,6.5
2020-01-28 13-15-17,14,19,,6.13,7.79,7.95,8.23,7.05,7.61,6.96,97.4874868645,6.5
2020-01-28 13-15-17,15,16,0,,,,,,,,,4.875
2020-01-28 13-15-17,15,17,,0.0,0.0,0.0,,,,,,4.875
2020-01-28 13-15-17,15,18,,0.0,0.0,0.0,0.0,0.0,0.0,,,6.5
2020-01-28 13-15-17,15,19,,0.0,0.0,0.0,0.0,0.0,0.0,0.0,-2.0462,6.5
2020-01-28 13-15-18,16,16,1787,,,,,,,,,4.875
2020-01-28 13-15-18,16,17,,6.43,6.35,5.51,,,,,,4.875
2020-01-28 13-15-18,16,18,,6.43,6.35,5.51,6.65,5.99,6.57,,,6.5
2020-01-28 13-15-18,16,19,,6.43,6.35,5.51,6.65,5.99,6.57,6.51,101.1910047245,6.5
2020-01-28 13-15-18,17,16,1800,,,,,,,,,4.875
2020-01-28 13-15-18,17,17,,7.05,8.27,6.87,,,,,,4.875
2020-01-28 13-15-18,17,18,,7.05,8.27,6.87,5.89,7.09,6.93,,,6.5
2020-01-28 13-15-18,17,19,,7.05,8.27,6.87,5.89,7.09,6.93,7.1,104.8061938,6.5
2020-01-28 13-15-19,18,16,1792,,,,,,,,,4.875
2020-01-28 13-15-19,18,17,,6.97,6.97,6.75,,,,,,4.875
2020-01-28 13-15-19,18,18,,6.97,6.97,6.75,6.11,6.91,6.35,,,6.5
2020-01-28 13-15-19,18,19,,6.97,6.97,6.75,6.11,6.91,6.35,6.46,103.8498987005,6.5
2020-01-28 13-15-19,19,16,8421,,,,,,,,,4.875
2020-01-28 13-15-19,19,17,,7.27,6.73,7.61,,,,,,4.875
2020-01-28 13-15-19,19,18,,7.27,6.73,7.61,8.27,8.45,7.69,,,6.5
2020-01-28 13-15-19,19,19,,7.27,6.73,7.61,8.27,8.45,7.69,6.36,31.513509922,6.5
2020-01-28 13-15-20,20,16,30540,,,,,,,,,4.875
2020-01-28 13-15-20,20,17,,-327.67,-327.67,-327.67,,,,,,4.875
2020-01-28 13-15-20,20,18,,-327.67,-327.67,-327.67,-327.67,-327.67,-327.67,,,6.5
2020-01-28 13-15-20,20,19,,-327.67,-327.67,-327.67,-327.67,-327.67,-327.67,7.19,104.62560816050001,6.5
2020-01-28 13-15-20,21,16,9369,,,,,,,,,4.875
2020-01-28 13-15-20,21,17,,7.09,7.45,6.47,,,,,,4.875
2020-01-28 13-15-20,21,18,,7.09,7.45,6.47,7.55,6.93,7.27,,,6.5
2020-01-28 13-15-20,21,19,,7.09,7.45,6.47,7.55,6.93,7.27,6.76,95.639172928,6.5
2020-01-28 13-15-21,22,16,8387,,,,,,,,,4.875
2020-01-28 13-15-21,22,17,,5.99,7.01,6.57,,,,,,4.875
2020-01-28 13-15-21,22,18,,5.99,7.01,6.57,6.11,6.83,5.85,,,6.5
2020-01-28 13-15-21,22,19,,5.99,7.01,6.57,6.11,6.83,5.85,6.4,84.0326435045,6.5
2020-01-28 13-15-21,23,16,1807,,,,,,,,,4.875
2020-01-28 13-15-21,23,17,,6.43,8.27,7.83,,,,,,4.875
2020-01-28 13-15-21,23,18,,6.43,8.27,7.83,7.45,7.73,7.05,,,6.5
2020-01-28 13-15-21,23,19,,6.43,8.27,7.83,7.45,7.73,7.05,6.76,98.7112559605,6.5
2020-01-28 13-15-22,25,16,8406,,,,,,,,,4.875
2020-01-28 13-15-22,25,17,,5.71,7.45,7.73,,,,,,4.875
2020-01-28 13-15-22,25,18,,5.71,7.45,7.73,6.65,7.05,6.39,,,6.5
2020-01-28 13-15-22,25,19,,5.71,7.45,7.73,6.65,7.05,6.39,5.64,86.3376494005,6.5
2020-01-28 13-16-14,10,16,29656,,,,,,,,,4.875
2020-01-28 13-16-14,10,17,,67.82,113.11,120.26,,,,,,4.875
2020-01-28 13-16-14,10,18,,67.82,113.11,120.26,43.37,40.95,40.96,,,6.5
2020-01-28 13-16-14,11,16,1806,,,,,,,,,4.875
2020-01-28 13-16-14,11,17,,9.77,9.71,10.27,,,,,,4.875
2020-01-28 13-16-14,11,18,,9.77,9.71,10.27,9.21,9.03,9.01,,,6.5
2020-01-28 13-16-14,11,19,,9.77,9.71,10.27,9.21,9.03,9.01,-39.389999999999986,-2.0462,6.5
2020-01-28 13-16-15,12,16,8416,,,,,,,,,4.875
2020-01-28 13-16-15,12,17,,6.35,6.13,6.87,,,,,,4.875
2020-01-28 13-16-15,12,18,,6.35,6.13,6.87,6.57,7.51,7.27,,,6.5
2020-01-28 13-16-15,12,19,,6.35,6.13,6.87,6.57,7.51,7.27,6.78,56.79432080200001,6.5
2020-01-28 13-16-15,13,16,9371,,,,,,,,,4.875
2020-01-28 13-16-16,13,17,,8.27,8.05,7.79,,,,,,4.875
2020-01-28 13-16-16,13,18,,8.27,8.05,7.79,7.37,7.01,6.87,,,6.5
2020-01-28 13-16-16,13,19,,8.27,8.05,7.79,7.37,7.01,6.87,7.05,96.391045,6.5
2020-01-28 13-16-16,14,16,8295,,,,,,,,,4.875
2020-01-28 13-16-16,14,17,,6.47,8.19,8.13,,,,,,4.875
2020-01-28 13-16-16,14,18,,6.47,8.19,8.13,7.55,7.05,7.65,,,6.5
2020-01-28 13-16-16,14,19,,6.47,8.19,8.13,7.55,7.05,7.65,6.99,97.59416961250001,6.5
2020-01-28 13-16-17,15,16,0,,,,,,,,,4.875
2020-01-28 13-16-17,15,17,,0.0,0.0,0.0,,,,,,4.875
2020-01-28 13-16-17,15,18,,0.0,0.0,0.0,0.0,0.0,0.0,,,6.5
2020-01-28 13-16-17,15,19,,0.0,0.0,0.0,0.0,0.0,0.0,0.0,-2.0462,6.5
2020-01-28 13-16-17,16,16,1788,,,,,,,,,4.875
2020-01-28 13-16-17,16,17,,6.51,6.91,5.51,,,,,,4.875
2020-01-28 13-16-17,16,18,,6.51,6.91,5.51,6.65,6.17,6.87,,,6.5
2020-01-28 13-16-17,16,19,,6.51,6.91,5.51,6.65,6.17,6.87,6.54,101.13853768450001,6.5
2020-01-28 13-16-18,17,16,1801,,,,,,,,,4.875
2020-01-28 13-16-18,17,17,,7.29,8.37,7.45,,,,,,4.875
2020-01-28 13-16-18,17,18,,7.29,8.37,7.45,6.39,6.91,7.11,,,6.5
2020-01-28 13-16-18,17,19,,7.29,8.37,7.45,6.39,6.91,7.11,7.17,104.9350878125,6.5
2020-01-28 13-16-18,18,16,1793,,,,,,,,,4.875
2020-01-28 13-16-18,18,17,,6.93,7.15,6.65,,,,,,4.875
2020-01-28 13-16-18,18,18,,6.93,7.15,6.65,6.17,6.75,6.61,,,6.5
2020-01-28 13-16-18,18,19,,6.93,7.15,6.65,6.17,6.75,6.61,6.52,103.6425578125,6.5
2020-01-28 13-16-19,19,16,8422,,,,,,,,,4.875
2020-01-28 13-16-19,19,17,,7.65,6.75,7.95,,,,,,4.875
2020-01-28 13-16-19,19,18,,7.65,6.75,7.95,8.45,8.65,7.97,,,6.5
2020-01-28 13-16-19,19,19,,7.65,6.75,7.95,8.45,8.65,7.97,6.42,27.928069568000005,6.5
2020-01-28 13-16-19,20,16,30541,,,,,,,,,4.875
2020-01-28 13-16-19,20,17,,-327.67,-327.67,-327.67,,,,,,4.875
2020-01-28 13-16-19,20,18,,-327.67,-327.67,-327.67,-327.67,-327.67,-327.67,,,6.5
2020-01-28 13-16-19,20,19,,-327.67,-327.67,-327.67,-327.67,-327.67,-327.67,7.24,104.703021152,6.5
2020-01-28 13-16-20,21,16,9370,,,,,,,,,4.875
2020-01-28 13-16-20,21,17,,7.41,6.79,6.73,,,,,,4.875
2020-01-28 13-16-20,21,18,,7.41,6.79,6.73,7.65,7.01,7.47,,,6.5
2020-01-28 13-16-20,21,19,,7.41,6.79,6.73,7.65,7.01,7.47,6.73,95.6122740845,6.5
2020-01-28 13-16-20,22,16,8388,,,,,,,,,4.875
2020-01-28 13-16-20,22,17,,6.57,6.51,6.03,,,,,,4.875
2020-01-28 13-16-20,22,18,,6.57,6.51,6.03,5.99,6.93,5.45,,,6.5
2020-01-28 13-16-20,22,19,,6.57,6.51,6.03,5.99,6.93,5.45,6.42,84.00440125,6.5
2020-01-28 13-16-21,23,16,1808,,,,,,,,,4.875
2020-01-28 13-16-21,23,17,,7.09,7.87,8.13,,,,,,4.875
2020-01-28 13-16-21,23,18,,7.09,7.87,8.13,7.83,7.47,7.29,,,6.5
2020-01-28 13-16-21,23,19,,7.09,7.87,8.13,7.83,7.47,7.29,6.72,98.63165075200001,6.5
2020-01-28 13-16-22,25,16,8407,,,,,,,,,4.875
2020-01-28 13-16-22,25,17,,5.67,7.29,7.83,,,,,,4.875
2020-01-28 13-16-22,25,18,,5.67,7.29,7.83,5.89,7.05,6.75,,,6.5
2020-01-28 13-16-22,25,19,,5.67,7.29,7.83,5.89,7.05,6.75,5.58,86.3376494005,6.5
2020-01-28 13-17-14,10,16,29657,,,,,,,,,4.812
2020-01-28 13-17-14,10,17,,77.77,116.98,122.1,,,,,,4.812
2020-01-28 13-17-14,10,18,,77.77,116.98,122.1,43.4,40.95,40.96,,,6.562
2020-01-28 13-17-15,11,16,1807,,,,,,,,,4.812
2020-01-28 13-17-15,11,17,,9.89,9.99,10.41,,,,,,4.812
2020-01-28 13-17-15,11,18,,9.89,9.99,10.41,9.49,9.61,9.95,,,6.562
2020-01-28 13-17-15,11,19,,9.89,9.99,10.41,9.49,9.61,9.95,-39.389999999999986,-2.0462,6.562
2020-01-28 13-17-15,12,16,8417,,,,,,,,,4.812
2020-01-28 13-17-15,12,17,,6.25,6.39,6.65,,,,,,4.812
2020-01-28 13-17-15,12,18,,6.25,6.39,6.65,6.75,7.37,7.11,,,6.562
2020-01-28 13-17-15,12,19,,6.25,6.39,6.65,6.75,7.37,7.11,6.84,56.66962805000001,6.562
2020-01-28 13-17-16,13,16,9372,,,,,,,,,4.812
2020-01-28 13-17-16,13,17,,8.41,8.41,7.95,,,,,,4.812
2020-01-28 13-17-16,13,18,,8.41,8.41,7.95,7.37,7.23,6.47,,,6.562
2020-01-28 13-17-16,13,19,,8.41,8.41,7.95,7.37,7.23,6.47,7.08,96.31060694050001,6.562
2020-01-28 13-17-16,14,16,8296,,,,,,,,,4.812
2020-01-28 13-17-16,14,17,,6.35,8.51,8.09,,,,,,4.812
2020-01-28 13-17-16,14,18,,6.35,8.51,8.09,8.27,7.27,7.95,,,6.562
2020-01-28 13-17-16,14,19,,6.35,8.51,8.09,8.27,7.27,7.95,7.03,97.54083462050001,6.562
2020-01-28 13-17-17,15,16,0,,,,,,,,,4.812
2020-01-28 13-17-17,15,17,,0.0,0.0,0.0,,,,,,4.812
2020-01-28 13-17-17,15,18,,0.0,0.0,0.0,0.0,0.0,0.0,,,6.562
2020-01-28 13-17-17,15,19,,0.0,0.0,0.0,0.0,0.0,0.0,0.0,-2.0462,6.562
2020-01-28 13-17-17,16,16,1789,,,,,,,,,4.812
2020-01-28 13-17-17,16,17,,6.17,5.99,5.33,,,,,,4.812
2020-01-28 13-17-17,16,18,,6.17,5.99,5.33,6.91,6.51,7.05,,,6.562
2020-01-28 13-17-17,16,19,,6.17,5.99,5.33,6.91,6.51,7.05,6.6,101.0335653125,6.562
2020-01-28 13-17-18,17,16,1802,,,,,,,,,4.812
2020-01-28 13-17-18,17,17,,7.33,8.47,6.93,,,,,,4.812
2020-01-28 13-17-18,17,18,,7.33,8.47,6.93,5.89,7.09,7.33,,,6.562
2020-01-28 13-17-18,17,19,,7.33,8.47,6.93,5.89,7.09,7.33,7.26,104.9350878125,6.562
2020-01-28 13-17-18,18,16,1794,,,,,,,,,4.812
2020-01-28 13-17-18,18,17,,7.37,7.05,6.33,,,,,,4.812
2020-01-28 13-17-18,18,18,,7.37,7.05,6.33,6.51,7.29,6.53,,,6.562
2020-01-28 13-17-18,18,19,,7.37,7.05,6.33,6.51,7.29,6.53,6.48,103.53881078450001,6.562
2020-01-28 13-17-19,19,16,8423,,,,,,,,,4.812
2020-01-28 13-17-19,19,17,,7.45,7.61,7.45,,,,,,4.812
2020-01-28 13-17-19,19,18,,7.45,7.61,7.45,8.61,8.87,8.19,,,6.562
2020-01-28 13-17-19,19,19,,7.45,7.61,7.45,8.61,8.87,8.19,6.51,27.724047938000002,6.562
2020-01-28 13-17-19,20,16,30542,,,,,,,,,4.812
2020-01-28 13-17-19,20,17,,-327.67,-327.67,-327.67,,,,,,4.812
2020-01-28 13-17-19,20,18,,-327.67,-327.67,-327.67,-327.67,-327.67,-327.67,,,6.562
2020-01-28 13-17-19,20,19,,-327.67,-327.67,-327.67,-327.67,-327.67,-327.67,7.34,104.57398354450001,6.562
2020-01-28 13-17-20,21,16,9371,,,,,,,,,4.812
2020-01-28 13-17-20,21,17,,7.23,6.83,6.83,,,,,,4.812
2020-01-28 13-17-20,21,18,,7.23,6.83,6.83,7.41,6.97,7.51,,,6.562
2020-01-28 13-17-20,21,19,,7.23,6.83,6.83,7.41,6.97,7.51,6.78,95.55846682450002,6.562
2020-01-28 13-17-20,22,16,8389,,,,,,,,,4.812
2020-01-28 13-17-20,22,17,,6.51,6.93,6.35,,,,,,4.812
2020-01-28 13-17-20,22,18,,6.51,6.93,6.35,5.99,6.65,5.81,,,6.562
2020-01-28 13-17-20,22,19,,6.51,6.93,6.35,5.99,6.65,5.81,6.46,84.00440125,6.562
2020-01-28 13-17-21,23,16,1809,,,,,,,,,4.812
2020-01-28 13-17-21,23,17,,7.11,7.61,8.19,,,,,,4.812
2020-01-28 13-17-21,23,18,,7.11,7.61,8.19,7.61,7.59,7.19,,,6.562
2020-01-28 13-17-21,23,19,,7.11,7.61,8.19,7.61,7.59,7.19,6.78,98.63165075200001,6.562
2020-01-28 13-17-22,25,16,8408,,,,,,,,,4.812
2020-01-28 13-17-22,25,17,,5.85,6.97,7.65,,,,,,4.812
2020-01-28 13-17-22,25,18,,5.85,6.97,7.65,6.83,6.75,6.79,,,6.562
2020-01-28 13-17-22,25,19,,5.85,6.97,7.65,6.83,6.75,6.79,5.66,86.4495398605,6.562
2020-01-28 13-18-14,10,16,29658,,,,,,,,,4.937
2020-01-28 13-18-14,10,17,,69.8,114.08,120.6,,,,,,4.937
2020-01-28 13-18-14,10,18,,69.8,114.08,120.6,43.45,40.95,40.96,,,6.5
2020-01-28 13-18-15,11,16,1808,,,,,,,,,4.937
2020-01-28 13-18-15,11,17,,9.49,9.85,9.03,,,,,,4.937
2020-01-28 13-18-15,11,18,,9.49,9.85,9.03,9.75,9.57,8.83,,,6.5
2020-01-28 13-18-15,11,19,,9.49,9.85,9.03,9.75,9.57,8.83,-39.389999999999986,-2.0462,6.5
2020-01-28 13-18-15,12,16,8418,,,,,,,,,4.937
2020-01-28 13-18-15,12,17,,6.43,6.13,6.65,,,,,,4.937
2020-01-28 13-18-15,12,18,,6.43,6.13,6.65,6.53,7.45,6.87,,,6.5
2020-01-28 13-18-15,12,19,,6.43,6.13,6.65,6.53,7.45,6.87,6.92,56.79432080200001,6.5
2020-01-28 13-18-16,13,16,9373,,,,,,,,,4.937
2020-01-28 13-18-16,13,17,,8.51,8.09,7.73,,,,,,4.937
2020-01-28 13-18-16,13,18,,8.51,8.09,7.73,7.19,7.51,7.37,,,6.5
2020-01-28 13-18-16,13,19,,8.51,8.09,7.73,7.19,7.51,7.37,7.14,96.4714543405,6.5
2020-01-28 13-18-16,14,16,8297,,,,,,,,,4.937
2020-01-28 13-18-16,14,17,,6.57,8.33,7.87,,,,,,4.937
2020-01-28 13-18-16,14,18,,6.57,8.33,7.87,8.27,7.33,7.91,,,6.5
2020-01-28 13-18-16,14,19,,6.57,8.33,7.87,8.27,7.33,7.91,7.12,97.46080820000002,6.5
2020-01-28 13-18-17,15,16,0,,,,,,,,,4.937
2020-01-28 13-18-17,15,17,,0.0,0.0,0.0,,,,,,4.937
2020-01-28 13-18-17,15,18,,0.0,0.0,0.0,0.0,0.0,0.0,,,6.5
2020-01-28 13-18-17,15,19,,0.0,0.0,0.0,0.0,0.0,0.0,0.0,-2.0462,6.5
2020-01-28 13-18-17,16,16,1790,,,,,,,,,4.937
2020-01-28 13-18-17,16,17,,6.35,6.75,5.63,,,,,,4.937
2020-01-28 13-18-17,16,18,,6.35,6.75,5.63,6.97,6.43,6.75,,,6.5
2020-01-28 13-18-17,16,19,,6.35,6.75,5.63,6.97,6.43,6.75,6.68,100.849740808,6.5
2020-01-28 13-18-18,17,16,1803,,,,,,,,,4.937
2020-01-28 13-18-18,17,17,,7.11,8.41,6.87,,,,,,4.937
2020-01-28 13-18-18,17,18,,7.11,8.41,6.87,6.07,6.69,7.19,,,6.5
2020-01-28 13-18-18,17,19,,7.11,8.41,6.87,6.07,6.69,7.19,7.42,103.7462537845,6.5
2020-01-28 13-18-18,18,16,1795,,,,,,,,,4.937
2020-01-28 13-18-18,18,17,,7.09,7.19,6.43,,,,,,4.937
2020-01-28 13-18-18,18,18,,7.09,7.19,6.43,6.39,6.91,6.79,,,6.5
2020-01-28 13-18-18,18,19,,7.09,7.19,6.43,6.39,6.91,6.79,6.66,103.6425578125,6.5
2020-01-28 13-18-19,19,16,8424,,,,,,,,,4.937
2020-01-28 13-18-19,19,17,,8.05,7.29,7.79,,,,,,4.937
2020-01-28 13-18-19,19,18,,8.05,7.29,7.79,8.55,8.55,7.87,,,6.5
2020-01-28 13-18-19,19,19,,8.05,7.29,7.79,8.55,8.55,7.87,6.58,29.691445,6.5
2020-01-28 13-18-19,20,16,30543,,,,,,,,,4.937
2020-01-28 13-18-19,20,17,,-327.67,-327.67,-327.67,,,,,,4.937
2020-01-28 13-18-19,20,18,,-327.67,-327.67,-327.67,-327.67,-327.67,-327.67,,,6.5
2020-01-28 13-18-19,20,19,,-327.67,-327.67,-327.67,-327.67,-327.67,-327.67,7.43,104.62560816050001,6.5
2020-01-28 13-18-20,21,16,9372,,,,,,,,,4.937
2020-01-28 13-18-20,21,17,,7.47,7.23,6.33,,,,,,4.937
2020-01-28 13-18-20,21,18,,7.47,7.23,6.33,7.65,7.09,7.77,,,6.5
2020-01-28 13-18-20,21,19,,7.47,7.23,6.33,7.65,7.09,7.77,6.81,95.45081401250002,6.5
2020-01-28 13-18-20,22,16,8390,,,,,,,,,4.937
2020-01-28 13-18-21,22,17,,6.35,6.79,6.03,,,,,,4.937
2020-01-28 13-18-21,22,18,,6.35,6.79,6.03,5.99,7.05,5.77,,,6.5
2020-01-28 13-18-21,22,19,,6.35,6.79,6.03,5.99,7.05,5.77,6.48,83.97615580450001,6.5
2020-01-28 13-18-21,23,16,1810,,,,,,,,,4.937
2020-01-28 13-18-21,23,17,,6.87,7.51,7.73,,,,,,4.937
2020-01-28 13-18-21,23,18,,6.87,7.51,7.73,7.45,8.09,6.79,,,6.5
2020-01-28 13-18-21,23,19,,6.87,7.51,7.73,7.45,8.09,6.79,6.86,98.55201682450001,6.5
2020-01-28 13-18-22,25,16,8409,,,,,,,,,4.937
2020-01-28 13-18-22,25,17,,5.93,7.19,7.69,,,,,,4.937
2020-01-28 13-18-22,25,18,,5.93,7.19,7.69,6.13,7.33,6.65,,,6.5
2020-01-28 13-18-22,25,19,,5.93,7.19,7.69,6.13,7.33,6.65,5.68,86.421572032,6.5
2020-01-28 13-19-14,10,16,29659,,,,,,,,,4.875
2020-01-28 13-19-14,10,17,,64.96,111.56,119.01,,,,,,4.875
2020-01-28 13-19-14,10,18,,64.96,111.56,119.01,43.44,40.95,40.96,,,6.562
2020-01-28 13-19-15,11,16,1809,,,,,,,,,4.875
2020-01-28 13-19-15,11,17,,9.85,9.77,10.27,,,,,,4.875
2020-01-28 13-19-15,11,18,,9.85,9.77,10.27,9.85,9.21,10.03,,,6.562
2020-01-28 13-19-15,11,19,,9.85,9.77,10.27,9.85,9.21,10.03,-39.389999999999986,-2.0462,6.562
2020-01-28 13-19-15,12,16,8419,,,,,,,,,4.875
2020-01-28 13-19-15,12,17,,6.39,5.99,6.73,,,,,,4.875
2020-01-28 13-19-15,12,18,,6.39,5.99,6.73,6.43,7.47,6.83,,,6.562
2020-01-28 13-19-15,12,19,,6.39,5.99,6.73,6.43,7.47,6.83,6.82,56.82548601250001,6.562
2020-01-28 13-19-16,13,16,9374,,,,,,,,,4.875
2020-01-28 13-19-16,13,17,,8.23,7.91,7.69,,,,,,4.875
2020-01-28 13-19-16,13,18,,8.23,7.91,7.69,7.59,7.05,6.73,,,6.562
2020-01-28 13-19-16,13,19,,8.23,7.91,7.69,7.59,7.05,6.73,7.04,96.04227266050002,6.562
2020-01-28 13-19-16,14,16,8298,,,,,,,,,4.875
2020-01-28 13-19-16,14,17,,6.25,8.09,7.29,,,,,,4.875
2020-01-28 13-19-16,14,18,,6.25,8.09,7.29,8.23,7.27,7.61,,,6.562
2020-01-28 13-19-16,14,19,,6.25,8.09,7.29,8.23,7.27,7.61,6.99,97.30066920200001,6.562
2020-01-28 13-19-17,15,16,0,,,,,,,,,4.875
2020-01-28 13-19-17,15,17,,0.0,0.0,0.0,,,,,,4.875
2020-01-28 13-19-17,15,18,,0.0,0.0,0.0,0.0,0.0,0.0,,,6.562
2020-01-28 13-19-17,15,19,,0.0,0.0,0.0,0.0,0.0,0.0,0.0,-2.0462,6.562
2020-01-28 13-19-17,16,16,1791,,,,,,,,,4.875
2020-01-28 13-19-18,16,17,,6.39,6.51,5.33,,,,,,4.875
2020-01-28 13-19-18,16,18,,6.39,6.51,5.33,6.53,6.35,6.51,,,6.562
2020-01-28 13-19-18,16,19,,6.39,6.51,5.33,6.53,6.35,6.51,6.49,100.50793761250002,6.562
2020-01-28 13-19-18,17,16,1804,,,,,,,,,4.875
2020-01-28 13-19-18,17,17,1804,6.91,8.55,6.93,,,,,,4.875
2020-01-28 13-19-18,17,18,,,,,5.95,6.79,7.11,,,6.562
2020-01-28 13-19-18,17,19,,,,,5.95,6.79,7.11,7.23,104.4190331125,6.562
2020-01-28 13-19-19,18,16,1796,,,,,,,,,4.875
2020-01-28 13-19-19,18,17,,6.75,6.97,6.35,,,,,,4.875
2020-01-28 13-19-19,18,18,,6.75,6.97,6.35,6.33,6.97,6.53,,,6.562
2020-01-28 13-19-19,18,19,,6.75,6.97,6.35,6.33,6.97,6.53,6.44,103.53881078450001,6.562
2020-01-28 13-19-19,19,16,8425,,,,,,,,,4.875
2020-01-28 13-19-19,19,17,,7.55,7.19,7.61,,,,,,4.875
2020-01-28 13-19-19,19,18,,7.55,7.19,7.61,8.41,8.47,7.83,,,6.562
2020-01-28 13-19-19,19,19,,7.55,7.19,7.61,8.41,8.47,7.83,6.38,35.994736448,6.562
2020-01-28 13-19-20,20,16,30544,,,,,,,,,4.875
2020-01-28 13-19-20,20,17,,-327.67,-327.67,-327.67,,,,,,4.875
2020-01-28 13-19-20,20,18,,-327.67,-327.67,-327.67,-327.67,-327.67,-327.67,,,6.562
2020-01-28 13-19-20,20,19,,-327.67,-327.67,-327.67,-327.67,-327.67,-327.67,7.28,104.49652268800001,6.562
2020-01-28 13-19-20,21,16,9373,,,,,,,,,4.875
2020-01-28 13-19-20,21,17,,7.27,7.27,6.51,,,,,,4.875
2020-01-28 13-19-20,21,18,,7.27,7.27,6.51,7.61,6.43,6.97,,,6.562
2020-01-28 13-19-20,21,19,,7.27,7.27,6.51,7.61,6.43,6.97,6.68,95.28923906450001,6.562
2020-01-28 13-19-21,22,16,8391,,,,,,,,,4.875
2020-01-28 13-19-21,22,17,,6.43,6.93,6.13,,,,,,4.875
2020-01-28 13-19-21,22,18,,6.43,6.93,6.13,5.77,6.61,5.81,,,6.562
2020-01-28 13-19-21,22,19,,6.43,6.93,6.13,5.77,6.61,5.81,6.42,83.947907168,6.562
2020-01-28 13-19-21,23,16,1811,,,,,,,,,4.875
2020-01-28 13-19-21,23,17,,6.83,8.09,8.23,,,,,,4.875
2020-01-28 13-19-21,23,18,,6.83,8.09,8.23,7.61,7.47,6.87,,,6.562
2020-01-28 13-19-21,23,19,,6.83,8.09,8.23,7.61,7.47,6.87,6.72,98.36609264200001,6.562
2020-01-28 13-19-22,25,16,8410,,,,,,,,,4.875
2020-01-28 13-19-22,25,17,,5.71,7.11,7.11,,,,,,4.875
2020-01-28 13-19-22,25,18,,5.71,7.11,7.11,6.87,7.23,6.51,,,6.562
2020-01-28 13-19-22,25,19,,5.71,7.11,7.11,6.87,7.23,6.51,5.6,86.47750449800002,6.562
2020-01-28 13-20-15,10,16,29660,,,,,,,,,4.875
2020-01-28 13-20-15,10,17,,91.41,122.44,124.52,,,,,,4.875
2020-01-28 13-20-15,10,18,,91.41,122.44,124.52,43.52,40.95,40.96,,,6.5
2020-01-28 13-20-15,11,16,1810,,,,,,,,,4.875
2020-01-28 13-20-15,11,17,,10.13,9.77,9.67,,,,,,4.875
2020-01-28 13-20-15,11,18,,10.13,9.77,9.67,9.43,9.71,9.67,,,6.5
2020-01-28 13-20-15,11,19,,10.13,9.77,9.67,9.43,9.71,9.67,-39.389999999999986,-2.0462,6.5
2020-01-28 13-20-16,12,16,8420,,,,,,,,,4.875
2020-01-28 13-20-16,12,17,,6.13,6.07,6.79,,,,,,4.875
2020-01-28 13-20-16,12,18,,6.13,6.07,6.79,6.53,7.27,6.75,,,6.5
2020-01-28 13-20-16,12,19,,6.13,6.07,6.79,6.53,7.27,6.75,6.8,56.88780686050001,6.5
2020-01-28 13-20-16,13,16,9375,,,,,,,,,4.875
2020-01-28 13-20-16,13,17,,8.19,8.09,7.61,,,,,,4.875
2020-01-28 13-20-16,13,18,,8.19,8.09,7.61,7.47,7.37,6.61,,,6.5
2020-01-28 13-20-16,13,19,,8.19,8.09,7.61,7.47,7.37,6.61,7.02,96.6321868645,6.5
2020-01-28 13-20-17,14,16,8299,,,,,,,,,4.875
2020-01-28 13-20-17,14,17,,6.69,8.19,7.95,,,,,,4.875
2020-01-28 13-20-17,14,18,,6.69,8.19,7.95,8.27,7.47,7.37,,,6.5
2020-01-28 13-20-17,14,19,,6.69,8.19,7.95,8.27,7.47,7.37,7.01,97.40744129800001,6.5
2020-01-28 13-20-17,15,16,0,,,,,,,,,4.875
2020-01-28 13-20-17,15,17,,0.0,0.0,0.0,,,,,,4.875
2020-01-28 13-20-17,15,18,,0.0,0.0,0.0,0.0,0.0,0.0,,,6.5
2020-01-28 13-20-17,15,19,,0.0,0.0,0.0,0.0,0.0,0.0,0.0,-2.0462,6.5
2020-01-28 13-20-18,16,16,1792,,,,,,,,,4.875
2020-01-28 13-20-18,16,17,,6.33,6.43,6.03,,,,,,4.875
2020-01-28 13-20-18,16,18,,6.33,6.43,6.03,6.51,6.29,6.57,,,6.5
2020-01-28 13-20-18,16,19,,6.33,6.43,6.03,6.51,6.29,6.57,6.54,100.98105998050002,6.5
2020-01-28 13-20-18,17,16,1805,,,,,,,,,4.875
2020-01-28 13-20-18,17,17,,7.41,8.47,7.37,,,,,,4.875
2020-01-28 13-20-18,17,18,,7.41,8.47,7.37,6.21,7.33,7.27,,,6.5
2020-01-28 13-20-18,17,19,,7.41,8.47,7.37,6.21,7.33,7.27,6.89,104.1605271125,6.5
2020-01-28 13-20-19,18,16,1797,,,,,,,,,4.875
2020-01-28 13-20-19,18,17,,7.15,7.37,5.99,,,,,,4.875
2020-01-28 13-20-19,18,18,,7.15,7.37,5.99,6.17,6.93,6.51,,,6.5
2020-01-28 13-20-19,18,19,,7.15,7.37,5.99,6.17,6.93,6.51,6.54,103.7462537845,6.5
2020-01-28 13-20-19,19,16,8426,,,,,,,,,4.875
2020-01-28 13-20-19,19,17,,7.69,6.97,7.51,,,,,,4.875
2020-01-28 13-20-19,19,18,,7.69,6.97,7.51,8.37,8.27,7.59,,,6.5
2020-01-28 13-20-19,19,19,,7.69,6.97,7.51,8.37,8.27,7.59,6.42,35.129724898,6.5
2020-01-28 13-20-20,20,16,30545,,,,,,,,,4.875
2020-01-28 13-20-20,20,17,,-327.67,-327.67,-327.67,,,,,,4.875
2020-01-28 13-20-20,20,18,,-327.67,-327.67,-327.67,-327.67,-327.67,-327.67,,,6.5
2020-01-28 13-20-20,20,19,,-327.67,-327.67,-327.67,-327.67,-327.67,-327.67,7.27,104.4190331125,6.5
2020-01-28 13-20-20,21,16,9374,,,,,,,,,4.875
2020-01-28 13-20-20,21,17,,7.01,6.91,6.73,,,,,,4.875
2020-01-28 13-20-20,21,18,,7.01,6.91,6.73,7.51,6.65,7.19,,,6.5
2020-01-28 13-20-20,21,19,,7.01,6.91,6.73,7.51,6.65,7.19,6.76,95.3969684605,6.5
2020-01-28 13-20-21,22,16,8392,,,,,,,,,4.875
2020-01-28 13-20-21,22,17,,6.29,6.87,6.07,,,,,,4.875
2020-01-28 13-20-21,22,18,,6.29,6.87,6.07,6.21,6.93,5.81,,,6.5
2020-01-28 13-20-21,22,19,,6.29,6.87,6.07,6.21,6.93,5.81,6.39,83.947907168,6.5
2020-01-28 13-20-21,23,16,1812,,,,,,,,,4.875
2020-01-28 13-20-21,23,17,,6.75,7.87,7.51,,,,,,4.875
2020-01-28 13-20-21,23,18,,6.75,7.87,7.51,7.73,7.41,7.09,,,6.5
2020-01-28 13-20-21,23,19,,6.75,7.87,7.51,7.73,7.41,7.09,6.82,98.6051093005,6.5
2020-01-28 13-20-22,25,16,8411,,,,,,,,,4.875
2020-01-28 13-20-22,25,17,,5.73,7.59,7.59,,,,,,4.875
2020-01-28 13-20-22,25,18,,5.73,7.59,7.59,6.51,7.41,6.79,,,6.5
2020-01-28 13-20-22,25,19,,5.73,7.59,7.59,6.51,7.41,6.79,5.73,86.5054659445,6.5
2020-01-28 13-21-14,10,16,29661,,,,,,,,,4.937
2020-01-28 13-21-14,10,17,,114.85,122.97,125.68,,,,,,4.937
2020-01-28 13-21-14,10,18,,114.85,122.97,125.68,43.47,40.95,40.96,,,6.562
2020-01-28 13-21-14,11,16,1811,,,,,,,,,4.937
2020-01-28 13-21-14,11,17,,9.61,9.53,8.97,,,,,,4.937
2020-01-28 13-21-14,11,18,,9.61,9.53,8.97,9.03,9.03,8.89,,,6.562
2020-01-28 13-21-14,11,19,,9.61,9.53,8.97,9.03,9.03,8.89,-39.389999999999986,-2.0462,6.562
2020-01-28 13-21-15,12,16,8421,,,,,,,,,4.937
2020-01-28 13-21-15,12,17,,6.39,6.29,6.69,,,,,,4.937
2020-01-28 13-21-15,12,18,,6.39,6.29,6.69,6.39,7.27,7.05,,,6.562
2020-01-28 13-21-15,12,19,,6.39,6.29,6.69,6.39,7.27,7.05,6.8,56.856648032,6.562
2020-01-28 13-21-15,13,16,9376,,,,,,,,,4.937
2020-01-28 13-21-15,13,17,,8.13,7.95,7.59,,,,,,4.937
2020-01-28 13-21-15,13,18,,8.13,7.95,7.59,7.37,7.29,7.05,,,6.562
2020-01-28 13-21-15,13,19,,8.13,7.95,7.59,7.37,7.29,7.05,7.03,96.819562952,6.562
2020-01-28 13-21-16,14,16,8300,,,,,,,,,4.937
2020-01-28 13-21-16,14,17,,6.33,7.55,7.97,,,,,,4.937
2020-01-28 13-21-16,14,18,,6.33,7.55,7.97,8.01,7.15,7.45,,,6.562
2020-01-28 13-21-16,14,19,,6.33,7.55,7.97,8.01,7.15,7.45,6.92,97.40744129800001,6.562
2020-01-28 13-21-16,15,16,0,,,,,,,,,4.937
2020-01-28 13-21-16,15,17,,0.0,0.0,0.0,,,,,,4.937
2020-01-28 13-21-16,15,18,,0.0,0.0,0.0,0.0,0.0,0.0,,,6.562
2020-01-28 13-21-16,15,19,,0.0,0.0,0.0,0.0,0.0,0.0,0.0,-2.0462,6.562
2020-01-28 13-21-17,16,16,1793,,,,,,,,,4.937
2020-01-28 13-21-17,16,17,,6.35,6.25,5.77,,,,,,4.937
2020-01-28 13-21-17,16,18,,6.35,6.25,5.77,6.57,6.07,6.57,,,6.562
2020-01-28 13-21-17,16,19,,6.35,6.25,5.77,6.57,6.07,6.57,6.56,100.9285418845,6.562
2020-01-28 13-21-17,17,16,1806,,,,,,,,,4.937
2020-01-28 13-21-17,17,17,,7.29,8.01,6.87,,,,,,4.937
2020-01-28 13-21-17,17,18,,7.29,8.01,6.87,5.93,6.91,7.05,,,6.562
2020-01-28 13-21-17,17,19,,7.29,8.01,6.87,5.93,6.91,7.05,7.16,104.8835397805,6.562
2020-01-28 13-21-18,18,16,1798,,,,,,,,,4.937
2020-01-28 13-21-18,18,17,,7.47,7.41,6.33,,,,,,4.937
2020-01-28 13-21-18,18,18,,7.47,7.41,6.33,6.51,7.01,6.47,,,6.562
2020-01-28 13-21-18,18,19,,7.47,7.41,6.33,6.51,7.01,6.47,6.5,103.6425578125,6.562
2020-01-28 13-21-18,19,16,8427,,,,,,,,,4.937
2020-01-28 13-21-18,19,17,,7.61,7.27,7.19,,,,,,4.937
2020-01-28 13-21-18,19,18,,7.61,7.27,7.19,8.61,8.23,7.73,,,6.562
2020-01-28 13-21-18,19,19,,7.61,7.27,7.19,8.61,8.23,7.73,6.43,33.7612853845,6.562
2020-01-28 13-21-19,20,16,30546,,,,,,,,,4.937
2020-01-28 13-21-19,20,17,,-327.67,-327.67,-327.67,,,,,,4.937
2020-01-28 13-21-19,20,18,,-327.67,-327.67,-327.67,-327.67,-327.67,-327.67,,,6.562
2020-01-28 13-21-19,20,19,,-327.67,-327.67,-327.67,-327.67,-327.67,-327.67,7.23,104.52234616450001,6.562
2020-01-28 13-21-19,21,16,9375,,,,,,,,,4.937
2020-01-28 13-21-19,21,17,,7.37,6.79,6.91,,,,,,4.937
2020-01-28 13-21-19,21,18,,7.37,6.79,6.91,7.37,6.79,6.69,,,6.562
2020-01-28 13-21-19,21,19,,7.37,6.79,6.91,7.37,6.79,6.69,6.66,95.3969684605,6.562
2020-01-28 13-21-20,22,16,8393,,,,,,,,,4.937
2020-01-28 13-21-20,22,17,,6.35,6.57,5.89,,,,,,4.937
2020-01-28 13-21-20,22,18,,6.35,6.57,5.89,5.59,6.97,5.95,,,6.562
2020-01-28 13-21-20,22,19,,6.35,6.57,5.89,5.59,6.97,5.95,6.36,83.9196553405,6.562
2020-01-28 13-21-20,23,16,1813,,,,,,,,,4.937
2020-01-28 13-21-20,23,17,,6.73,7.59,7.41,,,,,,4.937
2020-01-28 13-21-20,23,18,,6.73,7.59,7.41,7.41,7.51,6.79,,,6.562
2020-01-28 13-21-20,23,19,,6.73,7.59,7.41,7.41,7.51,6.79,6.77,98.7112559605,6.562
2020-01-28 13-21-21,25,16,8412,,,,,,,,,4.937
2020-01-28 13-21-21,25,17,,5.85,6.91,7.41,,,,,,4.937
2020-01-28 13-21-21,25,18,,5.85,6.91,7.41,6.69,6.75,6.39,,,6.562
2020-01-28 13-21-21,25,19,,5.85,6.91,7.41,6.69,6.75,6.39,5.68,86.5334242,6.562
2020-01-28 13-22-14,10,16,29662,,,,,,,,,4.875
2020-01-28 13-22-14,10,17,,118.38,124.52,126.07,,,,,,4.875
2020-01-28 13-22-14,10,18,,118.38,124.52,126.07,43.53,40.95,40.96,,,6.562
2020-01-28 13-22-14,11,16,1812,,,,,,,,,4.875
2020-01-28 13-22-14,11,17,,10.19,9.89,9.99,,,,,,4.875
2020-01-28 13-22-14,11,18,,10.19,9.89,9.99,9.49,8.37,9.85,,,6.562
2020-01-28 13-22-14,11,19,,10.19,9.89,9.99,9.49,8.37,9.85,-39.389999999999986,-2.0462,6.562
2020-01-28 13-22-15,12,16,8422,,,,,,,,,4.875
2020-01-28 13-22-15,12,17,,6.33,6.25,6.75,,,,,,4.875
2020-01-28 13-22-15,12,18,,6.33,6.25,6.75,6.39,7.19,6.93,,,6.562
2020-01-28 13-22-15,12,19,,6.33,6.25,6.75,6.39,7.19,6.93,6.72,56.95011494450001,6.562
2020-01-28 13-22-15,13,16,9377,,,,,,,,,4.875
2020-01-28 13-22-15,13,17,,8.15,7.79,7.27,,,,,,4.875
2020-01-28 13-22-15,13,18,,8.15,7.79,7.27,6.83,7.23,6.97,,,6.562
2020-01-28 13-22-15,13,19,,8.15,7.79,7.27,6.83,7.23,6.97,6.89,96.87307025800001,6.562
2020-01-28 13-22-16,14,16,8301,,,,,,,,,4.875
2020-01-28 13-22-16,14,17,,6.43,7.95,7.65,,,,,,4.875
2020-01-28 13-22-16,14,18,,6.43,7.95,7.65,7.95,7.37,7.55,,,6.562
2020-01-28 13-22-16,14,19,,6.43,7.95,7.65,7.95,7.37,7.55,6.88,97.54083462050001,6.562
2020-01-28 13-22-16,15,16,0,,,,,,,,,4.875
2020-01-28 13-22-17,15,17,,0.0,0.0,0.0,,,,,,4.875
2020-01-28 13-22-17,15,18,,0.0,0.0,0.0,0.0,0.0,0.0,,,6.562
2020-01-28 13-22-17,15,19,,0.0,0.0,0.0,0.0,0.0,0.0,0.0,-2.0462,6.562
2020-01-28 13-22-17,16,16,1794,,,,,,,,,4.875
2020-01-28 13-22-17,16,17,,6.39,6.69,5.49,,,,,,4.875
2020-01-28 13-22-17,16,18,,6.39,6.69,5.49,6.43,6.11,6.51,,,6.562
2020-01-28 13-22-17,16,19,,6.39,6.69,5.49,6.43,6.11,6.51,6.46,101.26968135200002,6.562
2020-01-28 13-22-18,17,16,1807,,,,,,,,,4.875
2020-01-28 13-22-18,17,17,,6.87,8.29,6.87,,,,,,4.875
2020-01-28 13-22-18,17,18,,6.87,8.29,6.87,5.89,6.93,7.01,,,6.562
2020-01-28 13-22-18,17,19,,6.87,8.29,6.87,5.89,6.93,7.01,7.1,104.7804054245,6.562
2020-01-28 13-22-18,18,16,1799,,,,,,,,,4.875
2020-01-28 13-22-18,18,17,,7.47,7.33,6.57,,,,,,4.875
2020-01-28 13-22-18,18,18,,7.47,7.33,6.57,6.35,6.91,6.73,,,6.562
2020-01-28 13-22-18,18,19,,7.47,7.33,6.57,6.35,6.91,6.73,6.4,103.9534925605,6.562
2020-01-28 13-22-19,19,16,8428,,,,,,,,,4.875
2020-01-28 13-22-19,19,17,,7.55,7.15,7.55,,,,,,4.875
2020-01-28 13-22-19,19,18,,7.55,7.15,7.55,7.83,8.41,7.65,,,6.562
2020-01-28 13-22-19,19,19,,7.55,7.15,7.55,7.83,8.41,7.65,6.38,30.333602924500006,6.562
2020-01-28 13-22-19,20,16,30547,,,,,,,,,4.875
2020-01-28 13-22-19,20,17,,-327.67,-327.67,-327.67,,,,,,4.875
2020-01-28 13-22-19,20,18,,-327.67,-327.67,-327.67,-327.67,-327.67,-327.67,,,6.562
2020-01-28 13-22-19,20,19,,-327.67,-327.67,-327.67,-327.67,-327.67,-327.67,7.16,104.49652268800001,6.562
2020-01-28 13-22-20,21,16,9376,,,,,,,,,4.875
2020-01-28 13-22-20,21,17,,7.11,6.93,6.51,,,,,,4.875
2020-01-28 13-22-20,21,18,,7.11,6.93,6.51,7.73,6.87,7.27,,,6.562
2020-01-28 13-22-20,21,19,,7.11,6.93,6.51,7.73,6.87,7.27,6.62,95.45081401250002,6.562
2020-01-28 13-22-20,22,16,8394,,,,,,,,,4.875
2020-01-28 13-22-20,22,17,,6.43,6.57,6.03,,,,,,4.875
2020-01-28 13-22-20,22,18,,6.43,6.57,6.03,5.77,6.97,6.03,,,6.562
2020-01-28 13-22-20,22,19,,6.43,6.57,6.03,5.77,6.97,6.03,6.36,83.9196553405,6.562
2020-01-28 13-22-21,23,16,1814,,,,,,,,,4.875
2020-01-28 13-22-21,23,17,,6.69,7.83,7.73,,,,,,4.875
2020-01-28 13-22-21,23,18,,6.69,7.83,7.73,7.15,7.37,6.97,,,6.562
2020-01-28 13-22-21,23,19,,6.69,7.83,7.73,7.15,7.37,6.97,6.66,98.81735156450002,6.562
2020-01-28 13-22-22,25,16,8413,,,,,,,,,4.875
2020-01-28 13-22-22,25,17,,5.55,6.79,7.37,,,,,,4.875
2020-01-28 13-22-22,25,18,,5.55,6.79,7.37,6.25,6.51,6.33,,,6.562
2020-01-28 13-22-22,25,19,,5.55,6.79,7.37,6.25,6.51,6.33,5.6,86.5613792645,6.562
2020-01-28 13-23-14,10,16,29663,,,,,,,,,4.875
2020-01-28 13-23-14,10,17,,71.63,114.42,120.99,,,,,,4.875
2020-01-28 13-23-14,10,18,,71.63,114.42,120.99,43.48,40.95,40.96,,,6.562
2020-01-28 13-23-15,11,16,1813,,,,,,,,,4.875
2020-01-28 13-23-15,11,17,,9.11,9.77,10.47,,,,,,4.875
2020-01-28 13-23-15,11,18,,9.11,9.77,10.47,9.49,9.39,9.95,,,6.562
2020-01-28 13-23-15,11,19,,9.11,9.77,10.47,9.49,9.39,9.95,-39.389999999999986,-2.0462,6.562
2020-01-28 13-23-15,12,16,8423,,,,,,,,,4.875
2020-01-28 13-23-15,12,17,,6.43,6.07,6.69,,,,,,4.875
2020-01-28 13-23-15,12,18,,6.43,6.07,6.69,6.35,7.01,7.11,,,6.562
2020-01-28 13-23-15,12,19,,6.43,6.07,6.69,6.35,7.01,7.11,6.64,56.95011494450001,6.562
2020-01-28 13-23-16,13,16,9378,,,,,,,,,4.875
2020-01-28 13-23-16,13,17,,7.95,8.05,7.69,,,,,,4.875
2020-01-28 13-23-16,13,18,,7.95,8.05,7.69,7.37,7.55,6.97,,,6.562
2020-01-28 13-23-16,13,19,,7.95,8.05,7.69,7.37,7.55,6.97,6.93,97.30066920200001,6.562
2020-01-28 13-23-16,14,16,8302,,,,,,,,,4.875
2020-01-28 13-23-16,14,17,,6.29,8.13,7.69,,,,,,4.875
2020-01-28 13-23-16,14,18,,6.29,8.13,7.69,7.87,7.29,7.51,,,6.562
2020-01-28 13-23-16,14,19,,6.29,8.13,7.69,7.87,7.29,7.51,6.92,97.64749184050001,6.562
2020-01-28 13-23-17,15,16,0,,,,,,,,,4.875
2020-01-28 13-23-17,15,17,,0.0,0.0,0.0,,,,,,4.875
2020-01-28 13-23-17,15,18,,0.0,0.0,0.0,0.0,0.0,0.0,,,6.562
2020-01-28 13-23-17,15,19,,0.0,0.0,0.0,0.0,0.0,0.0,0.0,-2.0462,6.562
2020-01-28 13-23-17,16,16,1795,,,,,,,,,4.875
2020-01-28 13-23-17,16,17,,6.53,6.73,5.45,,,,,,4.875
2020-01-28 13-23-17,16,18,,6.53,6.73,5.45,6.51,6.33,6.75,,,6.562
2020-01-28 13-23-17,16,19,,6.53,6.73,5.45,6.51,6.33,6.75,6.5,101.2434590005,6.562
2020-01-28 13-23-18,17,16,1808,,,,,,,,,4.875
2020-01-28 13-23-18,17,17,,7.29,8.41,6.93,,,,,,4.875
2020-01-28 13-23-18,17,18,,7.29,8.41,6.93,6.17,6.91,7.01,,,6.562
2020-01-28 13-23-18,17,19,,7.29,8.41,6.93,6.17,6.91,7.01,7.17,104.8061938,6.562
2020-01-28 13-23-18,18,16,1800,,,,,,,,,4.875
2020-01-28 13-23-18,18,17,,7.05,7.27,6.39,,,,,,4.875
2020-01-28 13-23-18,18,18,,7.05,7.27,6.39,6.51,6.87,6.39,,,6.562
2020-01-28 13-23-18,18,19,,7.05,7.27,6.39,6.51,6.87,6.39,6.36,103.8498987005,6.562
2020-01-28 13-23-19,19,16,8429,,,,,,,,,4.875
2020-01-28 13-23-19,19,17,,7.83,7.37,7.73,,,,,,4.875
2020-01-28 13-23-19,19,18,,7.83,7.37,7.73,8.37,8.33,7.87,,,6.562
2020-01-28 13-23-19,19,19,,7.83,7.37,7.73,8.37,8.33,7.87,6.44,30.569897042,6.562
2020-01-28 13-23-19,20,16,30548,,,,,,,,,4.875
2020-01-28 13-23-19,20,17,,-327.67,-327.67,-327.67,,,,,,4.875
2020-01-28 13-23-19,20,18,,-327.67,-327.67,-327.67,-327.67,-327.67,-327.67,,,6.562
2020-01-28 13-23-19,20,19,,-327.67,-327.67,-327.67,-327.67,-327.67,-327.67,7.18,104.4190331125,6.562
2020-01-28 13-23-20,21,16,9377,,,,,,,,,4.875
2020-01-28 13-23-20,21,17,,7.47,6.83,6.61,,,,,,4.875
2020-01-28 13-23-20,21,18,,7.47,6.83,6.61,7.51,7.01,7.05,,,6.562
2020-01-28 13-23-20,21,19,,7.47,6.83,6.61,7.51,7.01,7.05,6.6,95.45081401250002,6.562
2020-01-28 13-23-20,22,16,8395,,,,,,,,,4.875
2020-01-28 13-23-20,22,17,,6.29,6.79,6.39,,,,,,4.875
2020-01-28 13-23-20,22,18,,6.29,6.79,6.39,5.71,6.65,5.71,,,6.562
2020-01-28 13-23-20,22,19,,6.29,6.79,6.39,5.71,6.65,5.71,6.38,83.9196553405,6.562
2020-01-28 13-23-21,23,16,1815,,,,,,,,,4.875
2020-01-28 13-23-21,23,17,,6.91,8.23,7.77,,,,,,4.875
2020-01-28 13-23-21,23,18,,6.91,8.23,7.77,7.45,7.69,7.09,,,6.562
2020-01-28 13-23-21,23,19,,6.91,8.23,7.77,7.45,7.69,7.09,6.76,99.108851218,6.562
2020-01-28 13-23-22,25,16,8414,,,,,,,,,4.875
2020-01-28 13-23-22,25,17,,6.07,7.09,7.51,,,,,,4.875
2020-01-28 13-23-22,25,18,,6.07,7.09,7.51,7.01,7.11,6.75,,,6.562
2020-01-28 13-23-22,25,19,,6.07,7.09,7.51,7.01,7.11,6.75,5.67,86.6172798205,6.562
2020-01-28 13-24-14,10,16,29664,,,,,,,,,4.937
2020-01-28 13-24-14,10,17,,61.97,110.98,119.35,,,,,,4.937
2020-01-28 13-24-14,10,18,,61.97,110.98,119.35,43.51,40.95,40.96,,,6.562
2020-01-28 13-24-15,11,16,1814,,,,,,,,,4.937
2020-01-28 13-24-15,11,17,,9.99,10.17,9.81,,,,,,4.937
2020-01-28 13-24-15,11,18,,9.99,10.17,9.81,10.13,9.91,9.07,,,6.562
2020-01-28 13-24-15,11,19,,9.99,10.17,9.81,10.13,9.91,9.07,-39.389999999999986,-2.0462,6.562
2020-01-28 13-24-15,12,16,8424,,,,,,,,,4.937
2020-01-28 13-24-15,12,17,,6.29,5.93,6.57,,,,,,4.937
2020-01-28 13-24-15,12,18,,6.29,5.93,6.57,6.33,7.01,6.91,,,6.562
2020-01-28 13-24-15,12,19,,6.29,5.93,6.57,6.33,7.01,6.91,6.64,56.981264200000005,6.562
2020-01-28 13-24-16,13,16,9379,,,,,,,,,4.937
2020-01-28 13-24-16,13,17,,7.91,7.91,7.59,,,,,,4.937
2020-01-28 13-24-16,13,18,,7.91,7.91,7.59,6.75,7.01,6.53,,,6.562
2020-01-28 13-24-16,13,19,,7.91,7.91,7.59,6.75,7.01,6.53,6.94,97.27396820050001,6.562
2020-01-28 13-24-16,14,16,8303,,,,,,,,,4.937
2020-01-28 13-24-16,14,17,,6.07,7.87,7.91,,,,,,4.937
2020-01-28 13-24-16,14,18,,6.07,7.87,7.91,8.01,7.05,7.55,,,6.562
2020-01-28 13-24-16,14,19,,6.07,7.87,7.91,8.01,7.05,7.55,6.9,97.59416961250001,6.562
2020-01-28 13-24-17,15,16,0,,,,,,,,,4.937
2020-01-28 13-24-17,15,17,,0.0,0.0,0.0,,,,,,4.937
2020-01-28 13-24-17,15,18,,0.0,0.0,0.0,0.0,0.0,0.0,,,6.562
2020-01-28 13-24-17,15,19,,0.0,0.0,0.0,0.0,0.0,0.0,0.0,-2.0462,6.562
2020-01-28 13-24-17,16,16,1796,,,,,,,,,4.937
2020-01-28 13-24-17,16,17,,6.75,6.33,5.05,,,,,,4.937
2020-01-28 13-24-17,16,18,,6.75,6.33,5.05,6.35,6.35,6.69,,,6.562
2020-01-28 13-24-17,16,19,,6.75,6.33,5.05,6.35,6.35,6.69,6.38,101.1910047245,6.562
2020-01-28 13-24-18,17,16,1809,,,,,,,,,4.937
2020-01-28 13-24-18,17,17,,7.23,8.19,7.09,,,,,,4.937
2020-01-28 13-24-18,17,18,,7.23,8.19,7.09,6.17,7.01,6.79,,,6.562
2020-01-28 13-24-18,17,19,,7.23,8.19,7.09,6.17,7.01,6.79,7.16,104.65141568200002,6.562
2020-01-28 13-24-18,18,16,1801,,,,,,,,,4.937
2020-01-28 13-24-18,18,17,,6.91,6.83,6.25,,,,,,4.937
2020-01-28 13-24-18,18,18,,6.91,6.83,6.25,6.21,7.05,6.47,,,6.562
2020-01-28 13-24-18,18,19,,6.91,6.83,6.25,6.21,7.05,6.47,6.38,103.90170201250001,6.562
2020-01-28 13-24-19,19,16,8430,,,,,,,,,4.937
2020-01-28 13-24-19,19,17,,7.23,7.19,7.83,,,,,,4.937
2020-01-28 13-24-19,19,18,,7.23,7.19,7.83,7.91,8.29,7.59,,,6.562
2020-01-28 13-24-19,19,19,,7.23,7.19,7.83,7.91,8.29,7.59,6.34,32.622413360500005,6.562
2020-01-28 13-24-19,20,16,30549,,,,,,,,,4.937
2020-01-28 13-24-19,20,17,,-327.67,-327.67,-327.67,,,,,,4.937
2020-01-28 13-24-19,20,18,,-327.67,-327.67,-327.67,-327.67,-327.67,-327.67,,,6.562
2020-01-28 13-24-19,20,19,,-327.67,-327.67,-327.67,-327.67,-327.67,-327.67,7.18,104.47069602050001,6.562
2020-01-28 13-24-20,21,16,9378,,,,,,,,,4.937
2020-01-28 13-24-20,21,17,,7.23,7.23,6.35,,,,,,4.937
2020-01-28 13-24-20,21,18,,7.23,7.23,6.35,7.41,7.05,6.83,,,6.562
2020-01-28 13-24-20,21,19,,7.23,7.23,6.35,7.41,7.05,6.83,6.57,95.37004089800001,6.562
2020-01-28 13-24-20,22,16,8396,,,,,,,,,4.937
2020-01-28 13-24-20,22,17,,6.53,6.47,6.11,,,,,,4.937
2020-01-28 13-24-20,22,18,,6.53,6.47,6.11,6.13,6.91,5.85,,,6.562
2020-01-28 13-24-20,22,19,,6.53,6.47,6.11,6.13,6.91,5.85,6.34,83.9196553405,6.562
2020-01-28 13-24-21,23,16,1816,,,,,,,,,4.937
2020-01-28 13-24-21,23,17,,6.75,7.73,7.73,,,,,,4.937
2020-01-28 13-24-21,23,18,,6.75,7.73,7.73,7.15,7.45,6.97,,,6.562
2020-01-28 13-24-21,23,19,,6.75,7.73,7.73,7.15,7.45,6.97,6.65,99.02938960450001,6.562
2020-01-28 13-24-22,25,16,8415,,,,,,,,,4.937
2020-01-28 13-24-22,25,17,,5.51,6.69,7.15,,,,,,4.937
2020-01-28 13-24-22,25,18,,5.51,6.69,7.15,6.29,6.61,6.13,,,6.562
2020-01-28 13-24-22,25,19,,5.51,6.69,7.15,6.29,6.61,6.13,5.58,86.6172798205,6.562
2020-01-28 13-25-13,10,16,29665,,,,,,,,,4.75
2020-01-28 13-25-13,10,17,,93.24,123.16,124.91,,,,,,4.75
2020-01-28 13-25-13,10,18,,93.24,123.16,124.91,43.54,40.95,40.96,,,6.562
2020-01-28 13-25-14,11,16,1815,,,,,,,,,4.75
2020-01-28 13-25-14,11,17,,9.95,10.19,9.53,,,,,,4.75
2020-01-28 13-25-14,11,18,,9.95,10.19,9.53,9.21,9.75,9.19,,,6.562
2020-01-28 13-25-14,11,19,,9.95,10.19,9.53,9.21,9.75,9.19,-39.389999999999986,-2.0462,6.562
2020-01-28 13-25-14,12,16,8425,,,,,,,,,4.75
2020-01-28 13-25-14,12,17,,6.33,5.33,6.39,,,,,,4.75
2020-01-28 13-25-14,12,18,,6.33,5.33,6.39,6.29,7.01,6.75,,,6.562
2020-01-28 13-25-14,12,19,,6.33,5.33,6.39,6.29,7.01,6.75,6.5,56.981264200000005,6.562
2020-01-28 13-25-15,13,16,9380,,,,,,,,,4.75
2020-01-28 13-25-15,13,17,,7.65,8.09,7.47,,,,,,4.75
2020-01-28 13-25-15,13,18,,7.65,8.09,7.47,6.69,6.79,6.17,,,6.562
2020-01-28 13-25-15,13,19,,7.65,8.09,7.47,6.69,6.79,6.17,6.62,97.06024531250002,6.562
2020-01-28 13-25-15,14,16,8304,,,,,,,,,4.75
2020-01-28 13-25-15,14,17,,5.59,7.73,7.95,,,,,,4.75
2020-01-28 13-25-15,14,18,,5.59,7.73,7.95,7.41,7.19,7.23,,,6.562
2020-01-28 13-25-15,14,19,,5.59,7.73,7.95,7.41,7.19,7.23,6.64,97.54083462050001,6.562
2020-01-28 13-25-16,15,16,0,,,,,,,,,4.75
2020-01-28 13-25-16,15,17,,0.0,0.0,0.0,,,,,,4.75
2020-01-28 13-25-16,15,18,,0.0,0.0,0.0,0.0,0.0,0.0,,,6.562
2020-01-28 13-25-16,15,19,,0.0,0.0,0.0,0.0,0.0,0.0,0.0,-2.0462,6.562
2020-01-28 13-25-16,16,16,1797,,,,,,,,,4.75
2020-01-28 13-25-16,16,17,,5.95,5.95,5.77,,,,,,4.75
2020-01-28 13-25-16,16,18,,5.95,5.95,5.77,6.07,6.21,6.11,,,6.562
2020-01-28 13-25-16,16,19,,5.95,5.95,5.77,6.07,6.21,6.11,6.14,101.4007452445,6.562
2020-01-28 13-25-17,17,16,1810,,,,,,,,,4.75
2020-01-28 13-25-17,17,17,,6.75,8.01,7.01,,,,,,4.75
2020-01-28 13-25-17,17,18,,6.75,8.01,7.01,5.67,6.65,6.79,,,6.562
2020-01-28 13-25-17,17,19,,6.75,8.01,7.01,5.67,6.65,6.79,6.9,104.34151481800001,6.562
2020-01-28 13-25-17,18,16,1802,,,,,,,,,4.75
2020-01-28 13-25-18,18,17,,6.57,6.93,5.95,,,,,,4.75
2020-01-28 13-25-18,18,18,,6.57,6.93,5.95,5.89,6.65,6.17,,,6.562
2020-01-28 13-25-18,18,19,,6.57,6.93,5.95,5.89,6.65,6.17,6.11,104.134658962,6.562
2020-01-28 13-25-18,19,16,8431,,,,,,,,,4.75
2020-01-28 13-25-18,19,17,,7.45,6.93,7.19,,,,,,4.75
2020-01-28 13-25-18,19,18,,7.45,6.93,7.19,7.91,8.05,7.59,,,6.562
2020-01-28 13-25-18,19,19,,7.45,6.93,7.19,7.91,8.05,7.59,6.1,34.4294869645,6.562
2020-01-28 13-25-19,20,16,30550,,,,,,,,,4.75
2020-01-28 13-25-19,20,17,,-327.67,-327.67,-327.67,,,,,,4.75
2020-01-28 13-25-19,20,18,,-327.67,-327.67,-327.67,-327.67,-327.67,-327.67,,,6.562
2020-01-28 13-25-19,20,19,,-327.67,-327.67,-327.67,-327.67,-327.67,-327.67,6.9,104.4190331125,6.562
2020-01-28 13-25-19,21,16,9379,,,,,,,,,4.75
2020-01-28 13-25-19,21,17,,6.73,6.93,6.21,,,,,,4.75
2020-01-28 13-25-19,21,18,,6.73,6.93,6.21,7.11,6.39,6.47,,,6.562
2020-01-28 13-25-19,21,19,,6.73,6.93,6.21,7.11,6.39,6.47,6.34,95.3161762,6.562
2020-01-28 13-25-20,22,16,8397,,,,,,,,,4.75
2020-01-28 13-25-20,22,17,,5.73,6.17,6.03,,,,,,4.75
2020-01-28 13-25-20,22,18,,5.73,6.17,6.03,5.67,6.47,5.85,,,6.562
2020-01-28 13-25-20,22,19,,5.73,6.17,6.03,5.67,6.47,5.85,6.25,83.9196553405,6.562
2020-01-28 13-25-20,23,16,1817,,,,,,,,,4.75
2020-01-28 13-25-20,23,17,,6.51,7.37,7.09,,,,,,4.75
2020-01-28 13-25-20,23,18,,6.51,7.37,7.09,7.29,7.05,6.69,,,6.562
2020-01-28 13-25-20,23,19,,6.51,7.37,7.09,7.29,7.05,6.69,6.41,99.002896018,6.562
2020-01-28 13-25-21,25,16,8416,,,,,,,,,4.75
2020-01-28 13-25-21,25,17,,5.27,6.93,6.97,,,,,,4.75
2020-01-28 13-25-21,25,18,,5.27,6.93,6.97,6.43,6.65,6.39,,,6.562
2020-01-28 13-25-21,25,19,,5.27,6.93,6.97,6.43,6.65,6.39,5.44,86.701106722,6.562
2020-01-28 13-26-15,10,16,29666,,,,,,,,,4.625
2020-01-28 13-26-15,10,17,,96.38,124.47,124.86,,,,,,4.625
2020-01-28 13-26-15,10,18,,96.38,124.47,124.86,43.47,40.95,40.96,,,6.5
2020-01-28 13-26-15,11,16,1816,,,,,,,,,4.625
2020-01-28 13-26-15,11,17,,9.47,9.77,9.03,,,,,,4.625
2020-01-28 13-26-15,11,18,,9.47,9.77,9.03,8.79,9.43,8.71,,,6.5
2020-01-28 13-26-15,11,19,,9.47,9.77,9.03,8.79,9.43,8.71,-39.389999999999986,-2.0462,6.5
2020-01-28 13-26-16,12,16,8426,,,,,,,,,4.625
2020-01-28 13-26-16,12,17,,6.07,5.29,6.13,,,,,,4.625
2020-01-28 13-26-16,12,18,,6.07,5.29,6.13,6.11,6.61,6.35,,,6.5
2020-01-28 13-26-16,12,19,,6.07,5.29,6.13,6.11,6.61,6.35,6.34,57.1369626125,6.5
2020-01-28 13-26-16,13,16,9381,,,,,,,,,4.625
2020-01-28 13-26-16,13,17,,8.01,7.69,6.93,,,,,,4.625
2020-01-28 13-26-16,13,18,,8.01,7.69,6.93,6.91,6.51,6.47,,,6.5
2020-01-28 13-26-16,13,19,,8.01,7.69,6.93,6.91,6.51,6.47,6.42,97.4874868645,6.5
2020-01-28 13-26-17,14,16,8305,,,,,,,,,4.625
2020-01-28 13-26-17,14,17,,5.93,7.47,7.27,,,,,,4.625
2020-01-28 13-26-17,14,18,,5.93,7.47,7.27,7.51,6.83,7.23,,,6.5
2020-01-28 13-26-17,14,19,,5.93,7.47,7.27,7.51,6.83,7.23,6.41,97.75409800450001,6.5
2020-01-28 13-26-17,15,16,0,,,,,,,,,4.625
2020-01-28 13-26-17,15,17,,0.0,0.0,0.0,,,,,,4.625
2020-01-28 13-26-17,15,18,,0.0,0.0,0.0,0.0,0.0,0.0,,,6.5
2020-01-28 13-26-17,15,19,,0.0,0.0,0.0,0.0,0.0,0.0,0.0,-2.0462,6.5
2020-01-28 13-26-18,16,16,1798,,,,,,,,,4.625
2020-01-28 13-26-18,16,17,,5.81,5.85,5.11,,,,,,4.625
2020-01-28 13-26-18,16,18,,5.81,5.85,5.11,6.03,6.11,6.21,,,6.5
2020-01-28 13-26-18,16,19,,5.81,5.85,5.11,6.03,6.11,6.21,6.0,101.7149731045,6.5
2020-01-28 13-26-18,17,16,1811,,,,,,,,,4.625
2020-01-28 13-26-18,17,17,,7.05,7.65,6.53,,,,,,4.625
2020-01-28 13-26-18,17,18,,7.05,7.65,6.53,5.73,6.53,6.83,,,6.5
2020-01-28 13-26-18,17,19,,7.05,7.65,6.53,5.73,6.53,6.83,6.75,104.4190331125,6.5
2020-01-28 13-26-19,18,16,1803,,,,,,,,,4.625
2020-01-28 13-26-19,18,17,,6.75,6.73,6.25,,,,,,4.625
2020-01-28 13-26-19,18,18,,6.75,6.73,6.25,5.77,6.65,6.25,,,6.5
2020-01-28 13-26-19,18,19,,6.75,6.73,6.25,5.77,6.65,6.25,5.99,104.44486616200001,6.5
2020-01-28 13-26-19,19,16,8432,,,,,,,,,4.625
2020-01-28 13-26-19,19,17,,7.19,6.91,7.37,,,,,,4.625
2020-01-28 13-26-19,19,18,,7.19,6.91,7.37,7.47,7.91,7.09,,,6.5
2020-01-28 13-26-19,19,19,,7.19,6.91,7.37,7.47,7.91,7.09,5.89,32.185987442000005,6.5
2020-01-28 13-26-20,20,16,30551,,,,,,,,,4.625
2020-01-28 13-26-20,20,17,,-327.67,-327.67,-327.67,,,,,,4.625
2020-01-28 13-26-20,20,18,,-327.67,-327.67,-327.67,-327.67,-327.67,-327.67,,,6.5
2020-01-28 13-26-20,20,19,,-327.67,-327.67,-327.67,-327.67,-327.67,-327.67,6.74,104.57398354450001,6.5
2020-01-28 13-26-20,21,16,9380,,,,,,,,,4.625
2020-01-28 13-26-20,21,17,,6.79,6.43,5.89,,,,,,4.625
2020-01-28 13-26-20,21,18,,6.79,6.43,5.89,7.27,6.33,6.35,,,6.5
2020-01-28 13-26-20,21,19,,6.79,6.43,5.89,7.27,6.33,6.35,6.07,95.45081401250002,6.5
2020-01-28 13-26-21,22,16,8398,,,,,,,,,4.625
2020-01-28 13-26-21,22,17,,5.95,6.25,5.85,,,,,,4.625
2020-01-28 13-26-21,22,18,,5.95,6.25,5.85,4.89,6.35,5.81,,,6.5
2020-01-28 13-26-21,22,19,,5.95,6.25,5.85,4.89,6.35,5.81,6.1,83.947907168,6.5
2020-01-28 13-26-21,23,16,1818,,,,,,,,,4.625
2020-01-28 13-26-21,23,17,,6.29,7.37,7.15,,,,,,4.625
2020-01-28 13-26-21,23,18,,6.29,7.37,7.15,7.05,7.11,6.21,,,6.5
2020-01-28 13-26-21,23,19,,6.29,7.37,7.15,7.05,7.11,6.21,6.16,99.29414996450001,6.5
2020-01-28 13-26-22,25,16,8417,,,,,,,,,4.625
2020-01-28 13-26-22,25,17,,5.19,6.39,6.65,,,,,,4.625
2020-01-28 13-26-22,25,18,,5.19,6.39,6.65,6.35,6.43,6.07,,,6.5
2020-01-28 13-26-22,25,19,,5.19,6.39,6.65,6.35,6.43,6.07,5.31,86.78490490450001,6.5
2020-01-28 13-27-15,10,16,29667,,,,,,,,,4.5
2020-01-28 13-27-15,10,17,,59.98,109.82,119.1,,,,,,4.5
2020-01-28 13-27-15,10,18,,59.98,109.82,119.1,43.55,40.95,40.96,,,6.5
2020-01-28 13-27-15,11,16,1817,,,,,,,,,4.5
2020-01-28 13-27-15,11,17,,9.39,9.85,9.85,,,,,,4.5
2020-01-28 13-27-15,11,18,,9.39,9.85,9.85,8.33,9.91,9.53,,,6.5
2020-01-28 13-27-15,11,19,,9.39,9.85,9.85,8.33,9.91,9.53,-39.389999999999986,-2.0462,6.5
2020-01-28 13-27-16,12,16,8427,,,,,,,,,4.5
2020-01-28 13-27-16,12,17,,6.07,5.71,6.13,,,,,,4.5
2020-01-28 13-27-16,12,18,,6.07,5.71,6.13,6.17,6.75,6.39,,,6.5
2020-01-28 13-27-16,12,19,,6.07,5.71,6.13,6.17,6.75,6.39,6.22,57.16809272200001,6.5
2020-01-28 13-27-16,13,16,9382,,,,,,,,,4.5
2020-01-28 13-27-16,13,17,,7.69,7.69,6.97,,,,,,4.5
2020-01-28 13-27-16,13,18,,7.69,7.69,6.97,6.57,6.75,6.25,,,6.5
2020-01-28 13-27-16,13,19,,7.69,7.69,6.97,6.57,6.75,6.25,6.36,97.64749184050001,6.5
2020-01-28 13-27-17,14,16,8306,,,,,,,,,4.5
2020-01-28 13-27-17,14,17,,5.95,7.59,7.23,,,,,,4.5
2020-01-28 13-27-17,14,18,,5.95,7.59,7.23,7.29,6.65,7.11,,,6.5
2020-01-28 13-27-17,14,19,,5.95,7.59,7.23,7.29,6.65,7.11,6.37,97.96715716450001,6.5
2020-01-28 13-27-17,15,16,0,,,,,,,,,4.5
2020-01-28 13-27-17,15,17,,0.0,0.0,0.0,,,,,,4.5
2020-01-28 13-27-17,15,18,,0.0,0.0,0.0,0.0,0.0,0.0,,,6.5
2020-01-28 13-27-17,15,19,,0.0,0.0,0.0,0.0,0.0,0.0,0.0,-2.0462,6.5
2020-01-28 13-27-18,16,16,1799,,,,,,,,,4.5
2020-01-28 13-27-18,16,17,,5.95,6.13,4.97,,,,,,4.5
2020-01-28 13-27-18,16,18,,5.95,6.13,4.97,6.35,5.59,6.07,,,6.5
2020-01-28 13-27-18,16,19,,5.95,6.13,4.97,6.35,5.59,6.07,5.92,101.87191472050002,6.5
2020-01-28 13-27-18,17,16,1812,,,,,,,,,4.5
2020-01-28 13-27-18,17,17,,6.65,8.05,6.43,,,,,,4.5
2020-01-28 13-27-18,17,18,,6.65,8.05,6.43,5.63,6.35,6.47,,,6.5
2020-01-28 13-27-18,17,19,,6.65,8.05,6.43,5.63,6.35,6.47,6.53,104.65141568200002,6.5
2020-01-28 13-27-19,18,16,1804,,,,,,,,,4.5
2020-01-28 13-27-19,18,17,,6.43,6.57,5.99,,,,,,4.5
2020-01-28 13-27-19,18,18,,6.43,6.57,5.99,5.71,6.29,5.99,,,6.5
2020-01-28 13-27-19,18,19,,6.43,6.57,5.99,5.71,6.29,5.99,5.91,104.57398354450001,6.5
2020-01-28 13-27-19,19,16,8433,,,,,,,,,4.5
2020-01-28 13-27-19,19,17,,7.27,6.83,6.91,,,,,,4.5
2020-01-28 13-27-19,19,18,,7.27,6.83,6.91,8.19,7.79,7.47,,,6.5
2020-01-28 13-27-19,19,19,,7.27,6.83,6.91,8.19,7.79,7.47,5.82,30.569897042,6.5
2020-01-28 13-27-20,20,16,30552,,,,,,,,,4.5
2020-01-28 13-27-20,20,17,,-327.67,-327.67,-327.67,,,,,,4.5
2020-01-28 13-27-20,20,18,,-327.67,-327.67,-327.67,-327.67,-327.67,-327.67,,,6.5
2020-01-28 13-27-20,20,19,,-327.67,-327.67,-327.67,-327.67,-327.67,-327.67,6.68,104.67722001250002,6.5
2020-01-28 13-27-20,21,16,9381,,,,,,,,,4.5
2020-01-28 13-27-20,21,17,,6.93,6.73,5.95,,,,,,4.5
2020-01-28 13-27-20,21,18,,6.93,6.73,5.95,7.01,6.53,6.97,,,6.5
2020-01-28 13-27-20,21,19,,6.93,6.73,5.95,7.01,6.53,6.97,6.08,95.55846682450002,6.5
2020-01-28 13-27-21,22,16,8399,,,,,,,,,4.5
2020-01-28 13-27-21,22,17,,6.13,6.13,5.63,,,,,,4.5
2020-01-28 13-27-21,22,18,,6.13,6.13,5.63,5.33,6.21,5.05,,,6.5
2020-01-28 13-27-21,22,19,,6.13,6.13,5.63,5.33,6.21,5.05,6.02,83.97615580450001,6.5
2020-01-28 13-27-21,23,16,1819,,,,,,,,,4.5
2020-01-28 13-27-21,23,17,,6.17,7.11,7.09,,,,,,4.5
2020-01-28 13-27-21,23,18,,6.17,7.11,7.09,6.17,7.09,6.35,,,6.5
2020-01-28 13-27-21,23,19,,6.17,7.11,7.09,6.17,7.09,6.35,6.09,99.45285301250001,6.5
2020-01-28 13-27-22,25,16,8418,,,,,,,,,4.5
2020-01-28 13-27-22,25,17,,5.45,6.39,7.05,,,,,,4.5
2020-01-28 13-27-22,25,18,,5.45,6.39,7.05,6.13,6.25,6.17,,,6.5
2020-01-28 13-27-22,25,19,,5.45,6.39,7.05,6.13,6.25,6.17,5.18,86.8407544045,6.5
2020-01-28 13-28-14,10,16,29668,,,,,,,,,4.562
2020-01-28 13-28-14,10,17,,129.98,128.72,128.14,,,,,,4.562
2020-01-28 13-28-14,10,18,,129.98,128.72,128.14,43.56,40.95,40.96,,,6.375
2020-01-28 13-28-14,11,16,1818,,,,,,,,,4.562
2020-01-28 13-28-14,11,17,,8.89,9.47,10.03,,,,,,4.562
2020-01-28 13-28-14,11,18,,8.89,9.47,10.03,8.27,9.01,9.25,,,6.375
2020-01-28 13-28-14,11,19,,8.89,9.47,10.03,8.27,9.01,9.25,-39.389999999999986,-2.0462,6.375
2020-01-28 13-28-15,12,16,8428,,,,,,,,,4.562
2020-01-28 13-28-15,12,17,,5.85,5.67,6.21,,,,,,4.562
2020-01-28 13-28-15,12,18,,5.85,5.67,6.21,6.03,6.79,6.43,,,6.375
2020-01-28 13-28-15,12,19,,5.85,5.67,6.21,6.03,6.79,6.43,6.28,57.26146390450001,6.375
2020-01-28 13-28-15,13,16,9383,,,,,,,,,4.562
2020-01-28 13-28-15,13,17,,7.45,7.45,6.83,,,,,,4.562
2020-01-28 13-28-15,13,18,,7.45,7.45,6.83,7.15,6.65,6.39,,,6.375
2020-01-28 13-28-15,13,19,,7.45,7.45,6.83,7.15,6.65,6.39,6.38,98.12681751250001,6.375
2020-01-28 13-28-16,14,16,8307,,,,,,,,,4.562
2020-01-28 13-28-16,14,17,,6.21,7.27,7.51,,,,,,4.562
2020-01-28 13-28-16,14,18,,6.21,7.27,7.51,7.11,6.53,7.01,,,6.375
2020-01-28 13-28-16,14,19,,6.21,7.27,7.51,7.11,6.53,7.01,6.46,98.12681751250001,6.375
2020-01-28 13-28-16,15,16,0,,,,,,,,,4.562
2020-01-28 13-28-16,15,17,,0.0,0.0,0.0,,,,,,4.562
2020-01-28 13-28-16,15,18,,0.0,0.0,0.0,0.0,0.0,0.0,,,6.375
2020-01-28 13-28-16,15,19,,0.0,0.0,0.0,0.0,0.0,0.0,0.0,-2.0462,6.375
2020-01-28 13-28-17,16,16,1800,,,,,,,,,4.562
2020-01-28 13-28-17,16,17,,6.03,6.47,5.37,,,,,,4.562
2020-01-28 13-28-17,16,18,,6.03,6.47,5.37,6.13,6.03,6.07,,,6.375
2020-01-28 13-28-17,16,19,,6.03,6.47,5.37,6.13,6.03,6.07,6.06,102.0809915125,6.375
2020-01-28 13-28-17,17,16,1813,,,,,,,,,4.562
2020-01-28 13-28-17,17,17,,6.87,7.87,6.73,,,,,,4.562
2020-01-28 13-28-17,17,18,,6.87,7.87,6.73,5.41,6.39,6.83,,,6.375
2020-01-28 13-28-17,17,19,,6.87,7.87,6.73,5.41,6.39,6.83,6.65,104.9350878125,6.375
2020-01-28 13-28-18,18,16,1805,,,,,,,,,4.562
2020-01-28 13-28-18,18,17,,6.61,6.87,6.03,,,,,,4.562
2020-01-28 13-28-18,18,18,,6.61,6.87,6.03,5.81,6.35,6.43,,,6.375
2020-01-28 13-28-18,18,19,,6.61,6.87,6.03,5.81,6.35,6.43,6.08,104.703021152,6.375
2020-01-28 13-28-18,19,16,8434,,,,,,,,,4.562
2020-01-28 13-28-18,19,17,,6.61,6.65,7.59,,,,,,4.562
2020-01-28 13-28-18,19,18,,6.61,6.65,7.59,8.01,7.69,7.51,,,6.375
2020-01-28 13-28-18,19,19,,6.61,6.65,7.59,8.01,7.69,7.51,5.87,27.349709924500004,6.375
2020-01-28 13-28-19,20,16,30553,,,,,,,,,4.562
2020-01-28 13-28-19,20,17,,-327.67,-327.67,-327.67,,,,,,4.562
2020-01-28 13-28-19,20,18,,-327.67,-327.67,-327.67,-327.67,-327.67,-327.67,,,6.375
2020-01-28 13-28-19,20,19,,-327.67,-327.67,-327.67,-327.67,-327.67,-327.67,6.61,104.7288191005,6.375
2020-01-28 13-28-19,21,16,9382,,,,,,,,,4.562
2020-01-28 13-28-19,21,17,,6.39,6.43,6.21,,,,,,4.562
2020-01-28 13-28-19,21,18,,6.39,6.43,6.21,7.05,6.33,6.73,,,6.375
2020-01-28 13-28-19,21,19,,6.39,6.43,6.21,7.05,6.33,6.73,6.1,95.7198503125,6.375
2020-01-28 13-28-20,22,16,8400,,,,,,,,,4.562
2020-01-28 13-28-20,22,17,,6.13,6.13,6.07,,,,,,4.562
2020-01-28 13-28-20,22,18,,6.13,6.13,6.07,5.95,6.13,5.41,,,6.375
2020-01-28 13-28-20,22,19,,6.13,6.13,6.07,5.95,6.13,5.41,6.0,83.947907168,6.375
2020-01-28 13-28-20,23,16,1820,,,,,,,,,4.562
2020-01-28 13-28-20,23,17,,6.29,7.27,7.01,,,,,,4.562
2020-01-28 13-28-20,23,18,,6.29,7.27,7.01,7.19,7.11,6.57,,,6.375
2020-01-28 13-28-20,23,19,,6.29,7.27,7.01,7.19,7.11,6.57,6.11,99.84910805000001,6.375
2020-01-28 13-28-21,25,16,8419,,,,,,,,,4.562
2020-01-28 13-28-21,25,17,,5.15,6.61,7.27,,,,,,4.562
2020-01-28 13-28-21,25,18,,5.15,6.61,7.27,5.93,6.97,6.25,,,6.375
2020-01-28 13-28-21,25,19,,5.15,6.61,7.27,5.93,6.97,6.25,5.27,86.8965911405,6.375
2020-01-28 13-29-14,10,16,29669,,,,,,,,,4.75
2020-01-28 13-29-14,10,17,,72.26,115.33,121.47,,,,,,4.75
2020-01-28 13-29-14,10,18,,72.26,115.33,121.47,43.57,40.95,40.96,,,6.375
2020-01-28 13-29-14,11,16,1819,,,,,,,,,4.75
2020-01-28 13-29-14,11,17,,8.79,9.43,9.91,,,,,,4.75
2020-01-28 13-29-14,11,18,,8.79,9.43,9.91,8.79,8.89,9.43,,,6.375
2020-01-28 13-29-14,11,19,,8.79,9.43,9.91,8.79,8.89,9.43,-39.389999999999986,-2.0462,6.375
2020-01-28 13-29-15,12,16,8429,,,,,,,,,4.75
2020-01-28 13-29-15,12,17,,5.99,5.55,6.29,,,,,,4.75
2020-01-28 13-29-15,12,18,,5.99,5.55,6.29,6.29,6.83,6.73,,,6.375
2020-01-28 13-29-15,12,19,,5.99,5.55,6.29,6.29,6.83,6.73,6.42,57.41701872200001,6.375
2020-01-28 13-29-15,13,16,9384,,,,,,,,,4.75
2020-01-28 13-29-15,13,17,,8.19,7.87,7.37,,,,,,4.75
2020-01-28 13-29-15,13,18,,8.19,7.87,7.37,7.05,6.93,6.61,,,6.375
2020-01-28 13-29-15,13,19,,8.19,7.87,7.37,7.05,6.93,6.61,6.63,98.55201682450001,6.375
2020-01-28 13-29-16,14,16,8308,,,,,,,,,4.75
2020-01-28 13-29-16,14,17,,6.25,8.13,7.79,,,,,,4.75
2020-01-28 13-29-16,14,18,,6.25,8.13,7.79,7.47,7.15,7.29,,,6.375
2020-01-28 13-29-16,14,19,,6.25,8.13,7.79,7.47,7.15,7.29,6.76,98.2863629845,6.375
2020-01-28 13-29-16,15,16,0,,,,,,,,,4.75
2020-01-28 13-29-17,15,17,,0.0,0.0,0.0,,,,,,4.75
2020-01-28 13-29-17,15,18,,0.0,0.0,0.0,0.0,0.0,0.0,,,6.375
2020-01-28 13-29-17,15,19,,0.0,0.0,0.0,0.0,0.0,0.0,0.0,-2.0462,6.375
2020-01-28 13-29-17,16,16,1801,,,,,,,,,4.75
2020-01-28 13-29-17,16,17,,6.13,5.89,5.27,,,,,,4.75
2020-01-28 13-29-17,16,18,,6.13,5.89,5.27,5.85,5.95,6.33,,,6.375
2020-01-28 13-29-17,16,19,,6.13,5.89,5.27,5.85,5.95,6.33,6.37,101.61028154050001,6.375
2020-01-28 13-29-18,17,16,1814,,,,,,,,,4.75
2020-01-28 13-29-18,17,17,,7.05,8.15,7.01,,,,,,4.75
2020-01-28 13-29-18,17,18,,7.05,8.15,7.01,5.95,6.51,7.09,,,6.375
2020-01-28 13-29-18,17,19,,7.05,8.15,7.01,5.95,6.51,7.09,6.98,104.57398354450001,6.375
2020-01-28 13-29-18,18,16,1806,,,,,,,,,4.75
2020-01-28 13-29-18,18,17,,6.51,6.91,6.33,,,,,,4.75
2020-01-28 13-29-18,18,18,,6.51,6.91,6.33,5.85,6.83,6.43,,,6.375
2020-01-28 13-29-18,18,19,,6.51,6.91,6.33,5.85,6.83,6.43,6.14,103.8498987005,6.375
2020-01-28 13-29-19,19,16,8435,,,,,,,,,4.75
2020-01-28 13-29-19,19,17,,7.01,6.97,7.11,,,,,,4.75
2020-01-28 13-29-19,19,18,,7.01,6.97,7.11,8.05,7.83,7.55,,,6.375
2020-01-28 13-29-19,19,19,,7.01,6.97,7.11,8.05,7.83,7.55,6.18,25.882683848000003,6.375
2020-01-28 13-29-19,20,16,30554,,,,,,,,,4.75
2020-01-28 13-29-19,20,17,,-327.67,-327.67,-327.67,,,,,,4.75
2020-01-28 13-29-19,20,18,,-327.67,-327.67,-327.67,-327.67,-327.67,-327.67,,,6.375
2020-01-28 13-29-19,20,19,,-327.67,-327.67,-327.67,-327.67,-327.67,-327.67,6.83,104.47069602050001,6.375
2020-01-28 13-29-20,21,16,9383,,,,,,,,,4.75
2020-01-28 13-29-20,21,17,,6.65,6.69,6.51,,,,,,4.75
2020-01-28 13-29-20,21,18,,6.65,6.69,6.51,6.51,6.51,6.79,,,6.375
2020-01-28 13-29-20,21,19,,6.65,6.69,6.51,6.51,6.51,6.79,6.46,95.88111892450002,6.375
2020-01-28 13-29-20,22,16,8401,,,,,,,,,4.75
2020-01-28 13-29-20,22,17,,6.17,6.69,6.11,,,,,,4.75
2020-01-28 13-29-20,22,18,,6.17,6.69,6.11,5.77,6.43,5.81,,,6.375
2020-01-28 13-29-20,22,19,,6.17,6.69,6.11,5.77,6.43,5.81,6.1,83.97615580450001,6.375
2020-01-28 13-29-21,23,16,1821,,,,,,,,,4.75
2020-01-28 13-29-21,23,17,,6.87,7.69,7.51,,,,,,4.75
2020-01-28 13-29-21,23,18,,6.87,7.69,7.51,7.45,6.35,6.51,,,6.375
2020-01-28 13-29-21,23,19,,6.87,7.69,7.51,7.45,6.35,6.51,6.45,100.19194832050002,6.375
2020-01-28 13-29-22,25,16,8420,,,,,,,,,4.75
2020-01-28 13-29-22,25,17,,5.77,6.97,7.19,,,,,,4.75
2020-01-28 13-29-22,25,18,,5.77,6.97,7.19,5.45,6.73,6.07,,,6.375
2020-01-28 13-29-22,25,19,,5.77,6.97,7.19,5.45,6.73,6.07,5.48,86.8965911405,6.375
2020-01-28 13-30-14,10,16,29670,,,,,,,,,4.812
2020-01-28 13-30-14,10,17,,120.17,125.78,126.69,,,,,,4.812
2020-01-28 13-30-14,10,18,,120.17,125.78,126.69,43.57,40.95,40.96,,,6.437
2020-01-28 13-30-15,11,16,1820,,,,,,,,,4.812
2020-01-28 13-30-15,11,17,,10.17,10.03,9.35,,,,,,4.812
2020-01-28 13-30-15,11,18,,10.17,10.03,9.35,9.39,9.77,9.19,,,6.437
2020-01-28 13-30-15,11,19,,10.17,10.03,9.35,9.39,9.77,9.19,-39.389999999999986,-2.0462,6.437
2020-01-28 13-30-15,12,16,8430,,,,,,,,,4.812
2020-01-28 13-30-15,12,17,,6.21,5.93,6.39,,,,,,4.812
2020-01-28 13-30-15,12,18,,6.21,5.93,6.39,6.25,7.09,6.61,,,6.437
2020-01-28 13-30-15,12,19,,6.21,5.93,6.39,6.25,7.09,6.61,6.57,57.51031332050001,6.437
2020-01-28 13-30-16,13,16,9385,,,,,,,,,4.812
2020-01-28 13-30-16,13,17,,7.95,7.91,6.79,,,,,,4.812
2020-01-28 13-30-16,13,18,,7.95,7.91,6.79,7.23,6.79,6.35,,,6.437
2020-01-28 13-30-16,13,19,,7.95,7.91,6.79,7.23,6.79,6.35,6.69,98.153416402,6.437
2020-01-28 13-30-16,14,16,8309,,,,,,,,,4.812
2020-01-28 13-30-16,14,17,,5.85,7.79,7.33,,,,,,4.812
2020-01-28 13-30-16,14,18,,5.85,7.79,7.33,7.73,7.05,7.29,,,6.437
2020-01-28 13-30-16,14,19,,5.85,7.79,7.33,7.73,7.05,7.29,6.76,98.07361016050001,6.437
2020-01-28 13-30-17,15,16,0,,,,,,,,,4.812
2020-01-28 13-30-17,15,17,,0.0,0.0,0.0,,,,,,4.812
2020-01-28 13-30-17,15,18,,0.0,0.0,0.0,0.0,0.0,0.0,,,6.437
2020-01-28 13-30-17,15,19,,0.0,0.0,0.0,0.0,0.0,0.0,0.0,-2.0462,6.437
2020-01-28 13-30-17,16,16,1802,,,,,,,,,4.812
2020-01-28 13-30-17,16,17,,6.13,6.33,5.33,,,,,,4.812
2020-01-28 13-30-17,16,18,,6.13,6.33,5.33,6.11,6.07,6.17,,,6.437
2020-01-28 13-30-17,16,19,,6.13,6.33,5.33,6.11,6.07,6.17,6.27,100.98105998050002,6.437
2020-01-28 13-30-18,17,16,1815,,,,,,,,,4.812
2020-01-28 13-30-18,17,17,,7.05,8.01,6.69,,,,,,4.812
2020-01-28 13-30-18,17,18,,7.05,8.01,6.69,5.71,6.53,6.69,,,6.437
2020-01-28 13-30-18,17,19,,7.05,8.01,6.69,5.71,6.53,6.69,7.04,104.44486616200001,6.437
2020-01-28 13-30-18,18,16,1807,,,,,,,,,4.812
2020-01-28 13-30-18,18,17,,6.83,6.53,5.93,,,,,,4.812
2020-01-28 13-30-18,18,18,,6.83,6.53,5.93,5.95,6.53,6.07,,,6.437
2020-01-28 13-30-18,18,19,,6.83,6.53,5.93,5.95,6.53,6.07,6.17,104.00527034450002,6.437
2020-01-28 13-30-19,19,16,8436,,,,,,,,,4.812
2020-01-28 13-30-19,19,17,,7.29,7.23,7.41,,,,,,4.812
2020-01-28 13-30-19,19,18,,7.29,7.23,7.41,8.09,8.13,7.41,,,6.437
2020-01-28 13-30-19,19,19,,7.29,7.23,7.41,8.09,8.13,7.41,6.13,29.759094818,6.437
2020-01-28 13-30-19,20,16,30555,,,,,,,,,4.812
2020-01-28 13-30-19,20,17,,-327.67,-327.67,-327.67,,,,,,4.812
2020-01-28 13-30-19,20,18,,-327.67,-327.67,-327.67,-327.67,-327.67,-327.67,,,6.437
2020-01-28 13-30-19,20,19,,-327.67,-327.67,-327.67,-327.67,-327.67,-327.67,6.9,104.34151481800001,6.437
2020-01-28 13-30-20,21,16,9384,,,,,,,,,4.812
2020-01-28 13-30-20,21,17,,6.69,6.51,6.29,,,,,,4.812
2020-01-28 13-30-20,21,18,,6.69,6.51,6.29,7.69,6.25,7.15,,,6.437
2020-01-28 13-30-20,21,19,,6.69,6.51,6.29,7.69,6.25,7.15,6.42,95.58537205,6.437
2020-01-28 13-30-20,22,16,8402,,,,,,,,,4.812
2020-01-28 13-30-20,22,17,,6.47,6.43,6.17,,,,,,4.812
2020-01-28 13-30-20,22,18,,6.47,6.43,6.17,5.59,6.73,5.63,,,6.437
2020-01-28 13-30-20,22,19,,6.47,6.43,6.17,5.59,6.73,5.63,6.16,83.947907168,6.437
2020-01-28 13-30-21,23,16,1822,,,,,,,,,4.812
2020-01-28 13-30-21,23,17,,6.39,7.55,7.29,,,,,,4.812
2020-01-28 13-30-21,23,18,,6.39,7.55,7.29,7.27,7.33,6.69,,,6.437
2020-01-28 13-30-21,23,19,,6.39,7.55,7.29,7.27,7.33,6.69,6.43,99.9282729005,6.437
2020-01-28 13-30-22,25,16,8421,,,,,,,,,4.812
2020-01-28 13-30-22,25,17,,5.55,6.91,6.53,,,,,,4.812
2020-01-28 13-30-22,25,18,,5.55,6.91,6.53,6.03,6.17,5.95,,,6.437
2020-01-28 13-30-22,25,19,,5.55,6.91,6.53,6.03,6.17,5.95,5.46,86.92450472200001,6.437
2020-01-28 13-31-14,10,16,29671,,,,,,,,,4.687
2020-01-28 13-31-14,10,17,29671,64.58,111.32,119.06,,,,,,4.687
2020-01-28 13-31-14,10,18,,,,,43.64,40.95,40.96,,,6.375
2020-01-28 13-31-15,11,16,1821,,,,,,,,,4.687
2020-01-28 13-31-15,11,17,,9.63,9.25,8.59,,,,,,4.687
2020-01-28 13-31-15,11,18,,9.63,9.25,8.59,8.75,8.47,8.75,,,6.375
2020-01-28 13-31-15,11,19,,9.63,9.25,8.59,8.75,8.47,8.75,-39.389999999999986,-2.0462,6.375
2020-01-28 13-31-15,12,16,8431,,,,,,,,,4.687
2020-01-28 13-31-15,12,17,,6.25,5.67,6.43,,,,,,4.687
2020-01-28 13-31-15,12,18,,6.25,5.67,6.43,6.21,7.01,6.47,,,6.375
2020-01-28 13-31-15,12,19,,6.25,5.67,6.43,6.21,7.01,6.47,6.45,57.54140513800001,6.375
2020-01-28 13-31-16,13,16,9386,,,,,,,,,4.687
2020-01-28 13-31-16,13,17,,7.61,7.51,7.27,,,,,,4.687
2020-01-28 13-31-16,13,18,,7.61,7.51,7.27,6.93,6.61,5.85,,,6.375
2020-01-28 13-31-16,13,19,,7.61,7.51,7.27,6.93,6.61,5.85,6.58,97.80738194050001,6.375
2020-01-28 13-31-16,14,16,8310,,,,,,,,,4.687
2020-01-28 13-31-16,14,17,,6.43,7.47,7.45,,,,,,4.687
2020-01-28 13-31-16,14,18,,6.43,7.47,7.45,8.01,6.83,5.95,,,6.375
2020-01-28 13-31-16,14,19,,6.43,7.47,7.45,8.01,6.83,5.95,6.6,97.96715716450001,6.375
2020-01-28 13-31-17,15,16,0,,,,,,,,,4.687
2020-01-28 13-31-17,15,17,,0.0,0.0,0.0,,,,,,4.687
2020-01-28 13-31-17,15,18,,0.0,0.0,0.0,0.0,0.0,0.0,,,6.375
2020-01-28 13-31-17,15,19,,0.0,0.0,0.0,0.0,0.0,0.0,0.0,-2.0462,6.375
2020-01-28 13-31-17,16,16,1803,,,,,,,,,4.687
2020-01-28 13-31-17,16,17,,6.33,6.11,5.33,,,,,,4.687
2020-01-28 13-31-17,16,18,,6.33,6.11,5.33,5.85,5.77,5.63,,,6.375
2020-01-28 13-31-17,16,19,,6.33,6.11,5.33,5.85,5.77,5.63,6.16,101.29590051250001,6.375
2020-01-28 13-31-18,17,16,1816,,,,,,,,,4.687
2020-01-28 13-31-18,17,17,,6.91,7.95,6.83,,,,,,4.687
2020-01-28 13-31-18,17,18,,6.91,7.95,6.83,5.93,6.53,6.93,,,6.375
2020-01-28 13-31-18,17,19,,6.91,7.95,6.83,5.93,6.53,6.93,6.9,104.85776097800002,6.375
2020-01-28 13-31-18,18,16,1808,,,,,,,,,4.687
2020-01-28 13-31-18,18,17,,7.19,6.35,5.81,,,,,,4.687
2020-01-28 13-31-18,18,18,,7.19,6.35,5.81,6.17,6.65,6.51,,,6.375
2020-01-28 13-31-18,18,19,,7.19,6.35,5.81,6.17,6.65,6.51,6.06,104.10878762050001,6.375
2020-01-28 13-31-19,19,16,8437,,,,,,,,,4.687
2020-01-28 13-31-19,19,17,,7.29,6.93,7.29,,,,,,4.687
2020-01-28 13-31-19,19,18,,7.29,6.93,7.29,8.13,7.77,7.37,,,6.375
2020-01-28 13-31-19,19,19,,7.29,6.93,7.29,8.13,7.77,7.37,6.01,32.185987442000005,6.375
2020-01-28 13-31-19,20,16,30556,,,,,,,,,4.687
2020-01-28 13-31-19,20,17,,-327.67,-327.67,-327.67,,,,,,4.687
2020-01-28 13-31-19,20,18,,-327.67,-327.67,-327.67,-327.67,-327.67,-327.67,,,6.375
2020-01-28 13-31-19,20,19,,-327.67,-327.67,-327.67,-327.67,-327.67,-327.67,6.83,104.08291308800001,6.375
2020-01-28 13-31-20,21,16,9385,,,,,,,,,4.687
2020-01-28 13-31-20,21,17,,7.05,6.93,6.21,,,,,,4.687
2020-01-28 13-31-20,21,18,,7.05,6.93,6.21,7.15,6.69,6.91,,,6.375
2020-01-28 13-31-20,21,19,,7.05,6.93,6.21,7.15,6.69,6.91,6.3,95.55846682450002,6.375
2020-01-28 13-31-20,22,16,8403,,,,,,,,,4.687
2020-01-28 13-31-20,22,17,,5.85,6.33,5.59,,,,,,4.687
2020-01-28 13-31-20,22,18,,5.85,6.33,5.59,5.49,6.57,5.59,,,6.375
2020-01-28 13-31-20,22,19,,5.85,6.33,5.59,5.49,6.57,5.59,6.1,83.947907168,6.375
2020-01-28 13-31-21,23,16,1823,,,,,,,,,4.687
2020-01-28 13-31-21,23,17,,6.47,7.55,7.29,,,,,,4.687
2020-01-28 13-31-21,23,18,,6.47,7.55,7.29,7.05,7.27,6.57,,,6.375
2020-01-28 13-31-21,23,19,,6.47,7.55,7.29,7.05,7.27,6.57,6.28,99.8754995245,6.375
2020-01-28 13-31-22,25,16,8422,,,,,,,,,4.687
2020-01-28 13-31-22,25,17,,5.51,6.53,7.09,,,,,,4.687
2020-01-28 13-31-22,25,18,,5.51,6.53,7.09,5.71,6.53,6.07,,,6.375
2020-01-28 13-31-22,25,19,,5.51,6.53,7.09,5.71,6.53,6.07,5.39,86.9524151125,6.375
2020-01-28 13-32-15,10,16,29672,,,,,,,,,4.687
2020-01-28 13-32-15,10,17,,128.58,128.29,128.14,,,,,,4.687
2020-01-28 13-32-15,10,18,,128.58,128.29,128.14,43.56,40.95,40.96,,,6.375
2020-01-28 13-32-15,11,16,1822,,,,,,,,,4.687
2020-01-28 13-32-15,11,17,,9.91,9.77,9.91,,,,,,4.687
2020-01-28 13-32-15,11,18,,9.91,9.77,9.91,9.11,9.39,9.29,,,6.375
2020-01-28 13-32-15,11,19,,9.91,9.77,9.91,9.11,9.39,9.29,-39.389999999999986,-2.0462,6.375
2020-01-28 13-32-16,12,16,8432,,,,,,,,,4.687
2020-01-28 13-32-16,12,17,,6.13,5.81,6.17,,,,,,4.687
2020-01-28 13-32-16,12,18,,6.13,5.81,6.17,6.39,6.93,6.65,,,6.375
2020-01-28 13-32-16,12,19,,6.13,5.81,6.17,6.39,6.93,6.65,6.45,57.63466144450001,6.375
2020-01-28 13-32-16,13,16,9387,,,,,,,,,4.687
2020-01-28 13-32-16,13,17,,7.95,8.15,7.01,,,,,,4.687
2020-01-28 13-32-16,13,18,,7.95,8.15,7.01,6.93,6.61,6.75,,,6.375
2020-01-28 13-32-16,13,19,,7.95,8.15,7.01,6.93,6.61,6.75,6.54,97.91391152050001,6.375
2020-01-28 13-32-17,14,16,8311,,,,,,,,,4.687
2020-01-28 13-32-17,14,17,,6.33,7.59,7.33,,,,,,4.687
2020-01-28 13-32-17,14,18,,6.33,7.59,7.33,7.79,6.65,7.51,,,6.375
2020-01-28 13-32-17,14,19,,6.33,7.59,7.33,7.79,6.65,7.51,6.62,97.887283912,6.375
2020-01-28 13-32-17,15,16,0,,,,,,,,,4.687
2020-01-28 13-32-17,15,17,,0.0,0.0,0.0,,,,,,4.687
2020-01-28 13-32-17,15,18,,0.0,0.0,0.0,0.0,0.0,0.0,,,6.375
2020-01-28 13-32-17,15,19,,0.0,0.0,0.0,0.0,0.0,0.0,0.0,-2.0462,6.375
2020-01-28 13-32-18,16,16,1804,,,,,,,,,4.687
2020-01-28 13-32-18,16,17,,6.21,6.35,5.37,,,,,,4.687
2020-01-28 13-32-18,16,18,,6.21,6.35,5.37,6.13,5.77,6.43,,,6.375
2020-01-28 13-32-18,16,19,,6.21,6.35,5.37,6.13,5.77,6.43,6.22,101.66263370450001,6.375
2020-01-28 13-32-18,17,16,1817,,,,,,,,,4.687
2020-01-28 13-32-18,17,17,,6.93,8.13,6.75,,,,,,4.687
2020-01-28 13-32-18,17,18,,6.93,8.13,6.75,5.67,6.91,6.83,,,6.375
2020-01-28 13-32-18,17,19,,6.93,8.13,6.75,5.67,6.91,6.83,6.9,104.31566900450001,6.375
2020-01-28 13-32-19,18,16,1809,,,,,,,,,4.687
2020-01-28 13-32-19,18,17,,6.83,6.83,6.35,,,,,,4.687
2020-01-28 13-32-19,18,18,,6.83,6.83,6.35,6.07,6.69,6.25,,,6.375
2020-01-28 13-32-19,18,19,,6.83,6.83,6.35,6.07,6.69,6.25,6.23,104.52234616450001,6.375
2020-01-28 13-32-19,19,16,8438,,,,,,,,,4.687
2020-01-28 13-32-19,19,17,,7.55,7.29,7.05,,,,,,4.687
2020-01-28 13-32-19,19,18,,7.55,7.29,7.05,8.01,8.45,7.33,,,6.375
2020-01-28 13-32-19,19,19,,7.55,7.29,7.05,8.01,8.45,7.33,6.08,30.164725682000004,6.375
2020-01-28 13-32-20,20,16,30557,,,,,,,,,4.687
2020-01-28 13-32-20,20,17,,-327.67,-327.67,-327.67,,,,,,4.687
2020-01-28 13-32-20,20,18,,-327.67,-327.67,-327.67,-327.67,-327.67,-327.67,,,6.375
2020-01-28 13-32-20,20,19,,-327.67,-327.67,-327.67,-327.67,-327.67,-327.67,6.9,103.69441218050001,6.375
2020-01-28 13-32-20,21,16,9386,,,,,,,,,4.687
2020-01-28 13-32-20,21,17,,6.87,6.83,6.35,,,,,,4.687
2020-01-28 13-32-20,21,18,,6.87,6.83,6.35,7.47,6.73,7.15,,,6.375
2020-01-28 13-32-20,21,19,,6.87,6.83,6.35,7.47,6.73,7.15,6.32,95.50464680050001,6.375
2020-01-28 13-32-21,22,16,8404,,,,,,,,,4.687
2020-01-28 13-32-21,22,17,,5.93,6.53,5.81,,,,,,4.687
2020-01-28 13-32-21,22,18,,5.93,6.53,5.81,5.81,6.33,5.19,,,6.375
2020-01-28 13-32-21,22,19,,5.93,6.53,5.81,5.81,6.33,5.19,6.11,83.947907168,6.375
2020-01-28 13-32-21,23,16,1824,,,,,,,,,4.687
2020-01-28 13-32-21,23,17,,6.47,7.51,7.47,,,,,,4.687
2020-01-28 13-32-21,23,18,,6.47,7.51,7.47,7.23,7.27,6.73,,,6.375
2020-01-28 13-32-21,23,19,,6.47,7.51,7.47,7.23,7.27,6.73,6.28,99.9282729005,6.375
2020-01-28 13-32-22,25,16,8423,,,,,,,,,4.687
2020-01-28 13-32-22,25,17,,5.41,6.97,7.23,,,,,,4.687
2020-01-28 13-32-22,25,18,,5.41,6.97,7.23,5.51,7.45,6.35,,,6.375
2020-01-28 13-32-22,25,19,,5.41,6.97,7.23,5.51,7.45,6.35,5.42,87.00822632050001,6.375
2020-01-28 13-33-15,10,16,29673,,,,,,,,,4.625
2020-01-28 13-33-15,10,17,,64.77,112.1,119.83,,,,,,4.625
2020-01-28 13-33-15,10,18,,64.77,112.1,119.83,43.61,40.95,40.96,,,6.312
2020-01-28 13-33-15,11,16,1823,,,,,,,,,4.625
2020-01-28 13-33-15,11,17,,9.49,9.61,9.49,,,,,,4.625
2020-01-28 13-33-15,11,18,,9.49,9.61,9.49,9.19,9.39,9.63,,,6.312
2020-01-28 13-33-15,11,19,,9.49,9.61,9.49,9.19,9.39,9.63,-39.389999999999986,-2.0462,6.312
2020-01-28 13-33-16,12,16,8433,,,,,,,,,4.625
2020-01-28 13-33-16,12,17,,5.85,5.59,6.51,,,,,,4.625
2020-01-28 13-33-16,12,18,,5.85,5.59,6.51,6.13,7.05,6.73,,,6.312
2020-01-28 13-33-16,12,19,,5.85,5.59,6.51,6.13,7.05,6.73,6.56,57.63466144450001,6.312
2020-01-28 13-33-16,13,16,9388,,,,,,,,,4.625
2020-01-28 13-33-16,13,17,,7.65,7.77,6.87,,,,,,4.625
2020-01-28 13-33-16,13,18,,7.65,7.77,6.87,6.83,7.11,6.47,,,6.312
2020-01-28 13-33-16,13,19,,7.65,7.77,6.87,6.83,7.11,6.47,6.58,97.96715716450001,6.312
2020-01-28 13-33-17,14,16,8312,,,,,,,,,4.625
2020-01-28 13-33-17,14,17,,5.85,7.87,7.37,,,,,,4.625
2020-01-28 13-33-17,14,18,,5.85,7.87,7.37,8.19,7.01,7.19,,,6.312
2020-01-28 13-33-17,14,19,,5.85,7.87,7.37,8.19,7.01,7.19,6.62,97.86065311250002,6.312
2020-01-28 13-33-17,15,16,0,,,,,,,,,4.625
2020-01-28 13-33-17,15,17,,0.0,0.0,0.0,,,,,,4.625
2020-01-28 13-33-17,15,18,,0.0,0.0,0.0,0.0,0.0,0.0,,,6.312
2020-01-28 13-33-17,15,19,,0.0,0.0,0.0,0.0,0.0,0.0,0.0,-2.0462,6.312
2020-01-28 13-33-18,16,16,1805,,,,,,,,,4.625
2020-01-28 13-33-18,16,17,,5.89,6.61,5.37,,,,,,4.625
2020-01-28 13-33-18,16,18,,5.89,6.61,5.37,5.89,5.85,6.29,,,6.312
2020-01-28 13-33-18,16,19,,5.89,6.61,5.37,5.89,5.85,6.29,6.31,101.13853768450001,6.312
2020-01-28 13-33-18,17,16,1818,,,,,,,,,4.625
2020-01-28 13-33-18,17,17,,6.83,7.69,6.69,,,,,,4.625
2020-01-28 13-33-18,17,18,,6.83,7.69,6.69,5.63,5.93,6.73,,,6.312
2020-01-28 13-33-18,17,19,,6.83,7.69,6.69,5.63,5.93,6.73,6.86,104.47069602050001,6.312
2020-01-28 13-33-19,18,16,1810,,,,,,,,,4.625
2020-01-28 13-33-19,18,17,,6.73,7.01,6.35,,,,,,4.625
2020-01-28 13-33-19,18,18,,6.73,7.01,6.35,5.89,6.33,6.17,,,6.312
2020-01-28 13-33-19,18,19,,6.73,7.01,6.35,5.89,6.33,6.17,6.18,103.79808262450001,6.312
2020-01-28 13-33-19,19,16,8439,,,,,,,,,4.625
2020-01-28 13-33-19,19,17,,7.09,7.15,7.27,,,,,,4.625
2020-01-28 13-33-19,19,18,,7.09,7.15,7.27,7.95,7.97,7.61,,,6.312
2020-01-28 13-33-19,19,19,,7.09,7.15,7.27,7.95,7.97,7.61,6.18,32.65596224800001,6.312
2020-01-28 13-33-20,20,16,30558,,,,,,,,,4.625
2020-01-28 13-33-20,20,17,,-327.67,-327.67,-327.67,,,,,,4.625
2020-01-28 13-33-20,20,18,,-327.67,-327.67,-327.67,-327.67,-327.67,-327.67,,,6.312
2020-01-28 13-33-20,20,19,,-327.67,-327.67,-327.67,-327.67,-327.67,-327.67,6.94,103.43501270050001,6.312
2020-01-28 13-33-20,21,16,9387,,,,,,,,,4.625
2020-01-28 13-33-20,21,17,,6.57,7.05,5.81,,,,,,4.625
2020-01-28 13-33-20,21,18,,6.57,7.05,5.81,7.23,6.35,6.51,,,6.312
2020-01-28 13-33-20,21,19,,6.57,7.05,5.81,7.23,6.35,6.51,6.39,95.531558408,6.312
2020-01-28 13-33-21,22,16,8405,,,,,,,,,4.625
2020-01-28 13-33-21,22,17,,5.81,6.11,5.95,,,,,,4.625
2020-01-28 13-33-21,22,18,,5.81,6.11,5.95,5.49,6.39,5.59,,,6.312
2020-01-28 13-33-21,22,19,,5.81,6.11,5.95,5.49,6.39,5.59,6.12,83.9196553405,6.312
2020-01-28 13-33-21,23,16,1825,,,,,,,,,4.625
2020-01-28 13-33-21,23,17,,6.33,7.51,7.19,,,,,,4.625
2020-01-28 13-33-21,23,18,,6.33,7.51,7.19,7.45,7.23,6.83,,,6.312
2020-01-28 13-33-21,23,19,,6.33,7.51,7.19,7.45,7.23,6.83,6.28,99.9282729005,6.312
2020-01-28 13-33-22,25,16,8424,,,,,,,,,4.625
2020-01-28 13-33-22,25,17,,5.29,6.65,7.33,,,,,,4.625
2020-01-28 13-33-22,25,18,,5.29,6.65,7.33,5.45,6.97,5.67,,,6.312
2020-01-28 13-33-22,25,19,,5.29,6.65,7.33,5.45,6.97,5.67,5.4,87.00822632050001,6.312
2020-01-28 13-34-15,10,16,29674,,,,,,,,,4.562
2020-01-28 13-34-15,10,17,,95.9,124.57,125.29,,,,,,4.562
2020-01-28 13-34-15,10,18,,95.9,124.57,125.29,43.64,40.95,40.96,,,6.312
2020-01-28 13-34-15,11,16,1824,,,,,,,,,4.562
2020-01-28 13-34-15,11,17,,9.33,9.53,10.03,,,,,,4.562
2020-01-28 13-34-15,11,18,,9.33,9.53,10.03,9.39,8.79,9.43,,,6.312
2020-01-28 13-34-15,11,19,,9.33,9.53,10.03,9.39,8.79,9.43,-39.389999999999986,-2.0462,6.312
2020-01-28 13-34-16,12,16,8434,,,,,,,,,4.562
2020-01-28 13-34-16,12,17,,6.29,5.51,6.17,,,,,,4.562
2020-01-28 13-34-16,12,18,,6.29,5.51,6.17,6.39,6.97,6.57,,,6.312
2020-01-28 13-34-16,12,19,,6.29,5.51,6.17,6.39,6.97,6.57,6.47,57.727889032000014,6.312
2020-01-28 13-34-16,13,16,9389,,,,,,,,,4.562
2020-01-28 13-34-16,13,17,,7.51,7.83,7.29,,,,,,4.562
2020-01-28 13-34-16,13,18,,7.51,7.83,7.29,6.79,6.83,6.39,,,6.312
2020-01-28 13-34-16,13,19,,7.51,7.83,7.29,6.79,6.83,6.39,6.5,97.72745125,6.312
2020-01-28 13-34-17,14,16,8313,,,,,,,,,4.562
2020-01-28 13-34-17,14,17,,6.17,7.55,7.55,,,,,,4.562
2020-01-28 13-34-17,14,18,,6.17,7.55,7.55,7.45,6.79,7.29,,,6.312
2020-01-28 13-34-17,14,19,,6.17,7.55,7.55,7.45,6.79,7.29,6.57,97.75409800450001,6.312
2020-01-28 13-34-17,15,16,0,,,,,,,,,4.562
2020-01-28 13-34-17,15,17,,0.0,0.0,0.0,,,,,,4.562
2020-01-28 13-34-17,15,18,,0.0,0.0,0.0,0.0,0.0,0.0,,,6.312
2020-01-28 13-34-17,15,19,,0.0,0.0,0.0,0.0,0.0,0.0,0.0,-2.0462,6.312
2020-01-28 13-34-18,16,16,1806,,,,,,,,,4.562
2020-01-28 13-34-18,16,17,,6.35,6.17,5.73,,,,,,4.562
2020-01-28 13-34-18,16,18,,6.35,6.17,5.73,6.25,5.99,6.13,,,6.312
2020-01-28 13-34-18,16,19,,6.35,6.17,5.73,6.25,5.99,6.13,6.25,101.4007452445,6.312
2020-01-28 13-34-18,17,16,1819,,,,,,,,,4.562
2020-01-28 13-34-18,17,17,,7.09,7.77,6.21,,,,,,4.562
2020-01-28 13-34-18,17,18,,7.09,7.77,6.21,5.51,6.43,6.39,,,6.312
2020-01-28 13-34-18,17,19,,7.09,7.77,6.21,5.51,6.43,6.39,6.88,104.52234616450001,6.312
2020-01-28 13-34-19,18,16,1811,,,,,,,,,4.562
2020-01-28 13-34-19,18,17,,6.93,6.75,6.13,,,,,,4.562
2020-01-28 13-34-19,18,18,,6.93,6.75,6.13,5.93,7.01,6.33,,,6.312
2020-01-28 13-34-19,18,19,,6.93,6.75,6.13,5.93,7.01,6.33,6.1,104.21225384050001,6.312
2020-01-28 13-34-19,19,16,8440,,,,,,,,,4.562
2020-01-28 13-34-19,19,17,,7.05,6.73,7.09,,,,,,4.562
2020-01-28 13-34-19,19,18,,7.05,6.73,7.09,8.29,8.01,7.37,,,6.312
2020-01-28 13-34-19,19,19,,7.05,6.73,7.09,8.29,8.01,7.37,6.06,33.59403555200001,6.312
2020-01-28 13-34-20,20,16,30559,,,,,,,,,4.562
2020-01-28 13-34-20,20,17,,-327.67,-327.67,-327.67,,,,,,4.562
2020-01-28 13-34-20,20,18,,-327.67,-327.67,-327.67,-327.67,-327.67,-327.67,,,6.312
2020-01-28 13-34-20,20,19,,-327.67,-327.67,-327.67,-327.67,-327.67,-327.67,6.9,103.097316322,6.312
2020-01-28 13-34-20,21,16,9388,,,,,,,,,4.562
2020-01-28 13-34-20,21,17,,6.69,6.75,6.11,,,,,,4.562
2020-01-28 13-34-20,21,18,,6.69,6.75,6.11,7.01,6.35,6.57,,,6.312
2020-01-28 13-34-20,21,19,,6.69,6.75,6.11,7.01,6.35,6.57,6.3,95.45081401250002,6.312
2020-01-28 13-34-21,22,16,8406,,,,,,,,,4.562
2020-01-28 13-34-21,22,17,,5.93,6.11,5.93,,,,,,4.562
2020-01-28 13-34-21,22,18,,5.93,6.11,5.93,5.55,6.33,5.51,,,6.312
2020-01-28 13-34-21,22,19,,5.93,6.11,5.93,5.55,6.33,5.51,6.1,83.9196553405,6.312
2020-01-28 13-34-21,23,16,1826,,,,,,,,,4.562
2020-01-28 13-34-21,23,17,,6.51,7.27,7.33,,,,,,4.562
2020-01-28 13-34-21,23,18,,6.51,7.27,7.33,7.37,7.23,6.29,,,6.312
2020-01-28 13-34-21,23,19,,6.51,7.27,7.33,7.37,7.23,6.29,6.3,99.79631552800001,6.312
2020-01-28 13-34-22,25,16,8425,,,,,,,,,4.562
2020-01-28 13-34-22,25,17,,5.29,6.11,6.97,,,,,,4.562
2020-01-28 13-34-22,25,18,,5.29,6.11,6.97,5.71,6.51,6.11,,,6.312
2020-01-28 13-34-22,25,19,,5.29,6.11,6.97,5.71,6.51,6.11,5.35,87.0640247645,6.312
2020-01-28 13-35-14,10,16,29675,,,,,,,,,4.562
2020-01-28 13-35-14,10,17,,60.95,110.69,119.54,,,,,,4.562
2020-01-28 13-35-14,10,18,,60.95,110.69,119.54,43.67,40.95,40.96,,,6.312
2020-01-28 13-35-15,11,16,1825,,,,,,,,,4.562
2020-01-28 13-35-15,11,17,,9.77,9.67,9.53,,,,,,4.562
2020-01-28 13-35-15,11,18,,9.77,9.67,9.53,8.89,9.53,9.43,,,6.312
2020-01-28 13-35-15,11,19,,9.77,9.67,9.53,8.89,9.53,9.43,-39.389999999999986,-2.0462,6.312
2020-01-28 13-35-15,12,16,8435,,,,,,,,,4.562
2020-01-28 13-35-15,12,17,,6.07,5.67,6.21,,,,,,4.562
2020-01-28 13-35-15,12,18,,6.07,5.67,6.21,6.39,6.91,6.61,,,6.312
2020-01-28 13-35-15,12,19,,6.07,5.67,6.21,6.39,6.91,6.61,6.39,57.790024802000005,6.312
2020-01-28 13-35-16,13,16,9390,,,,,,,,,4.562
2020-01-28 13-35-16,13,17,,8.05,7.77,7.15,,,,,,4.562
2020-01-28 13-35-16,13,18,,8.05,7.77,7.15,7.09,6.97,6.65,,,6.312
2020-01-28 13-35-16,13,19,,8.05,7.77,7.15,7.09,6.97,6.65,6.57,97.7008013045,6.312
2020-01-28 13-35-16,14,16,8314,,,,,,,,,4.562
2020-01-28 13-35-16,14,17,,6.13,7.87,7.15,,,,,,4.562
2020-01-28 13-35-16,14,18,,6.13,7.87,7.15,7.61,6.83,7.41,,,6.312
2020-01-28 13-35-16,14,19,,6.13,7.87,7.15,7.61,6.83,7.41,6.62,97.72745125,6.312
2020-01-28 13-35-17,15,16,0,,,,,,,,,4.562
2020-01-28 13-35-17,15,17,,0.0,0.0,0.0,,,,,,4.562
2020-01-28 13-35-17,15,18,,0.0,0.0,0.0,0.0,0.0,0.0,,,6.312
2020-01-28 13-35-17,15,19,,0.0,0.0,0.0,0.0,0.0,0.0,0.0,-2.0462,6.312
2020-01-28 13-35-17,16,16,1807,,,,,,,,,4.562
2020-01-28 13-35-17,16,17,,5.99,5.95,4.89,,,,,,4.562
2020-01-28 13-35-17,16,18,,5.99,5.95,4.89,6.53,5.37,5.81,,,6.312
2020-01-28 13-35-17,16,19,,5.99,5.95,4.89,6.53,5.37,5.81,6.21,100.98105998050002,6.312
2020-01-28 13-35-18,17,16,1820,,,,,,,,,4.562
2020-01-28 13-35-18,17,17,,6.93,8.19,6.79,,,,,,4.562
2020-01-28 13-35-18,17,18,,6.93,8.19,6.79,5.63,6.35,6.69,,,6.312
2020-01-28 13-35-18,17,19,,6.93,8.19,6.79,5.63,6.35,6.69,6.38,104.1605271125,6.312
2020-01-28 13-35-18,18,16,1812,,,,,,,,,4.562
2020-01-28 13-35-18,18,17,,6.57,6.53,5.93,,,,,,4.562
2020-01-28 13-35-18,18,18,,6.57,6.53,5.93,5.71,6.57,5.95,,,6.312
2020-01-28 13-35-18,18,19,,6.57,6.53,5.93,5.71,6.57,5.95,6.02,103.8498987005,6.312
2020-01-28 13-35-19,19,16,8441,,,,,,,,,4.562
2020-01-28 13-35-19,19,17,,6.73,6.91,7.37,,,,,,4.562
2020-01-28 13-35-19,19,18,,6.73,6.91,7.37,7.83,8.15,7.45,,,6.312
2020-01-28 13-35-19,19,19,,6.73,6.91,7.37,7.83,8.15,7.45,6.03,36.12762368800001,6.312
2020-01-28 13-35-19,20,16,30560,,,,,,,,,4.562
2020-01-28 13-35-19,20,17,,-327.67,-327.67,-327.67,,,,,,4.562
2020-01-28 13-35-19,20,18,,-327.67,-327.67,-327.67,-327.67,-327.67,-327.67,,,6.312
2020-01-28 13-35-19,20,19,,-327.67,-327.67,-327.67,-327.67,-327.67,-327.67,6.92,102.8111520205,6.312
2020-01-28 13-35-20,21,16,9389,,,,,,,,,4.562
2020-01-28 13-35-20,21,17,,7.09,6.87,6.29,,,,,,4.562
2020-01-28 13-35-20,21,18,,7.09,6.87,6.29,7.19,6.83,6.75,,,6.312
2020-01-28 13-35-20,21,19,,7.09,6.87,6.29,7.19,6.83,6.75,6.35,95.3969684605,6.312
2020-01-28 13-35-20,22,16,8407,,,,,,,,,4.562
2020-01-28 13-35-20,22,17,,5.99,6.35,5.77,,,,,,4.562
2020-01-28 13-35-20,22,18,,5.99,6.35,5.77,5.63,6.33,5.51,,,6.312
2020-01-28 13-35-20,22,19,,5.99,6.35,5.77,5.63,6.33,5.51,6.08,83.9196553405,6.312
2020-01-28 13-35-21,23,16,1827,,,,,,,,,4.562
2020-01-28 13-35-21,23,17,,6.33,7.23,7.19,,,,,,4.562
2020-01-28 13-35-21,23,18,,6.33,7.23,7.19,6.79,7.41,6.57,,,6.312
2020-01-28 13-35-21,23,19,,6.33,7.23,7.19,6.79,7.41,6.57,6.26,99.66427838050001,6.312
2020-01-28 13-35-22,25,16,8426,,,,,,,,,4.562
2020-01-28 13-35-22,25,17,,5.55,6.51,7.27,,,,,,4.562
2020-01-28 13-35-22,25,18,,5.55,6.51,7.27,6.13,6.43,6.33,,,6.312
2020-01-28 13-35-22,25,19,,5.55,6.51,7.27,6.13,6.43,6.33,5.32,87.1198104445,6.312
2020-01-28 13-36-14,10,16,29676,,,,,,,,,4.5
2020-01-28 13-36-14,10,17,,62.69,110.89,119.49,,,,,,4.5
2020-01-28 13-36-14,10,18,,62.69,110.89,119.49,43.7,40.95,40.96,,,6.312
2020-01-28 13-36-15,11,16,1826,,,,,,,,,4.5
2020-01-28 13-36-15,11,17,,9.21,9.61,9.47,,,,,,4.5
2020-01-28 13-36-15,11,18,,9.21,9.61,9.47,8.45,8.79,8.75,,,6.312
2020-01-28 13-36-15,11,19,,9.21,9.61,9.47,8.45,8.79,8.75,-39.389999999999986,-2.0462,6.312
2020-01-28 13-36-15,12,16,8436,,,,,,,,,4.5
2020-01-28 13-36-15,12,17,,6.03,5.81,6.51,,,,,,4.5
2020-01-28 13-36-15,12,18,,6.03,5.81,6.51,6.11,6.83,6.87,,,6.312
2020-01-28 13-36-15,12,19,,6.03,5.81,6.51,6.11,6.83,6.87,6.36,57.790024802000005,6.312
2020-01-28 13-36-16,13,16,9391,,,,,,,,,4.5
2020-01-28 13-36-16,13,17,,8.15,7.79,7.01,,,,,,4.5
2020-01-28 13-36-16,13,18,,8.15,7.79,7.01,6.97,7.05,6.79,,,6.312
2020-01-28 13-36-16,13,19,,8.15,7.79,7.01,6.97,7.05,6.79,6.52,97.54083462050001,6.312
2020-01-28 13-36-16,14,16,8315,,,,,,,,,4.5
2020-01-28 13-36-16,14,17,,6.07,8.01,7.65,,,,,,4.5
2020-01-28 13-36-16,14,18,,6.07,8.01,7.65,7.77,6.83,7.47,,,6.312
2020-01-28 13-36-16,14,19,,6.07,8.01,7.65,7.77,6.83,7.47,6.62,97.54083462050001,6.312
2020-01-28 13-36-17,15,16,0,,,,,,,,,4.5
2020-01-28 13-36-17,15,17,,0.0,0.0,0.0,,,,,,4.5
2020-01-28 13-36-17,15,18,,0.0,0.0,0.0,0.0,0.0,0.0,,,6.312
2020-01-28 13-36-17,15,19,,0.0,0.0,0.0,0.0,0.0,0.0,0.0,-2.0462,6.312
2020-01-28 13-36-17,16,16,1808,,,,,,,,,4.5
2020-01-28 13-36-17,16,17,,6.13,6.35,5.11,,,,,,4.5
2020-01-28 13-36-17,16,18,,6.13,6.35,5.11,6.29,6.03,6.17,,,6.312
2020-01-28 13-36-17,16,19,,6.13,6.35,5.11,6.29,6.03,6.17,6.2,101.08605788050001,6.312
2020-01-28 13-36-18,17,16,1821,,,,,,,,,4.5
2020-01-28 13-36-18,17,17,,7.19,8.13,6.73,,,,,,4.5
2020-01-28 13-36-18,17,18,,7.19,8.13,6.73,5.55,6.35,6.91,,,6.312
2020-01-28 13-36-18,17,19,,7.19,8.13,6.73,5.55,6.35,6.91,6.93,104.67722001250002,6.312
2020-01-28 13-36-18,18,16,1813,,,,,,,,,4.5
2020-01-28 13-36-18,18,17,,6.61,6.47,5.99,,,,,,4.5
2020-01-28 13-36-18,18,18,,6.61,6.47,5.99,5.89,6.51,6.21,,,6.312
2020-01-28 13-36-18,18,19,,6.61,6.47,5.99,5.89,6.51,6.21,6.08,104.0570353645,6.312
2020-01-28 13-36-19,19,16,8442,,,,,,,,,4.5
2020-01-28 13-36-19,19,17,,7.29,7.11,6.79,,,,,,4.5
2020-01-28 13-36-19,19,18,,7.29,7.11,6.79,7.87,7.95,7.61,,,6.312
2020-01-28 13-36-19,19,19,,7.29,7.11,6.79,7.87,7.95,7.61,6.06,37.519857202000004,6.312
2020-01-28 13-36-19,20,16,30561,,,,,,,,,4.5
2020-01-28 13-36-19,20,17,,-327.67,-327.67,-327.67,,,,,,4.5
2020-01-28 13-36-19,20,18,,-327.67,-327.67,-327.67,-327.67,-327.67,-327.67,,,6.312
2020-01-28 13-36-19,20,19,,-327.67,-327.67,-327.67,-327.67,-327.67,-327.67,6.9,102.49853242450001,6.312
2020-01-28 13-36-20,21,16,9390,,,,,,,,,4.5
2020-01-28 13-36-20,21,17,,7.01,6.53,6.13,,,,,,4.5
2020-01-28 13-36-20,21,18,,7.01,6.53,6.13,7.01,6.25,6.83,,,6.312
2020-01-28 13-36-20,21,19,,7.01,6.53,6.13,7.01,6.25,6.83,6.37,95.2353552205,6.312
2020-01-28 13-36-20,22,16,8408,,,,,,,,,4.5
2020-01-28 13-36-20,22,17,,5.95,6.29,5.63,,,,,,4.5
2020-01-28 13-36-20,22,18,,5.95,6.29,5.63,5.81,6.65,5.49,,,6.312
2020-01-28 13-36-20,22,19,,5.95,6.29,5.63,5.81,6.65,5.49,6.08,83.9196553405,6.312
2020-01-28 13-36-21,23,16,1828,,,,,,,,,4.5
2020-01-28 13-36-21,23,17,,6.29,7.45,7.09,,,,,,4.5
2020-01-28 13-36-21,23,18,,6.29,7.45,7.09,6.93,7.33,6.75,,,6.312
2020-01-28 13-36-21,23,19,,6.29,7.45,7.09,6.93,7.33,6.75,6.3,99.61144118450001,6.312
2020-01-28 13-36-22,25,16,8427,,,,,,,,,4.5
2020-01-28 13-36-22,25,17,,5.37,6.47,7.37,,,,,,4.5
2020-01-28 13-36-22,25,18,,5.37,6.47,7.37,4.89,7.05,5.99,,,6.312
2020-01-28 13-36-22,25,19,,5.37,6.47,7.37,4.89,7.05,5.99,5.36,87.1755833605,6.312
2020-01-28 13-37-14,10,16,29677,,,,,,,,,4.5
2020-01-28 13-37-14,10,17,,70.76,114.85,120.6,,,,,,4.5
2020-01-28 13-37-14,10,18,,70.76,114.85,120.6,43.77,40.95,40.96,,,6.312
2020-01-28 13-37-15,11,16,1827,,,,,,,,,4.5
2020-01-28 13-37-15,11,17,,9.81,9.33,9.35,,,,,,4.5
2020-01-28 13-37-15,11,18,,9.81,9.33,9.35,8.65,9.29,9.25,,,6.312
2020-01-28 13-37-15,11,19,,9.81,9.33,9.35,8.65,9.29,9.25,-39.389999999999986,-2.0462,6.312
2020-01-28 13-37-15,12,16,8437,,,,,,,,,4.5
2020-01-28 13-37-15,12,17,,5.99,5.71,6.43,,,,,,4.5
2020-01-28 13-37-15,12,18,,5.99,5.71,6.43,6.43,7.37,6.61,,,6.312
2020-01-28 13-37-15,12,19,,5.99,5.71,6.43,6.43,7.37,6.61,6.46,57.790024802000005,6.312
2020-01-28 13-37-16,13,16,9392,,,,,,,,,4.5
2020-01-28 13-37-16,13,17,,7.83,8.13,7.15,,,,,,4.5
2020-01-28 13-37-16,13,18,,7.83,8.13,7.15,6.75,6.83,6.93,,,6.312
2020-01-28 13-37-16,13,19,,7.83,8.13,7.15,6.75,6.83,6.93,6.6,97.43412634450002,6.312
2020-01-28 13-37-16,14,16,8316,,,,,,,,,4.5
2020-01-28 13-37-16,14,17,,6.29,7.95,7.87,,,,,,4.5
2020-01-28 13-37-16,14,18,,6.29,7.95,7.87,7.87,6.91,7.77,,,6.312
2020-01-28 13-37-16,14,19,,6.29,7.95,7.87,7.87,6.91,7.77,6.75,97.43412634450002,6.312
2020-01-28 13-37-17,15,16,0,,,,,,,,,4.5
2020-01-28 13-37-17,15,17,,0.0,0.0,0.0,,,,,,4.5
2020-01-28 13-37-17,15,18,,0.0,0.0,0.0,0.0,0.0,0.0,,,6.312
2020-01-28 13-37-17,15,19,,0.0,0.0,0.0,0.0,0.0,0.0,0.0,-2.0462,6.312
2020-01-28 13-37-17,16,16,1809,,,,,,,,,4.5
2020-01-28 13-37-17,16,17,,5.63,6.47,5.37,,,,,,4.5
2020-01-28 13-37-17,16,18,,5.63,6.47,5.37,6.11,5.85,6.11,,,6.312
2020-01-28 13-37-17,16,19,,5.63,6.47,5.37,6.11,5.85,6.11,6.2,100.82346740050001,6.312
2020-01-28 13-37-18,17,16,1822,,,,,,,,,4.5
2020-01-28 13-37-18,17,17,,7.27,8.09,6.75,,,,,,4.5
2020-01-28 13-37-18,17,18,,7.27,8.09,6.75,5.67,6.51,6.61,,,6.312
2020-01-28 13-37-18,17,19,,7.27,8.09,6.75,5.67,6.51,6.61,6.84,104.2639678045,6.312
2020-01-28 13-37-18,18,16,1814,,,,,,,,,4.5
2020-01-28 13-37-18,18,17,,6.57,6.69,6.17,,,,,,4.5
2020-01-28 13-37-18,18,18,,6.57,6.69,6.17,5.93,6.65,6.33,,,6.312
2020-01-28 13-37-18,18,19,,6.57,6.69,6.17,5.93,6.65,6.33,6.17,103.79808262450001,6.312
2020-01-28 13-37-19,19,16,8443,,,,,,,,,4.5
2020-01-28 13-37-19,19,17,,6.97,6.75,7.11,,,,,,4.5
2020-01-28 13-37-19,19,18,,6.97,6.75,7.11,7.91,7.65,7.55,,,6.312
2020-01-28 13-37-19,19,19,,6.97,6.75,7.11,7.91,7.65,7.55,6.1,39.433211488000005,6.312
2020-01-28 13-37-19,20,16,30562,,,,,,,,,4.5
2020-01-28 13-37-19,20,17,,-327.67,-327.67,-327.67,,,,,,4.5
2020-01-28 13-37-19,20,18,,-327.67,-327.67,-327.67,-327.67,-327.67,-327.67,,,6.312
2020-01-28 13-37-19,20,19,,-327.67,-327.67,-327.67,-327.67,-327.67,-327.67,6.94,102.15934265800001,6.312
2020-01-28 13-37-20,21,16,9391,,,,,,,,,4.5
2020-01-28 13-37-20,21,17,,7.01,7.11,6.21,,,,,,4.5
2020-01-28 13-37-20,21,18,,7.01,7.11,6.21,7.33,6.43,7.05,,,6.312
2020-01-28 13-37-20,21,19,,7.01,7.11,6.21,7.33,6.43,7.05,6.4,95.2353552205,6.312
2020-01-28 13-37-21,23,16,1829,,,,,,,,,4.5
2020-01-28 13-37-21,23,17,,6.35,7.27,7.33,,,,,,4.5
2020-01-28 13-37-21,23,18,,6.35,7.27,7.33,7.83,7.01,6.83,,,6.312
2020-01-28 13-37-21,23,19,,6.35,7.27,7.33,7.83,7.01,6.83,6.34,99.479292352,6.312
2020-01-28 13-37-22,25,16,8428,,,,,,,,,4.5
2020-01-28 13-37-22,25,17,,5.63,6.47,7.33,,,,,,4.5
2020-01-28 13-37-22,25,18,,5.63,6.47,7.33,5.59,6.97,6.39,,,6.312
2020-01-28 13-37-22,25,19,,5.63,6.47,7.33,5.59,6.97,6.39,5.44,87.1755833605,6.312
2020-01-28 13-38-14,10,16,29678,,,,,,,,,4.562
2020-01-28 13-38-14,10,17,,124.23,127.27,127.03,,,,,,4.562
2020-01-28 13-38-14,10,18,,124.23,127.27,127.03,43.66,40.95,40.96,,,6.312
2020-01-28 13-38-15,11,16,1828,,,,,,,,,4.562
2020-01-28 13-38-15,11,17,,9.39,9.85,9.63,,,,,,4.562
2020-01-28 13-38-15,11,18,,9.39,9.85,9.63,9.25,8.33,9.47,,,6.312
2020-01-28 13-38-15,11,19,,9.39,9.85,9.63,9.25,8.33,9.47,-39.389999999999986,-2.0462,6.312
2020-01-28 13-38-15,12,16,8438,,,,,,,,,4.562
2020-01-28 13-38-15,12,17,,5.99,5.63,6.47,,,,,,4.562
2020-01-28 13-38-15,12,18,,5.99,5.63,6.47,6.33,7.15,6.83,,,6.312
2020-01-28 13-38-15,12,19,,5.99,5.63,6.47,6.33,7.15,6.83,6.5,57.790024802000005,6.312
2020-01-28 13-38-16,13,16,9393,,,,,,,,,4.562
2020-01-28 13-38-16,13,17,,8.09,7.77,7.51,,,,,,4.562
2020-01-28 13-38-16,13,18,,8.09,7.77,7.51,6.93,6.21,6.75,,,6.312
2020-01-28 13-38-16,13,19,,8.09,7.77,7.51,6.93,6.21,6.75,6.74,97.4874868645,6.312
2020-01-28 13-38-16,14,16,8317,,,,,,,,,4.562
2020-01-28 13-38-16,14,17,,6.13,7.61,7.33,,,,,,4.562
2020-01-28 13-38-16,14,18,,6.13,7.61,7.33,8.09,6.83,7.29,,,6.312
2020-01-28 13-38-16,14,19,,6.13,7.61,7.33,8.09,6.83,7.29,6.76,97.2205566245,6.312
2020-01-28 13-38-17,15,16,0,,,,,,,,,4.562
2020-01-28 13-38-17,15,17,,0.0,0.0,0.0,,,,,,4.562
2020-01-28 13-38-17,15,18,,0.0,0.0,0.0,0.0,0.0,0.0,,,6.312
2020-01-28 13-38-17,15,19,,0.0,0.0,0.0,0.0,0.0,0.0,0.0,-2.0462,6.312
2020-01-28 13-38-17,16,16,1810,,,,,,,,,4.562
2020-01-28 13-38-17,16,17,,6.51,6.29,5.51,,,,,,4.562
2020-01-28 13-38-17,16,18,,6.51,6.29,5.51,6.69,5.89,6.79,,,6.312
2020-01-28 13-38-17,16,19,,6.51,6.29,5.51,6.69,5.89,6.79,6.41,100.98105998050002,6.312
2020-01-28 13-38-18,17,16,1823,,,,,,,,,4.562
2020-01-28 13-38-18,17,17,,7.05,8.27,6.73,,,,,,4.562
2020-01-28 13-38-18,17,18,,7.05,8.27,6.73,5.67,6.61,6.93,,,6.312
2020-01-28 13-38-18,17,19,,7.05,8.27,6.73,5.67,6.61,6.93,7.26,104.8319789845,6.312
2020-01-28 13-38-18,18,16,1815,,,,,,,,,4.562
2020-01-28 13-38-18,18,17,,6.83,6.97,6.25,,,,,,4.562
2020-01-28 13-38-18,18,18,,6.83,6.97,6.25,6.07,6.43,6.35,,,6.312
2020-01-28 13-38-18,18,19,,6.83,6.97,6.25,6.07,6.43,6.35,6.23,103.720334578,6.312
2020-01-28 13-38-19,19,16,8444,,,,,,,,,4.562
2020-01-28 13-38-19,19,17,,7.33,6.83,7.37,,,,,,4.562
2020-01-28 13-38-19,19,18,,7.33,6.83,7.37,8.23,8.15,7.59,,,6.312
2020-01-28 13-38-19,19,19,,7.33,6.83,7.37,8.23,8.15,7.59,6.2,39.531886112500004,6.312
2020-01-28 13-38-19,20,16,30563,,,,,,,,,4.562
2020-01-28 13-38-19,20,17,,-327.67,-327.67,-327.67,,,,,,4.562
2020-01-28 13-38-19,20,18,,-327.67,-327.67,-327.67,-327.67,-327.67,-327.67,,,6.312
2020-01-28 13-38-19,20,19,,-327.67,-327.67,-327.67,-327.67,-327.67,-327.67,7.04,102.1854533245,6.312
2020-01-28 13-38-20,21,16,9392,,,,,,,,,4.562
2020-01-28 13-38-20,21,17,,6.97,6.73,6.43,,,,,,4.562
2020-01-28 13-38-20,21,18,,6.97,6.73,6.43,7.09,6.83,6.75,,,6.312
2020-01-28 13-38-20,21,19,,6.97,6.73,6.43,7.09,6.83,6.75,6.4,94.96574454050001,6.312
2020-01-28 13-38-21,23,16,1830,,,,,,,,,4.562
2020-01-28 13-38-21,23,17,,6.53,7.65,7.37,,,,,,4.562
2020-01-28 13-38-21,23,18,,6.53,7.65,7.37,7.29,7.55,7.09,,,6.312
2020-01-28 13-38-21,23,19,,6.53,7.65,7.37,7.29,7.55,7.09,6.45,99.3999647605,6.312
2020-01-28 13-38-22,25,16,8429,,,,,,,,,4.562
2020-01-28 13-38-22,25,17,,5.33,6.91,7.29,,,,,,4.562
2020-01-28 13-38-22,25,18,,5.33,6.91,7.29,5.77,6.97,6.39,,,6.312
2020-01-28 13-38-22,25,19,,5.33,6.91,7.29,5.77,6.97,6.39,5.43,87.20346503200001,6.312
2020-01-28 13-39-15,10,16,29679,,,,,,,,,4.625
2020-01-28 13-39-15,10,17,,76.52,116.78,121.81,,,,,,4.625
2020-01-28 13-39-15,10,18,,76.52,116.78,121.81,43.68,40.95,40.96,,,6.25
2020-01-28 13-39-15,11,16,1829,,,,,,,,,4.625
2020-01-28 13-39-15,11,17,,8.89,9.53,9.95,,,,,,4.625
2020-01-28 13-39-15,11,18,,8.89,9.53,9.95,9.21,9.25,9.89,,,6.25
2020-01-28 13-39-15,11,19,,8.89,9.53,9.95,9.21,9.25,9.89,-39.389999999999986,-2.0462,6.25
2020-01-28 13-39-16,12,16,8439,,,,,,,,,4.625
2020-01-28 13-39-16,12,17,,6.33,5.77,6.57,,,,,,4.625
2020-01-28 13-39-16,12,18,,6.33,5.77,6.57,6.47,7.11,7.05,,,6.25
2020-01-28 13-39-16,12,19,,6.33,5.77,6.57,6.47,7.11,7.05,6.58,57.75895851250001,6.25
2020-01-28 13-39-16,13,16,9394,,,,,,,,,4.625
2020-01-28 13-39-16,13,17,,8.23,8.23,7.65,,,,,,4.625
2020-01-28 13-39-16,13,18,,8.23,8.23,7.65,7.59,7.55,7.23,,,6.25
2020-01-28 13-39-16,13,19,,8.23,8.23,7.65,7.59,7.55,7.23,6.86,97.38075306050001,6.25
2020-01-28 13-39-17,14,16,8318,,,,,,,,,4.625
2020-01-28 13-39-17,14,17,,6.33,8.41,8.01,,,,,,4.625
2020-01-28 13-39-17,14,18,,6.33,8.41,8.01,7.91,7.09,7.77,,,6.25
2020-01-28 13-39-17,14,19,,6.33,8.41,8.01,7.91,7.09,7.77,6.96,97.1136951805,6.25
2020-01-28 13-39-17,15,16,0,,,,,,,,,4.625
2020-01-28 13-39-17,15,17,,0.0,0.0,0.0,,,,,,4.625
2020-01-28 13-39-17,15,18,,0.0,0.0,0.0,0.0,0.0,0.0,,,6.25
2020-01-28 13-39-17,15,19,,0.0,0.0,0.0,0.0,0.0,0.0,0.0,-2.0462,6.25
2020-01-28 13-39-18,16,16,1811,,,,,,,,,4.625
2020-01-28 13-39-18,16,17,,6.69,5.81,5.49,,,,,,4.625
2020-01-28 13-39-18,16,18,,6.69,5.81,5.49,6.33,6.03,6.47,,,6.25
2020-01-28 13-39-18,16,19,,6.69,5.81,5.49,6.33,6.03,6.47,6.63,100.7709110125,6.25
2020-01-28 13-39-18,17,16,1824,,,,,,,,,4.625
2020-01-28 13-39-18,17,17,,7.27,8.19,6.97,,,,,,4.625
2020-01-28 13-39-18,17,18,,7.27,8.19,6.97,6.03,6.87,7.19,,,6.25
2020-01-28 13-39-18,17,19,,7.27,8.19,6.97,6.03,6.87,7.19,6.84,105.7581204205,6.25
2020-01-28 13-39-19,18,16,1816,,,,,,,,,4.625
2020-01-28 13-39-19,18,17,,6.73,6.93,6.21,,,,,,4.625
2020-01-28 13-39-19,18,18,,6.73,6.93,6.21,6.29,6.87,6.35,,,6.25
2020-01-28 13-39-19,18,19,,6.73,6.93,6.21,6.29,6.87,6.35,6.38,103.33116356050002,6.25
2020-01-28 13-39-19,19,16,8445,,,,,,,,,4.625
2020-01-28 13-39-19,19,17,,6.87,6.87,7.69,,,,,,4.625
2020-01-28 13-39-19,19,18,,6.87,6.87,7.69,8.13,7.95,7.55,,,6.25
2020-01-28 13-39-19,19,19,,6.87,6.87,7.69,8.13,7.95,7.55,6.4,40.221804352,6.25
2020-01-28 13-39-20,20,16,30564,,,,,,,,,4.625
2020-01-28 13-39-20,20,17,,-327.67,-327.67,-327.67,,,,,,4.625
2020-01-28 13-39-20,20,18,,-327.67,-327.67,-327.67,-327.67,-327.67,-327.67,,,6.25
2020-01-28 13-39-20,20,19,,-327.67,-327.67,-327.67,-327.67,-327.67,-327.67,7.2,101.7149731045,6.25
2020-01-28 13-39-20,21,16,9393,,,,,,,,,4.625
2020-01-28 13-39-20,21,17,,6.91,7.01,6.91,,,,,,4.625
2020-01-28 13-39-20,21,18,,6.91,7.01,6.91,7.27,7.41,7.47,,,6.25
2020-01-28 13-39-20,21,19,,6.91,7.01,6.91,7.27,7.41,7.47,6.64,95.0736271045,6.25
2020-01-28 13-39-21,23,16,1831,,,,,,,,,4.625
2020-01-28 13-39-21,23,17,,6.97,7.79,7.61,,,,,,4.625
2020-01-28 13-39-21,23,18,,6.97,7.79,7.61,7.69,7.73,7.11,,,6.25
2020-01-28 13-39-21,23,19,,6.97,7.79,7.61,7.69,7.73,7.11,6.7,99.3999647605,6.25
2020-01-28 13-39-22,25,16,8430,,,,,,,,,4.625
2020-01-28 13-39-22,25,17,,5.51,7.09,7.29,,,,,,4.625
2020-01-28 13-39-22,25,18,,5.51,7.09,7.29,6.69,7.15,6.87,,,6.25
2020-01-28 13-39-22,25,19,,5.51,7.09,7.29,6.69,7.15,6.87,5.56,87.2870909005,6.25
2020-01-28 13-40-15,10,16,29680,,,,,,,,,4.812
2020-01-28 13-40-15,10,17,,121.38,125.53,126.84,,,,,,4.812
2020-01-28 13-40-15,10,18,,121.38,125.53,126.84,43.71,40.95,40.96,,,6.312
2020-01-28 13-40-15,11,16,1830,,,,,,,,,4.812
2020-01-28 13-40-15,11,17,,9.19,9.35,10.19,,,,,,4.812
2020-01-28 13-40-15,11,18,,9.19,9.35,10.19,9.25,9.11,9.89,,,6.312
2020-01-28 13-40-15,11,19,,9.19,9.35,10.19,9.25,9.11,9.89,-39.389999999999986,-2.0462,6.312
2020-01-28 13-40-16,12,16,8440,,,,,,,,,4.812
2020-01-28 13-40-16,12,17,,6.33,6.03,6.83,,,,,,4.812
2020-01-28 13-40-16,12,18,,6.33,6.03,6.83,6.53,7.51,7.09,,,6.312
2020-01-28 13-40-16,12,19,,6.33,6.03,6.83,6.53,7.51,7.09,6.72,57.6968163605,6.312
2020-01-28 13-40-16,13,16,9395,,,,,,,,,4.812
2020-01-28 13-40-16,13,17,,8.13,8.55,7.45,,,,,,4.812
2020-01-28 13-40-16,13,18,,8.13,8.55,7.45,7.45,7.19,6.69,,,6.312
2020-01-28 13-40-16,13,19,,8.13,8.55,7.45,7.45,7.19,6.69,7.02,96.73927806050001,6.312
2020-01-28 13-40-17,14,16,8319,,,,,,,,,4.812
2020-01-28 13-40-17,14,17,,6.29,8.37,7.83,,,,,,4.812
2020-01-28 13-40-17,14,18,,6.29,8.37,7.83,8.05,7.09,7.91,,,6.312
2020-01-28 13-40-17,14,19,,6.29,8.37,7.83,8.05,7.09,7.91,7.08,96.68573884450001,6.312
2020-01-28 13-40-17,15,16,0,,,,,,,,,4.812
2020-01-28 13-40-17,15,17,,0.0,0.0,0.0,,,,,,4.812
2020-01-28 13-40-17,15,18,,0.0,0.0,0.0,0.0,0.0,0.0,,,6.312
2020-01-28 13-40-17,15,19,,0.0,0.0,0.0,0.0,0.0,0.0,0.0,-2.0462,6.312
2020-01-28 13-40-18,16,16,1812,,,,,,,,,4.812
2020-01-28 13-40-18,16,17,,5.93,6.57,5.73,,,,,,4.812
2020-01-28 13-40-18,16,18,,5.93,6.57,5.73,6.51,5.49,6.47,,,6.312
2020-01-28 13-40-18,16,19,,5.93,6.57,5.73,6.51,5.49,6.47,6.62,100.0337813605,6.312
2020-01-28 13-40-18,17,16,1825,,,,,,,,,4.812
2020-01-28 13-40-18,17,17,,7.33,8.29,6.93,,,,,,4.812
2020-01-28 13-40-18,17,18,,7.33,8.29,6.93,5.99,6.73,7.01,,,6.312
2020-01-28 13-40-18,17,19,,7.33,8.29,6.93,5.99,6.73,7.01,7.18,103.53881078450001,6.312
2020-01-28 13-40-19,18,16,1817,,,,,,,,,4.812
2020-01-28 13-40-19,18,17,,6.97,6.83,6.29,,,,,,4.812
2020-01-28 13-40-19,18,18,,6.97,6.83,6.29,6.03,7.09,6.29,,,6.312
2020-01-28 13-40-19,18,19,,6.97,6.83,6.29,6.03,7.09,6.29,6.48,102.889235122,6.312
2020-01-28 13-40-19,22,16,8410,,,,,,,,,4.812
2020-01-28 13-40-19,22,17,,6.29,6.73,5.99,,,,,,4.812
2020-01-28 13-40-19,22,18,,6.29,6.73,5.99,6.25,6.83,5.77,,,6.312
2020-01-28 13-40-19,22,19,,6.29,6.73,5.99,6.25,6.83,5.77,6.3,83.86314211250001,6.312
2020-01-28 13-40-19,19,16,8446,,,,,,,,,4.812
2020-01-28 13-40-19,19,17,,7.45,7.45,7.65,,,,,,4.812
2020-01-28 13-40-19,19,18,,7.45,7.45,7.65,8.37,8.51,7.77,,,6.312
2020-01-28 13-40-19,19,19,,7.45,7.45,7.65,8.37,8.51,7.77,6.54,46.7541131005,6.312
2020-01-28 13-40-20,20,16,30565,,,,,,,,,4.812
2020-01-28 13-40-20,20,17,,-327.67,-327.67,-327.67,,,,,,4.812
2020-01-28 13-40-20,20,18,,-327.67,-327.67,-327.67,-327.67,-327.67,-327.67,,,6.312
2020-01-28 13-40-20,20,19,,-327.67,-327.67,-327.67,-327.67,-327.67,-327.67,7.34,101.47934528800002,6.312
2020-01-28 13-40-20,21,16,9394,,,,,,,,,4.812
2020-01-28 13-40-20,21,17,,7.37,7.05,6.73,,,,,,4.812
2020-01-28 13-40-20,21,18,,7.37,7.05,6.73,7.29,7.09,7.41,,,6.312
2020-01-28 13-40-20,21,19,,7.37,7.05,6.73,7.29,7.09,7.41,6.79,94.722822098,6.312
2020-01-28 13-40-21,22,16,8410,,,,,,,,,4.812
2020-01-28 13-40-21,22,17,,6.29,6.73,5.99,,,,,,4.812
2020-01-28 13-40-21,22,18,,6.29,6.73,5.99,6.25,6.83,5.77,,,6.312
2020-01-28 13-40-21,22,19,,6.29,6.73,5.99,6.25,6.83,5.77,6.3,83.86314211250001,6.312
2020-01-28 13-40-21,23,16,1832,,,,,,,,,4.812
2020-01-28 13-40-21,23,17,,6.25,7.91,7.91,,,,,,4.812
2020-01-28 13-40-21,23,18,,6.25,7.91,7.91,7.65,7.77,7.11,,,6.312
2020-01-28 13-40-21,23,19,,6.25,7.91,7.91,7.65,7.77,7.11,6.78,98.92339611250001,6.312
2020-01-28 13-40-22,25,16,8431,,,,,,,,,4.812
2020-01-28 13-40-22,25,17,,5.81,6.91,7.09,,,,,,4.812
2020-01-28 13-40-22,25,18,,5.81,6.91,7.09,5.81,6.33,6.29,,,6.312
2020-01-28 13-40-22,25,19,,5.81,6.91,7.09,5.81,6.33,6.29,5.63,87.2313435125,6.312
2020-01-28 13-41-14,10,16,29681,,,,,,,,,4.812
2020-01-28 13-41-14,10,17,,88.65,121.81,123.65,,,,,,4.812
2020-01-28 13-41-14,10,18,,88.65,121.81,123.65,43.69,40.95,40.96,,,6.312
2020-01-28 13-41-14,11,16,1831,,,,,,,,,4.812
2020-01-28 13-41-14,11,17,,9.53,9.35,9.63,,,,,,4.812
2020-01-28 13-41-14,11,18,,9.53,9.35,9.63,9.01,9.07,9.19,,,6.312
2020-01-28 13-41-14,11,19,,9.53,9.35,9.63,9.01,9.07,9.19,-39.389999999999986,-2.0462,6.312
2020-01-28 13-41-15,12,16,8441,,,,,,,,,4.812
2020-01-28 13-41-15,12,17,,6.25,6.07,6.65,,,,,,4.812
2020-01-28 13-41-15,12,18,,6.25,6.07,6.65,6.53,7.41,7.19,,,6.312
2020-01-28 13-41-15,12,19,,6.25,6.07,6.65,6.53,7.41,7.19,6.78,57.727889032000014,6.312
2020-01-28 13-41-15,13,16,9396,,,,,,,,,4.812
2020-01-28 13-41-15,13,17,,8.79,8.23,7.65,,,,,,4.812
2020-01-28 13-41-15,13,18,,8.79,8.23,7.65,7.33,7.45,6.93,,,6.312
2020-01-28 13-41-15,13,19,,8.79,8.23,7.65,7.33,7.45,6.93,7.12,96.36423550450002,6.312
2020-01-28 13-41-16,14,16,8320,,,,,,,,,4.812
2020-01-28 13-41-16,14,17,,6.47,8.27,8.15,,,,,,4.812
2020-01-28 13-41-16,14,18,,6.47,8.27,8.15,8.15,7.23,7.87,,,6.312
2020-01-28 13-41-16,14,19,,6.47,8.27,8.15,8.15,7.23,7.87,7.18,96.36423550450002,6.312
2020-01-28 13-41-16,15,16,0,,,,,,,,,4.812
2020-01-28 13-41-16,15,17,,0.0,0.0,0.0,,,,,,4.812
2020-01-28 13-41-16,15,18,,0.0,0.0,0.0,0.0,0.0,0.0,,,6.312
2020-01-28 13-41-16,15,19,,0.0,0.0,0.0,0.0,0.0,0.0,0.0,-2.0462,6.312
2020-01-28 13-41-17,16,16,1813,,,,,,,,,4.812
2020-01-28 13-41-17,16,17,,6.35,5.99,5.59,,,,,,4.812
2020-01-28 13-41-17,16,18,,6.35,5.99,5.59,6.97,6.39,6.47,,,6.312
2020-01-28 13-41-17,16,19,,6.35,5.99,5.59,6.97,6.39,6.47,6.67,100.19194832050002,6.312
2020-01-28 13-41-17,17,16,1826,,,,,,,,,4.812
2020-01-28 13-41-17,17,17,,7.29,8.09,7.23,,,,,,4.812
2020-01-28 13-41-17,17,18,,7.29,8.09,7.23,6.07,6.47,7.29,,,6.312
2020-01-28 13-41-17,17,19,,7.29,8.09,7.23,6.07,6.47,7.29,7.42,104.0570353645,6.312
2020-01-28 13-41-18,18,16,1818,,,,,,,,,4.812
2020-01-28 13-41-18,18,17,,7.37,7.29,6.13,,,,,,4.812
2020-01-28 13-41-18,18,18,,7.37,7.29,6.13,6.57,6.79,6.17,,,6.312
2020-01-28 13-41-18,18,19,,7.37,7.29,6.13,6.57,6.79,6.17,6.58,103.2272633645,6.312
2020-01-28 13-41-18,19,16,8447,,,,,,,,,4.812
2020-01-28 13-41-18,19,17,,7.87,7.05,7.45,,,,,,4.812
2020-01-28 13-41-18,19,18,,7.87,7.05,7.45,8.65,8.51,7.95,,,6.312
2020-01-28 13-41-18,19,19,,7.87,7.05,7.45,8.65,8.51,7.95,6.6,48.45508405,6.312
2020-01-28 13-41-19,20,16,30566,,,,,,,,,4.812
2020-01-28 13-41-19,20,17,,-327.67,-327.67,-327.67,,,,,,4.812
2020-01-28 13-41-19,20,18,,-327.67,-327.67,-327.67,-327.67,-327.67,-327.67,,,6.312
2020-01-28 13-41-19,20,19,,-327.67,-327.67,-327.67,-327.67,-327.67,-327.67,7.44,101.13853768450001,6.312
2020-01-28 13-41-19,21,16,9395,,,,,,,,,4.812
2020-01-28 13-41-19,21,17,,7.47,6.97,6.79,,,,,,4.812
2020-01-28 13-41-19,21,18,,7.47,6.97,6.79,7.65,6.97,7.41,,,6.312
2020-01-28 13-41-19,21,19,,7.47,6.97,6.79,7.65,6.97,7.41,6.88,94.4255658805,6.312
2020-01-28 13-41-20,22,16,8411,,,,,,,,,4.812
2020-01-28 13-41-20,22,17,,6.57,6.83,6.07,,,,,,4.812
2020-01-28 13-41-20,22,18,,6.57,6.83,6.07,5.89,6.73,5.81,,,6.312
2020-01-28 13-41-20,22,19,,6.57,6.83,6.07,5.89,6.73,5.81,6.36,83.80661612050001,6.312
2020-01-28 13-41-20,23,16,1833,,,,,,,,,4.812
2020-01-28 13-41-21,23,17,,6.83,8.01,7.97,,,,,,4.812
2020-01-28 13-41-21,23,18,,6.83,8.01,7.97,7.45,7.95,7.23,,,6.312
2020-01-28 13-41-21,23,19,,6.83,8.01,7.97,7.45,7.95,7.23,6.88,98.6581890125,6.312
2020-01-28 13-41-22,25,16,8432,,,,,,,,,4.812
2020-01-28 13-41-22,25,17,,5.95,7.29,7.69,,,,,,4.812
2020-01-28 13-41-22,25,18,,5.95,7.29,7.69,6.07,7.41,7.01,,,6.312
2020-01-28 13-41-22,25,19,,5.95,7.29,7.69,6.07,7.41,7.01,5.67,87.259218802,6.312
2020-01-28 13-42-14,10,16,29682,,,,,,,,,4.812
2020-01-28 13-42-14,10,17,,89.38,121.67,124.04,,,,,,4.812
2020-01-28 13-42-14,10,18,,89.38,121.67,124.04,43.74,40.95,40.96,,,6.375
2020-01-28 13-42-15,11,16,1832,,,,,,,,,4.812
2020-01-28 13-42-15,11,17,,8.97,9.39,10.27,,,,,,4.812
2020-01-28 13-42-15,11,18,,8.97,9.39,10.27,8.87,8.79,9.57,,,6.375
2020-01-28 13-42-15,11,19,,8.97,9.39,10.27,8.87,8.79,9.57,-39.389999999999986,-2.0462,6.375
2020-01-28 13-42-15,12,16,8442,,,,,,,,,4.812
2020-01-28 13-42-15,12,17,,6.13,6.07,6.87,,,,,,4.812
2020-01-28 13-42-15,12,18,,6.13,6.07,6.87,6.57,7.55,7.09,,,6.375
2020-01-28 13-42-15,12,19,,6.13,6.07,6.87,6.57,7.55,7.09,6.86,57.63466144450001,6.375
2020-01-28 13-42-16,13,16,9397,,,,,,,,,4.812
2020-01-28 13-42-16,13,17,,8.41,8.75,7.59,,,,,,4.812
2020-01-28 13-42-16,13,18,,8.41,8.75,7.59,7.23,7.55,7.29,,,6.375
2020-01-28 13-42-16,13,19,,8.41,8.75,7.59,7.23,7.55,7.29,7.16,96.36423550450002,6.375
2020-01-28 13-42-16,14,16,8321,,,,,,,,,4.812
2020-01-28 13-42-16,14,17,,6.35,8.55,8.05,,,,,,4.812
2020-01-28 13-42-16,14,18,,6.35,8.55,8.05,8.61,7.29,7.87,,,6.375
2020-01-28 13-42-16,14,19,,6.35,8.55,8.05,8.61,7.29,7.87,7.21,96.20331152050001,6.375
2020-01-28 13-42-17,15,16,0,,,,,,,,,4.812
2020-01-28 13-42-17,15,17,,0.0,0.0,0.0,,,,,,4.812
2020-01-28 13-42-17,15,18,,0.0,0.0,0.0,0.0,0.0,0.0,,,6.375
2020-01-28 13-42-17,15,19,,0.0,0.0,0.0,0.0,0.0,0.0,0.0,-2.0462,6.375
2020-01-28 13-42-17,16,16,1814,,,,,,,,,4.812
2020-01-28 13-42-17,16,17,,6.11,6.33,5.55,,,,,,4.812
2020-01-28 13-42-17,16,18,,6.11,6.33,5.55,6.73,6.29,6.11,,,6.375
2020-01-28 13-42-17,16,19,,6.11,6.33,5.55,6.73,6.29,6.11,6.6,99.74351024200001,6.375
2020-01-28 13-42-18,17,16,1827,,,,,,,,,4.812
2020-01-28 13-42-18,17,17,,7.41,8.61,7.09,,,,,,4.812
2020-01-28 13-42-18,17,18,,7.41,8.61,7.09,5.95,6.75,7.23,,,6.375
2020-01-28 13-42-18,17,19,,7.41,8.61,7.09,5.95,6.75,7.23,7.51,104.8319789845,6.375
2020-01-28 13-42-18,18,16,1819,,,,,,,,,4.812
2020-01-28 13-42-18,18,17,,6.97,7.09,6.39,,,,,,4.812
2020-01-28 13-42-18,18,18,,6.97,7.09,6.39,6.29,6.51,6.53,,,6.375
2020-01-28 13-42-18,18,19,,6.97,7.09,6.39,6.29,6.51,6.53,6.54,102.8111520205,6.375
2020-01-28 13-42-19,19,16,8448,,,,,,,,,4.812
2020-01-28 13-42-19,19,17,,7.37,7.27,7.59,,,,,,4.812
2020-01-28 13-42-19,19,18,,7.37,7.27,7.59,8.59,8.19,7.79,,,6.375
2020-01-28 13-42-19,19,19,,7.37,7.27,7.59,8.59,8.19,7.79,6.62,50.52894301250001,6.375
2020-01-28 13-42-19,20,16,30567,,,,,,,,,4.812
2020-01-28 13-42-19,20,17,,-327.67,-327.67,-327.67,,,,,,4.812
2020-01-28 13-42-19,20,18,,-327.67,-327.67,-327.67,-327.67,-327.67,-327.67,,,6.375
2020-01-28 13-42-19,20,19,,-327.67,-327.67,-327.67,-327.67,-327.67,-327.67,7.49,100.74462803200001,6.375
2020-01-28 13-42-20,21,16,9396,,,,,,,,,4.812
2020-01-28 13-42-20,21,17,,7.29,7.15,6.91,,,,,,4.812
2020-01-28 13-42-20,21,18,,7.29,7.15,6.91,7.51,6.93,7.45,,,6.375
2020-01-28 13-42-20,21,19,,7.29,7.15,6.91,7.51,6.93,7.45,6.89,94.1549979005,6.375
2020-01-28 13-42-20,22,16,8412,,,,,,,,,4.812
2020-01-28 13-42-20,22,17,,6.29,6.57,6.29,,,,,,4.812
2020-01-28 13-42-20,22,18,,6.29,6.57,6.29,5.77,6.73,5.67,,,6.375
2020-01-28 13-42-20,22,19,,6.29,6.57,6.29,5.77,6.73,5.67,6.44,83.77834833800001,6.375
2020-01-28 13-42-21,23,16,1834,,,,,,,,,4.812
2020-01-28 13-42-21,23,17,,6.75,8.27,8.15,,,,,,4.812
2020-01-28 13-42-21,23,18,,6.75,8.27,8.15,7.79,8.05,7.33,,,6.375
2020-01-28 13-42-21,23,19,,6.75,8.27,8.15,7.79,8.05,7.33,6.96,98.44579358050001,6.375
2020-01-28 13-42-22,25,16,8433,,,,,,,,,4.812
2020-01-28 13-42-22,25,17,,5.59,7.09,7.47,,,,,,4.812
2020-01-28 13-42-22,25,18,,5.59,7.09,7.47,5.99,7.19,6.43,,,6.375
2020-01-28 13-42-22,25,19,,5.59,7.09,7.47,5.99,7.19,6.43,5.68,87.2870909005,6.375
2020-01-28 13-43-14,10,16,29683,,,,,,,,,4.812
2020-01-28 13-43-14,10,17,,64.77,112.14,119.73,,,,,,4.812
2020-01-28 13-43-14,10,18,,64.77,112.14,119.73,43.74,40.95,40.96,,,6.437
2020-01-28 13-43-15,11,16,1833,,,,,,,,,4.812
2020-01-28 13-43-15,11,17,,9.11,9.53,9.85,,,,,,4.812
2020-01-28 13-43-15,11,18,,9.11,9.53,9.85,8.79,9.03,9.35,,,6.437
2020-01-28 13-43-15,11,19,,9.11,9.53,9.85,8.79,9.03,9.35,-39.389999999999986,-2.0462,6.437
2020-01-28 13-43-15,12,16,8443,,,,,,,,,4.812
2020-01-28 13-43-15,12,17,,6.11,5.85,6.83,,,,,,4.812
2020-01-28 13-43-15,12,18,,6.11,5.85,6.83,6.39,7.23,6.87,,,6.437
2020-01-28 13-43-15,12,19,,6.11,5.85,6.83,6.39,7.23,6.87,6.7,57.75895851250001,6.437
2020-01-28 13-43-16,13,16,9398,,,,,,,,,4.812
2020-01-28 13-43-16,13,17,,8.59,8.27,7.65,,,,,,4.812
2020-01-28 13-43-16,13,18,,8.59,8.27,7.65,7.23,7.29,6.79,,,6.437
2020-01-28 13-43-16,13,19,,8.59,8.27,7.65,7.23,7.29,6.79,7.03,95.7198503125,6.437
2020-01-28 13-43-16,14,16,8322,,,,,,,,,4.812
2020-01-28 13-43-16,14,17,,6.43,8.13,8.13,,,,,,4.812
2020-01-28 13-43-16,14,18,,6.43,8.13,8.13,7.97,7.33,8.05,,,6.437
2020-01-28 13-43-16,14,19,,6.43,8.13,8.13,7.97,7.33,8.05,7.07,95.9348496005,6.437
2020-01-28 13-43-17,15,16,0,,,,,,,,,4.812
2020-01-28 13-43-17,15,17,,0.0,0.0,0.0,,,,,,4.812
2020-01-28 13-43-17,15,18,,0.0,0.0,0.0,0.0,0.0,0.0,,,6.437
2020-01-28 13-43-17,15,19,,0.0,0.0,0.0,0.0,0.0,0.0,0.0,-2.0462,6.437
2020-01-28 13-43-17,16,16,1815,,,,,,,,,4.812
2020-01-28 13-43-17,16,17,,6.17,6.73,5.33,,,,,,4.812
2020-01-28 13-43-17,16,18,,6.17,6.73,5.33,6.51,6.21,6.33,,,6.437
2020-01-28 13-43-17,16,19,,6.17,6.73,5.33,6.51,6.21,6.33,6.42,99.82271338450002,6.437
2020-01-28 13-43-18,17,16,1828,,,,,,,,,4.812
2020-01-28 13-43-18,17,17,,7.15,8.23,7.33,,,,,,4.812
2020-01-28 13-43-18,17,18,,7.15,8.23,7.33,6.17,6.93,7.05,,,6.437
2020-01-28 13-43-18,17,19,,7.15,8.23,7.33,6.17,6.93,7.05,7.3,104.31566900450001,6.437
2020-01-28 13-43-18,18,16,1820,,,,,,,,,4.812
2020-01-28 13-43-18,18,17,,7.19,6.83,5.99,,,,,,4.812
2020-01-28 13-43-18,18,18,,7.19,6.83,5.99,5.99,6.69,6.65,,,6.437
2020-01-28 13-43-18,18,19,,7.19,6.83,5.99,5.99,6.69,6.65,6.37,102.9672895045,6.437
2020-01-28 13-43-19,19,16,8449,,,,,,,,,4.812
2020-01-28 13-43-19,19,17,,7.29,7.19,7.51,,,,,,4.812
2020-01-28 13-43-19,19,18,,7.29,7.19,7.51,8.41,8.19,7.51,,,6.437
2020-01-28 13-43-19,19,19,,7.29,7.19,7.51,8.41,8.19,7.51,6.44,52.6209128045,6.437
2020-01-28 13-43-19,20,16,30568,,,,,,,,,4.812
2020-01-28 13-43-19,20,17,,-327.67,-327.67,-327.67,,,,,,4.812
2020-01-28 13-43-19,20,18,,-327.67,-327.67,-327.67,-327.67,-327.67,-327.67,,,6.437
2020-01-28 13-43-19,20,19,,-327.67,-327.67,-327.67,-327.67,-327.67,-327.67,7.34,100.37633125,6.437
2020-01-28 13-43-20,21,16,9397,,,,,,,,,4.812
2020-01-28 13-43-20,21,17,,6.97,6.87,6.33,,,,,,4.812
2020-01-28 13-43-20,21,18,,6.97,6.87,6.33,7.65,6.87,7.19,,,6.437
2020-01-28 13-43-20,21,19,,6.97,6.87,6.33,7.65,6.87,7.19,6.72,93.93831376450001,6.437
2020-01-28 13-43-20,22,16,8413,,,,,,,,,4.812
2020-01-28 13-43-20,22,17,,6.11,6.47,5.95,,,,,,4.812
2020-01-28 13-43-20,22,18,,6.11,6.47,5.95,5.67,6.97,5.71,,,6.437
2020-01-28 13-43-20,22,19,,6.11,6.47,5.95,5.67,6.97,5.71,6.42,83.75007736450002,6.437
2020-01-28 13-43-21,23,16,1835,,,,,,,,,4.812
2020-01-28 13-43-21,23,17,,6.57,7.79,7.83,,,,,,4.812
2020-01-28 13-43-21,23,18,,6.57,7.79,7.83,7.73,8.09,7.15,,,6.437
2020-01-28 13-43-21,23,19,,6.57,7.79,7.83,7.73,8.09,7.15,6.86,98.0203900445,6.437
2020-01-28 13-43-22,25,16,8434,,,,,,,,,4.812
2020-01-28 13-43-22,25,17,,5.73,7.05,7.55,,,,,,4.812
2020-01-28 13-43-22,25,18,,5.73,7.05,7.55,5.77,6.87,6.65,,,6.437
2020-01-28 13-43-22,25,19,,5.73,7.05,7.55,5.77,6.87,6.65,5.63,87.2870909005,6.437
2020-01-28 13-44-14,10,16,29684,,,,,,,,,4.812
2020-01-28 13-44-14,10,17,,78.02,117.32,122.44,,,,,,4.812
2020-01-28 13-44-14,10,18,,78.02,117.32,122.44,43.82,40.95,40.96,,,6.437
2020-01-28 13-44-15,11,16,1834,,,,,,,,,4.812
2020-01-28 13-44-15,11,17,,9.57,9.89,10.03,,,,,,4.812
2020-01-28 13-44-15,11,18,,9.57,9.89,10.03,9.49,9.53,9.75,,,6.437
2020-01-28 13-44-15,11,19,,9.57,9.89,10.03,9.49,9.53,9.75,-39.389999999999986,-2.0462,6.437
2020-01-28 13-44-15,12,16,8444,,,,,,,,,4.812
2020-01-28 13-44-15,12,17,,6.43,6.33,6.73,,,,,,4.812
2020-01-28 13-44-15,12,18,,6.43,6.33,6.73,6.53,7.51,7.47,,,6.437
2020-01-28 13-44-15,12,19,,6.43,6.33,6.73,6.53,7.51,7.47,6.76,57.665740498000005,6.437
2020-01-28 13-44-16,13,16,9399,,,,,,,,,4.812
2020-01-28 13-44-16,13,17,,8.79,8.59,7.91,,,,,,4.812
2020-01-28 13-44-16,13,18,,8.79,8.59,7.91,7.51,7.55,7.27,,,6.437
2020-01-28 13-44-16,13,19,,8.79,8.59,7.91,7.51,7.55,7.27,7.15,95.9348496005,6.437
2020-01-28 13-44-16,14,16,8323,,,,,,,,,4.812
2020-01-28 13-44-16,14,17,,6.43,7.87,8.13,,,,,,4.812
2020-01-28 13-44-16,14,18,,6.43,7.87,8.13,8.69,7.47,7.77,,,6.437
2020-01-28 13-44-16,14,19,,6.43,7.87,8.13,8.69,7.47,7.77,7.22,95.77361928050001,6.437
2020-01-28 13-44-17,15,16,0,,,,,,,,,4.812
2020-01-28 13-44-17,15,17,,0.0,0.0,0.0,,,,,,4.812
2020-01-28 13-44-17,15,18,,0.0,0.0,0.0,0.0,0.0,0.0,,,6.437
2020-01-28 13-44-17,15,19,,0.0,0.0,0.0,0.0,0.0,0.0,0.0,-2.0462,6.437
2020-01-28 13-44-17,16,16,1816,,,,,,,,,4.812
2020-01-28 13-44-17,16,17,,6.13,6.11,5.59,,,,,,4.812
2020-01-28 13-44-17,16,18,,6.13,6.11,5.59,6.47,5.99,6.43,,,6.437
2020-01-28 13-44-17,16,19,,6.13,6.11,5.59,6.47,5.99,6.43,6.66,99.8754995245,6.437
2020-01-28 13-44-18,17,16,1829,,,,,,,,,4.812
2020-01-28 13-44-18,17,17,,7.33,8.29,6.69,,,,,,4.812
2020-01-28 13-44-18,17,18,,7.33,8.29,6.69,6.17,7.15,7.01,,,6.437
2020-01-28 13-44-18,17,19,,7.33,8.29,6.69,6.17,7.15,7.01,7.5,103.6425578125,6.437
2020-01-28 13-44-18,18,16,1821,,,,,,,,,4.812
2020-01-28 13-44-18,18,17,,6.79,7.29,6.43,,,,,,4.812
2020-01-28 13-44-18,18,18,,6.79,7.29,6.43,6.29,6.87,6.65,,,6.437
2020-01-28 13-44-18,18,19,,6.79,7.29,6.43,6.29,6.87,6.65,6.51,102.7069965445,6.437
2020-01-28 13-44-19,19,16,8450,,,,,,,,,4.812
2020-01-28 13-44-19,19,17,,7.23,7.51,7.77,,,,,,4.812
2020-01-28 13-44-19,19,18,,7.23,7.51,7.77,8.75,8.61,7.97,,,6.437
2020-01-28 13-44-19,19,19,,7.23,7.51,7.77,8.75,8.61,7.97,6.66,32.65596224800001,6.437
2020-01-28 13-44-19,20,16,30569,,,,,,,,,4.812
2020-01-28 13-44-19,20,17,,-327.67,-327.67,-327.67,,,,,,4.812
2020-01-28 13-44-19,20,18,,-327.67,-327.67,-327.67,-327.67,-327.67,-327.67,,,6.437
2020-01-28 13-44-19,20,19,,-327.67,-327.67,-327.67,-327.67,-327.67,-327.67,7.47,100.19194832050002,6.437
2020-01-28 13-44-20,21,16,9398,,,,,,,,,4.812
2020-01-28 13-44-20,21,17,,7.05,7.33,6.93,,,,,,4.812
2020-01-28 13-44-20,21,18,,7.05,7.33,6.93,7.97,7.09,7.59,,,6.437
2020-01-28 13-44-20,21,19,,7.05,7.33,6.93,7.97,7.09,7.59,6.98,93.911213888,6.437
2020-01-28 13-44-20,22,16,8414,,,,,,,,,4.812
2020-01-28 13-44-20,22,17,,6.39,6.65,6.03,,,,,,4.812
2020-01-28 13-44-20,22,18,,6.39,6.65,6.03,5.81,7.05,5.95,,,6.437
2020-01-28 13-44-20,22,19,,6.39,6.65,6.03,5.81,7.05,5.95,6.46,83.75007736450002,6.437
2020-01-28 13-44-21,23,16,1836,,,,,,,,,4.812
2020-01-28 13-44-21,23,17,,6.87,8.05,8.05,,,,,,4.812
2020-01-28 13-44-21,23,18,,6.87,8.05,8.05,7.97,7.59,7.29,,,6.437
2020-01-28 13-44-21,23,19,,6.87,8.05,8.05,7.97,7.59,7.29,7.0,97.96715716450001,6.437
2020-01-28 13-44-22,25,16,8435,,,,,,,,,4.812
2020-01-28 13-44-22,25,17,,5.73,7.33,7.47,,,,,,4.812
2020-01-28 13-44-22,25,18,,5.73,7.33,7.47,5.45,7.23,6.91,,,6.437
2020-01-28 13-44-22,25,19,,5.73,7.33,7.47,5.45,7.23,6.91,5.74,87.31495980800001,6.437
2020-01-28 13-45-15,10,16,29685,,,,,,,,,4.937
2020-01-28 13-45-15,10,17,,78.35,117.56,122.25,,,,,,4.937
2020-01-28 13-45-15,10,18,,78.35,117.56,122.25,43.74,40.95,40.96,,,6.437
2020-01-28 13-45-15,11,16,1835,,,,,,,,,4.937
2020-01-28 13-45-15,11,17,,9.71,10.05,9.71,,,,,,4.937
2020-01-28 13-45-15,11,18,,9.71,10.05,9.71,9.35,9.25,9.63,,,6.437
2020-01-28 13-45-15,11,19,,9.71,10.05,9.71,9.35,9.25,9.63,-39.389999999999986,-2.0462,6.437
2020-01-28 13-45-16,12,16,8445,,,,,,,,,4.937
2020-01-28 13-45-16,12,17,,6.35,6.13,6.87,,,,,,4.937
2020-01-28 13-45-16,12,18,,6.35,6.13,6.87,6.97,7.41,7.29,,,6.437
2020-01-28 13-45-16,12,19,,6.35,6.13,6.87,6.97,7.41,7.29,6.82,57.6968163605,6.437
2020-01-28 13-45-16,13,16,9400,,,,,,,,,4.937
2020-01-28 13-45-16,13,17,,9.01,8.55,7.97,,,,,,4.937
2020-01-28 13-45-16,13,18,,9.01,8.55,7.97,7.73,7.37,7.15,,,6.437
2020-01-28 13-45-16,13,19,,9.01,8.55,7.97,7.73,7.37,7.15,7.27,95.88111892450002,6.437
2020-01-28 13-45-17,14,16,8324,,,,,,,,,4.937
2020-01-28 13-45-17,14,17,,6.53,8.71,8.37,,,,,,4.937
2020-01-28 13-45-17,14,18,,6.53,8.71,8.37,8.69,7.79,8.09,,,6.437
2020-01-28 13-45-17,14,19,,6.53,8.71,8.37,8.69,7.79,8.09,7.36,95.82737548450001,6.437
2020-01-28 13-45-17,15,16,0,,,,,,,,,4.937
2020-01-28 13-45-17,15,17,,0.0,0.0,0.0,,,,,,4.937
2020-01-28 13-45-17,15,18,,0.0,0.0,0.0,0.0,0.0,0.0,,,6.437
2020-01-28 13-45-17,15,19,,0.0,0.0,0.0,0.0,0.0,0.0,0.0,-2.0462,6.437
2020-01-28 13-45-18,16,16,1817,,,,,,,,,4.937
2020-01-28 13-45-18,16,17,,6.51,6.35,5.29,,,,,,4.937
2020-01-28 13-45-18,16,18,,6.51,6.35,5.29,6.69,6.33,6.65,,,6.437
2020-01-28 13-45-18,16,19,,6.51,6.35,5.29,6.69,6.33,6.65,6.72,99.8754995245,6.437
2020-01-28 13-45-18,17,16,1830,,,,,,,,,4.937
2020-01-28 13-45-18,17,17,,7.55,9.01,7.45,,,,,,4.937
2020-01-28 13-45-18,17,18,,7.55,9.01,7.45,6.03,6.97,7.59,,,6.437
2020-01-28 13-45-18,17,19,,7.55,9.01,7.45,6.03,6.97,7.59,7.59,102.60279001250001,6.437
2020-01-28 13-45-19,18,16,1822,,,,,,,,,4.937
2020-01-28 13-45-19,18,17,,6.93,6.91,6.17,,,,,,4.937
2020-01-28 13-45-19,18,18,,6.93,6.91,6.17,5.99,6.65,6.65,,,6.437
2020-01-28 13-45-19,18,19,,6.93,6.91,6.17,5.99,6.65,6.65,6.52,102.7069965445,6.437
2020-01-28 13-45-19,19,16,8451,,,,,,,,,4.937
2020-01-28 13-45-19,19,17,,7.61,7.01,7.79,,,,,,4.937
2020-01-28 13-45-19,19,18,,7.61,7.01,7.79,8.45,8.55,7.95,,,6.437
2020-01-28 13-45-19,19,19,,7.61,7.01,7.79,8.45,8.55,7.95,6.72,47.075737080500005,6.437
2020-01-28 13-45-20,20,16,30570,,,,,,,,,4.937
2020-01-28 13-45-20,20,17,,-327.67,-327.67,-327.67,,,,,,4.937
2020-01-28 13-45-20,20,18,,-327.67,-327.67,-327.67,-327.67,-327.67,-327.67,,,6.437
2020-01-28 13-45-20,20,19,,-327.67,-327.67,-327.67,-327.67,-327.67,-327.67,7.54,100.00740903200001,6.437
2020-01-28 13-45-20,21,16,9399,,,,,,,,,4.937
2020-01-28 13-45-20,21,17,,7.01,7.41,6.97,,,,,,4.937
2020-01-28 13-45-20,21,18,,7.01,7.41,6.97,7.79,7.37,7.47,,,6.437
2020-01-28 13-45-20,21,19,,7.01,7.41,6.97,7.79,7.37,7.47,7.04,93.7756666405,6.437
2020-01-28 13-45-21,22,16,8415,,,,,,,,,4.937
2020-01-28 13-45-21,22,17,,6.11,6.91,6.33,,,,,,4.937
2020-01-28 13-45-21,22,18,,6.11,6.91,6.33,5.73,6.91,5.67,,,6.437
2020-01-28 13-45-21,22,19,,6.11,6.91,6.33,5.73,6.91,5.67,6.54,83.6935258445,6.437
2020-01-28 13-45-21,23,16,1837,,,,,,,,,4.937
2020-01-28 13-45-21,23,17,,7.29,8.29,8.61,,,,,,4.937
2020-01-28 13-45-21,23,18,,7.29,8.29,8.61,8.15,8.05,7.41,,,6.437
2020-01-28 13-45-21,23,19,,7.29,8.29,8.61,8.15,8.05,7.41,7.1,97.91391152050001,6.437
2020-01-28 13-45-22,25,16,8436,,,,,,,,,4.937
2020-01-28 13-45-22,25,17,,5.77,7.15,7.69,,,,,,4.937
2020-01-28 13-45-22,25,18,,5.77,7.15,7.69,5.55,7.01,6.79,,,6.437
2020-01-28 13-45-22,25,19,,5.77,7.15,7.69,5.55,7.01,6.79,5.73,87.3428255245,6.437
2020-01-28 13-46-15,10,16,29686,,,,,,,,,4.812
2020-01-28 13-46-15,10,17,,130.13,129.16,128.39,,,,,,4.812
2020-01-28 13-46-15,10,18,,130.13,129.16,128.39,43.77,40.95,40.96,,,6.5
2020-01-28 13-46-15,11,16,1836,,,,,,,,,4.812
2020-01-28 13-46-15,11,17,,9.03,9.49,9.57,,,,,,4.812
2020-01-28 13-46-15,11,18,,9.03,9.49,9.57,8.93,8.61,8.79,,,6.5
2020-01-28 13-46-15,11,19,,9.03,9.49,9.57,8.93,8.61,8.79,-39.389999999999986,-2.0462,6.5
2020-01-28 13-46-16,12,16,8446,,,,,,,,,4.812
2020-01-28 13-46-16,12,17,,6.35,6.13,6.91,,,,,,4.812
2020-01-28 13-46-16,12,18,,6.35,6.13,6.91,6.69,7.41,7.09,,,6.5
2020-01-28 13-46-16,12,19,,6.35,6.13,6.91,6.69,7.41,7.09,6.74,57.665740498000005,6.5
2020-01-28 13-46-16,13,16,9401,,,,,,,,,4.812
2020-01-28 13-46-16,13,17,,8.45,8.15,7.87,,,,,,4.812
2020-01-28 13-46-16,13,18,,8.45,8.15,7.87,7.47,7.23,6.93,,,6.5
2020-01-28 13-46-16,13,19,,8.45,8.15,7.87,7.47,7.23,6.93,7.14,95.28923906450001,6.5
2020-01-28 13-46-17,14,16,8325,,,,,,,,,4.812
2020-01-28 13-46-17,14,17,,6.29,8.47,8.19,,,,,,4.812
2020-01-28 13-46-17,14,18,,6.29,8.47,8.19,8.13,7.41,7.95,,,6.5
2020-01-28 13-46-17,14,19,,6.29,8.47,8.19,8.13,7.41,7.95,7.16,95.3969684605,6.5
2020-01-28 13-46-17,15,16,0,,,,,,,,,4.812
2020-01-28 13-46-17,15,17,,0.0,0.0,0.0,,,,,,4.812
2020-01-28 13-46-17,15,18,,0.0,0.0,0.0,0.0,0.0,0.0,,,6.5
2020-01-28 13-46-17,15,19,,0.0,0.0,0.0,0.0,0.0,0.0,0.0,-2.0462,6.5
2020-01-28 13-46-18,16,16,1818,,,,,,,,,4.812
2020-01-28 13-46-18,16,17,,6.13,6.25,5.77,,,,,,4.812
2020-01-28 13-46-18,16,18,,6.13,6.25,5.77,6.47,6.11,6.53,,,6.5
2020-01-28 13-46-18,16,19,,6.13,6.25,5.77,6.47,6.11,6.53,6.6,99.74351024200001,6.5
2020-01-28 13-46-18,17,16,1831,,,,,,,,,4.812
2020-01-28 13-46-18,17,17,,6.87,8.65,7.19,,,,,,4.812
2020-01-28 13-46-18,17,18,,6.87,8.65,7.19,5.95,7.05,6.97,,,6.5
2020-01-28 13-46-18,17,19,,6.87,8.65,7.19,5.95,7.05,6.97,7.59,103.7462537845,6.5
2020-01-28 13-46-19,18,16,1823,,,,,,,,,4.812
2020-01-28 13-46-19,18,17,,7.05,7.05,6.03,,,,,,4.812
2020-01-28 13-46-19,18,18,,7.05,7.05,6.03,6.39,6.83,6.87,,,6.5
2020-01-28 13-46-19,18,19,,7.05,7.05,6.03,6.39,6.83,6.87,6.42,103.12331211250002,6.5
2020-01-28 13-46-19,19,16,8452,,,,,,,,,4.812
2020-01-28 13-46-19,19,17,,7.79,7.37,7.95,,,,,,4.812
2020-01-28 13-46-19,19,18,,7.79,7.37,7.95,8.61,9.21,8.05,,,6.5
2020-01-28 13-46-19,19,19,,7.79,7.37,7.95,8.61,9.21,8.05,6.6,50.783255420500005,6.5
2020-01-28 13-46-20,20,16,30571,,,,,,,,,4.812
2020-01-28 13-46-20,20,17,,-327.67,-327.67,-327.67,,,,,,4.812
2020-01-28 13-46-20,20,18,,-327.67,-327.67,-327.67,-327.67,-327.67,-327.67,,,6.5
2020-01-28 13-46-20,20,19,,-327.67,-327.67,-327.67,-327.67,-327.67,-327.67,7.52,99.690692192,6.5
2020-01-28 13-46-20,21,16,9400,,,,,,,,,4.812
2020-01-28 13-46-20,21,17,,7.51,7.05,6.75,,,,,,4.812
2020-01-28 13-46-20,21,18,,7.51,7.05,6.75,7.47,6.91,7.55,,,6.5
2020-01-28 13-46-20,21,19,,7.51,7.05,6.75,7.47,6.91,7.55,6.92,93.31420928200001,6.5
2020-01-28 13-46-21,22,16,8416,,,,,,,,,4.812
2020-01-28 13-46-21,22,17,,5.71,6.53,6.35,,,,,,4.812
2020-01-28 13-46-21,22,18,,5.71,6.53,6.35,6.07,6.47,5.85,,,6.5
2020-01-28 13-46-21,22,19,,5.71,6.53,6.35,6.07,6.47,5.85,6.51,83.6935258445,6.5
2020-01-28 13-46-21,23,16,1838,,,,,,,,,4.812
2020-01-28 13-46-21,23,17,,6.73,7.77,8.19,,,,,,4.812
2020-01-28 13-46-21,23,18,,6.73,7.77,8.19,7.77,8.19,7.37,,,6.5
2020-01-28 13-46-21,23,19,,6.73,7.77,8.19,7.77,8.19,7.37,6.92,97.3273670125,6.5
2020-01-28 13-46-22,25,16,8437,,,,,,,,,4.812
2020-01-28 13-46-22,25,17,,5.77,7.27,7.91,,,,,,4.812
2020-01-28 13-46-22,25,18,,5.77,7.27,7.91,5.71,7.59,6.61,,,6.5
2020-01-28 13-46-22,25,19,,5.77,7.27,7.91,5.71,7.59,6.61,5.67,87.37068805,6.5
2020-01-28 13-47-14,10,16,29687,,,,,,,,,4.75
2020-01-28 13-47-14,10,17,,121.67,126.16,127.27,,,,,,4.75
2020-01-28 13-47-14,10,18,,121.67,126.16,127.27,43.77,40.95,40.96,,,6.5
2020-01-28 13-47-14,11,16,1837,,,,,,,,,4.75
2020-01-28 13-47-14,11,17,,8.75,9.11,9.77,,,,,,4.75
2020-01-28 13-47-14,11,18,,8.75,9.11,9.77,9.19,8.45,9.25,,,6.5
2020-01-28 13-47-14,11,19,,8.75,9.11,9.77,9.19,8.45,9.25,-39.389999999999986,-2.0462,6.5
2020-01-28 13-47-15,12,16,8447,,,,,,,,,4.75
2020-01-28 13-47-15,12,17,,6.13,5.89,6.53,,,,,,4.75
2020-01-28 13-47-15,12,18,,6.13,5.89,6.53,6.25,6.93,7.11,,,6.5
2020-01-28 13-47-15,12,19,,6.13,5.89,6.53,6.25,6.93,7.11,6.6,57.665740498000005,6.5
2020-01-28 13-47-15,13,16,9402,,,,,,,,,4.75
2020-01-28 13-47-15,13,17,,8.75,8.71,7.83,,,,,,4.75
2020-01-28 13-47-15,13,18,,8.75,8.71,7.83,7.65,7.33,6.91,,,6.5
2020-01-28 13-47-15,13,19,,8.75,8.71,7.83,7.65,7.33,6.91,7.0,95.66606858050001,6.5
2020-01-28 13-47-16,14,16,8326,,,,,,,,,4.75
2020-01-28 13-47-16,14,17,,6.39,8.41,8.13,,,,,,4.75
2020-01-28 13-47-16,14,18,,6.39,8.41,8.13,8.23,7.47,8.09,,,6.5
2020-01-28 13-47-16,14,19,,6.39,8.41,8.13,8.23,7.47,8.09,7.04,95.55846682450002,6.5
2020-01-28 13-47-16,15,16,0,,,,,,,,,4.75
2020-01-28 13-47-16,15,17,,0.0,0.0,0.0,,,,,,4.75
2020-01-28 13-47-16,15,18,,0.0,0.0,0.0,0.0,0.0,0.0,,,6.5
2020-01-28 13-47-16,15,19,,0.0,0.0,0.0,0.0,0.0,0.0,0.0,-2.0462,6.5
2020-01-28 13-47-17,16,16,1819,,,,,,,,,4.75
2020-01-28 13-47-17,16,17,,5.95,6.25,5.71,,,,,,4.75
2020-01-28 13-47-17,16,18,,5.95,6.25,5.71,6.87,5.99,6.51,,,6.5
2020-01-28 13-47-17,16,19,,5.95,6.25,5.71,6.87,5.99,6.51,6.52,100.19194832050002,6.5
2020-01-28 13-47-17,17,16,1832,,,,,,,,,4.75
2020-01-28 13-47-17,17,17,,7.61,8.55,6.75,,,,,,4.75
2020-01-28 13-47-17,17,18,,7.61,8.55,6.75,6.25,6.93,7.29,,,6.5
2020-01-28 13-47-17,17,19,,7.61,8.55,6.75,6.25,6.93,7.29,7.51,104.08291308800001,6.5
2020-01-28 13-47-18,18,16,1824,,,,,,,,,4.75
2020-01-28 13-47-18,18,17,,6.65,7.01,6.17,,,,,,4.75
2020-01-28 13-47-18,18,18,,6.65,7.01,6.17,6.03,6.39,6.43,,,6.5
2020-01-28 13-47-18,18,19,,6.65,7.01,6.17,6.03,6.39,6.43,6.29,103.0713173405,6.5
2020-01-28 13-47-18,19,16,8453,,,,,,,,,4.75
2020-01-28 13-47-18,19,17,,7.41,7.33,7.55,,,,,,4.75
2020-01-28 13-47-18,19,18,,7.41,7.33,7.55,8.59,8.47,7.87,,,6.5
2020-01-28 13-47-18,19,19,,7.41,7.33,7.55,8.59,8.47,7.87,6.46,50.973855704500004,6.5
2020-01-28 13-47-19,20,16,30572,,,,,,,,,4.75
2020-01-28 13-47-19,20,17,,-327.67,-327.67,-327.67,,,,,,4.75
2020-01-28 13-47-19,20,18,,-327.67,-327.67,-327.67,-327.67,-327.67,-327.67,,,6.5
2020-01-28 13-47-19,20,19,,-327.67,-327.67,-327.67,-327.67,-327.67,-327.67,7.4,99.50572850050001,6.5
2020-01-28 13-47-19,21,16,9401,,,,,,,,,4.75
2020-01-28 13-47-19,21,17,,7.73,7.37,6.33,,,,,,4.75
2020-01-28 13-47-19,21,18,,7.73,7.37,6.33,7.59,6.97,7.61,,,6.5
2020-01-28 13-47-19,21,19,,7.73,7.37,6.33,7.59,6.97,7.61,6.77,93.34137936050001,6.5
2020-01-28 13-47-20,22,16,8417,,,,,,,,,4.75
2020-01-28 13-47-20,22,17,,5.93,6.47,6.03,,,,,,4.75
2020-01-28 13-47-20,22,18,,5.93,6.47,6.03,5.67,6.93,5.33,,,6.5
2020-01-28 13-47-20,22,19,,5.93,6.47,6.03,5.67,6.93,5.33,6.46,83.6935258445,6.5
2020-01-28 13-47-20,23,16,1839,,,,,,,,,4.75
2020-01-28 13-47-20,23,17,,6.69,7.83,7.87,,,,,,4.75
2020-01-28 13-47-20,23,18,,6.69,7.83,7.87,7.23,7.65,7.29,,,6.5
2020-01-28 13-47-20,23,19,,6.69,7.83,7.87,7.23,7.65,7.29,6.84,97.567503712,6.5
2020-01-28 13-47-21,25,16,8438,,,,,,,,,4.75
2020-01-28 13-47-21,25,17,,5.73,6.79,7.51,,,,,,4.75
2020-01-28 13-47-21,25,18,,5.73,6.79,7.51,5.23,7.27,6.69,,,6.5
2020-01-28 13-47-21,25,19,,5.73,6.79,7.51,5.23,7.27,6.69,5.6,87.4542564805,6.5
2020-01-28 13-48-14,10,16,29688,,,,,,,,,4.687
2020-01-28 13-48-14,10,17,,60.81,110.55,119.1,,,,,,4.687
2020-01-28 13-48-14,10,18,,60.81,110.55,119.1,43.84,40.95,40.96,,,6.5
2020-01-28 13-48-14,11,16,1838,,,,,,,,,4.687
2020-01-28 13-48-15,11,17,,10.19,10.17,9.85,,,,,,4.687
2020-01-28 13-48-15,11,18,,10.19,10.17,9.85,9.71,9.77,10.09,,,6.5
2020-01-28 13-48-15,11,19,,10.19,10.17,9.85,9.71,9.77,10.09,-39.389999999999986,-2.0462,6.5
2020-01-28 13-48-15,12,16,8448,,,,,,,,,4.687
2020-01-28 13-48-15,12,17,,6.33,5.89,6.79,,,,,,4.687
2020-01-28 13-48-15,12,18,,6.33,5.89,6.79,6.43,7.23,7.23,,,6.5
2020-01-28 13-48-15,12,19,,6.33,5.89,6.79,6.43,7.23,7.23,6.63,57.821087900500004,6.5
2020-01-28 13-48-15,13,16,9403,,,,,,,,,4.687
2020-01-28 13-48-16,13,17,,8.51,8.61,7.97,,,,,,4.687
2020-01-28 13-48-16,13,18,,8.51,8.61,7.97,7.51,6.91,6.91,,,6.5
2020-01-28 13-48-16,13,19,,8.51,8.61,7.97,7.51,6.91,6.91,6.97,95.7198503125,6.5
2020-01-28 13-48-16,14,16,8327,,,,,,,,,4.687
2020-01-28 13-48-16,14,17,,6.39,8.13,7.95,,,,,,4.687
2020-01-28 13-48-16,14,18,,6.39,8.13,7.95,8.19,7.27,7.77,,,6.5
2020-01-28 13-48-16,14,19,,6.39,8.13,7.95,8.19,7.27,7.77,7.0,95.6122740845,6.5
2020-01-28 13-48-17,15,16,0,,,,,,,,,4.687
2020-01-28 13-48-17,15,17,,0.0,0.0,0.0,,,,,,4.687
2020-01-28 13-48-17,15,18,,0.0,0.0,0.0,0.0,0.0,0.0,,,6.5
2020-01-28 13-48-17,15,19,,0.0,0.0,0.0,0.0,0.0,0.0,0.0,-2.0462,6.5
2020-01-28 13-48-17,16,16,1820,,,,,,,,,4.687
2020-01-28 13-48-17,16,17,,6.21,6.53,5.33,,,,,,4.687
2020-01-28 13-48-17,16,18,,6.21,6.53,5.33,6.33,5.95,6.43,,,6.5
2020-01-28 13-48-17,16,19,,6.21,6.53,5.33,6.33,5.95,6.43,6.55,99.9282729005,6.5
2020-01-28 13-48-18,17,16,1833,,,,,,,,,4.687
2020-01-28 13-48-18,17,17,,7.09,8.37,7.77,,,,,,4.687
2020-01-28 13-48-18,17,18,,7.09,8.37,7.77,5.73,6.97,7.27,,,6.5
2020-01-28 13-48-18,17,19,,7.09,8.37,7.77,5.73,6.97,7.27,7.44,103.43501270050001,6.5
2020-01-28 13-48-18,18,16,1825,,,,,,,,,4.687
2020-01-28 13-48-18,18,17,,6.75,7.01,6.39,,,,,,4.687
2020-01-28 13-48-18,18,18,,6.75,7.01,6.39,6.25,6.65,6.65,,,6.5
2020-01-28 13-48-18,18,19,,6.75,7.01,6.39,6.25,6.65,6.65,6.4,103.097316322,6.5
2020-01-28 13-48-19,19,16,8454,,,,,,,,,4.687
2020-01-28 13-48-19,19,17,,7.15,7.11,7.55,,,,,,4.687
2020-01-28 13-48-19,19,18,,7.15,7.11,7.55,8.69,8.45,7.95,,,6.5
2020-01-28 13-48-19,19,19,,7.15,7.11,7.55,8.69,8.45,7.95,6.48,50.624334098000006,6.5
2020-01-28 13-48-19,20,16,30573,,,,,,,,,4.687
2020-01-28 13-48-19,20,17,,-327.67,-327.67,-327.67,,,,,,4.687
2020-01-28 13-48-19,20,18,,-327.67,-327.67,-327.67,-327.67,-327.67,-327.67,,,6.5
2020-01-28 13-48-19,20,19,,-327.67,-327.67,-327.67,-327.67,-327.67,-327.67,7.37,99.45285301250001,6.5
2020-01-28 13-48-20,21,16,9402,,,,,,,,,4.687
2020-01-28 13-48-20,21,17,,7.69,7.15,6.39,,,,,,4.687
2020-01-28 13-48-20,21,18,,7.69,7.15,6.39,7.47,7.09,7.27,,,6.5
2020-01-28 13-48-20,21,19,,7.69,7.15,6.39,7.47,7.09,7.27,6.73,93.28703601250001,6.5
2020-01-28 13-48-20,22,16,8418,,,,,,,,,4.687
2020-01-28 13-48-20,22,17,,5.99,6.73,6.11,,,,,,4.687
2020-01-28 13-48-20,22,18,,5.99,6.73,6.11,5.71,6.43,5.99,,,6.5
2020-01-28 13-48-20,22,19,,5.99,6.73,6.11,5.71,6.43,5.99,6.4,83.66524529800002,6.5
2020-01-28 13-48-21,23,16,1840,,,,,,,,,4.687
2020-01-28 13-48-21,23,17,,7.11,7.79,7.87,,,,,,4.687
2020-01-28 13-48-21,23,18,,7.11,7.79,7.87,7.95,8.01,7.27,,,6.5
2020-01-28 13-48-21,23,19,,7.11,7.79,7.87,7.95,8.01,7.27,6.82,97.4874868645,6.5
2020-01-28 13-48-22,25,16,8439,,,,,,,,,4.687
2020-01-28 13-48-22,25,17,,5.73,7.15,7.51,,,,,,4.687
2020-01-28 13-48-22,25,18,,5.73,7.15,7.51,5.73,7.51,6.57,,,6.5
2020-01-28 13-48-22,25,19,,5.73,7.15,7.51,5.73,7.51,6.57,5.58,87.56563638050001,6.5
2020-01-28 13-49-14,10,16,29689,,,,,,,,,4.75
2020-01-28 13-49-14,10,17,,125.24,127.18,126.98,,,,,,4.75
2020-01-28 13-49-14,10,18,,125.24,127.18,126.98,43.81,40.95,40.96,,,6.5
2020-01-28 13-49-15,11,16,1839,,,,,,,,,4.75
2020-01-28 13-49-15,11,17,,8.89,9.29,10.05,,,,,,4.75
2020-01-28 13-49-15,11,18,,8.89,9.29,10.05,9.03,9.03,9.57,,,6.5
2020-01-28 13-49-15,11,19,,8.89,9.29,10.05,9.03,9.03,9.57,-39.389999999999986,-2.0462,6.5
2020-01-28 13-49-15,12,16,8449,,,,,,,,,4.75
2020-01-28 13-49-15,12,17,,6.47,6.25,6.93,,,,,,4.75
2020-01-28 13-49-15,12,18,,6.47,6.25,6.93,6.91,7.69,7.59,,,6.5
2020-01-28 13-49-15,12,19,,6.47,6.25,6.93,6.91,7.69,7.59,6.82,57.790024802000005,6.5
2020-01-28 13-49-16,13,16,9404,,,,,,,,,4.75
2020-01-28 13-49-16,13,17,,8.75,8.65,7.95,,,,,,4.75
2020-01-28 13-49-16,13,18,,8.75,8.65,7.95,7.37,7.69,7.33,,,6.5
2020-01-28 13-49-16,13,19,,8.75,8.65,7.95,7.37,7.69,7.33,7.21,95.77361928050001,6.5
2020-01-28 13-49-16,14,16,8328,,,,,,,,,4.75
2020-01-28 13-49-16,14,17,,6.65,8.23,8.13,,,,,,4.75
2020-01-28 13-49-16,14,18,,6.65,8.23,8.13,8.29,7.47,7.69,,,6.5
2020-01-28 13-49-16,14,19,,6.65,8.23,8.13,8.29,7.47,7.69,7.24,95.69296104200001,6.5
2020-01-28 13-49-17,15,16,0,,,,,,,,,4.75
2020-01-28 13-49-17,15,17,,0.0,0.0,0.0,,,,,,4.75
2020-01-28 13-49-17,15,18,,0.0,0.0,0.0,0.0,0.0,0.0,,,6.5
2020-01-28 13-49-17,15,19,,0.0,0.0,0.0,0.0,0.0,0.0,0.0,-2.0462,6.5
2020-01-28 13-49-17,16,16,1821,,,,,,,,,4.75
2020-01-28 13-49-17,16,17,,6.61,6.79,5.45,,,,,,4.75
2020-01-28 13-49-17,16,18,,6.61,6.79,5.45,6.91,6.25,6.83,,,6.5
2020-01-28 13-49-17,16,19,,6.61,6.79,5.45,6.91,6.25,6.83,6.92,99.71710281250002,6.5
2020-01-28 13-49-18,17,16,1834,,,,,,,,,4.75
2020-01-28 13-49-18,17,17,,7.45,8.65,7.09,,,,,,4.75
2020-01-28 13-49-18,17,18,,7.45,8.65,7.09,6.25,6.87,7.51,,,6.5
2020-01-28 13-49-18,17,19,,7.45,8.65,7.09,6.25,6.87,7.51,7.4,103.33116356050002,6.5
2020-01-28 13-49-18,18,16,1826,,,,,,,,,4.75
2020-01-28 13-49-18,18,17,,7.37,7.27,6.57,,,,,,4.75
2020-01-28 13-49-18,18,18,,7.37,7.27,6.57,6.61,6.93,6.65,,,6.5
2020-01-28 13-49-18,18,19,,7.37,7.27,6.57,6.61,6.93,6.65,6.72,102.7590806645,6.5
2020-01-28 13-49-19,19,16,8455,,,,,,,,,4.75
2020-01-28 13-49-19,19,17,,8.15,7.51,8.37,,,,,,4.75
2020-01-28 13-49-19,19,18,,8.15,7.51,8.37,8.89,8.65,8.09,,,6.5
2020-01-28 13-49-19,19,19,,8.15,7.51,8.37,8.89,8.65,8.09,6.8,51.069112768000004,6.5
2020-01-28 13-49-19,20,16,30574,,,,,,,,,4.75
2020-01-28 13-49-19,20,17,,-327.67,-327.67,-327.67,,,,,,4.75
2020-01-28 13-49-19,20,18,,-327.67,-327.67,-327.67,-327.67,-327.67,-327.67,,,6.5
2020-01-28 13-49-19,20,19,,-327.67,-327.67,-327.67,-327.67,-327.67,-327.67,7.66,99.5585912245,6.5
2020-01-28 13-49-20,21,16,9403,,,,,,,,,4.75
2020-01-28 13-49-20,21,17,,7.73,7.47,7.11,,,,,,4.75
2020-01-28 13-49-20,21,18,,7.73,7.47,7.11,8.01,7.09,8.05,,,6.5
2020-01-28 13-49-20,21,19,,7.73,7.47,7.11,8.01,7.09,8.05,7.08,93.3957099445,6.5
2020-01-28 13-49-20,22,16,8419,,,,,,,,,4.75
2020-01-28 13-49-20,22,17,,6.21,6.93,6.75,,,,,,4.75
2020-01-28 13-49-20,22,18,,6.21,6.93,6.75,5.89,7.09,6.11,,,6.5
2020-01-28 13-49-20,22,19,,6.21,6.93,6.75,5.89,7.09,6.11,6.53,83.6935258445,6.5
2020-01-28 13-49-21,23,16,1841,,,,,,,,,4.75
2020-01-28 13-49-21,23,17,,6.83,8.33,8.27,,,,,,4.75
2020-01-28 13-49-21,23,18,,6.83,8.33,8.27,7.79,8.19,7.41,,,6.5
2020-01-28 13-49-21,23,19,,6.83,8.33,8.27,7.79,8.19,7.41,7.08,97.64749184050001,6.5
2020-01-28 13-49-22,25,16,8440,,,,,,,,,4.75
2020-01-28 13-49-22,25,17,,6.13,7.51,7.69,,,,,,4.75
2020-01-28 13-49-22,25,18,,6.13,7.51,7.69,6.07,7.95,7.11,,,6.5
2020-01-28 13-49-22,25,19,,6.13,7.51,7.69,6.07,7.95,7.11,5.72,87.62130718450001,6.5
2020-01-28 13-50-14,10,16,29690,,,,,,,,,4.812
2020-01-28 13-50-14,10,17,,74.87,115.53,121.38,,,,,,4.812
2020-01-28 13-50-14,10,18,,74.87,115.53,121.38,43.79,40.95,40.96,,,6.5
2020-01-28 13-50-15,11,16,1840,,,,,,,,,4.812
2020-01-28 13-50-15,11,17,,9.85,10.05,9.75,,,,,,4.812
2020-01-28 13-50-15,11,18,,9.85,10.05,9.75,9.63,9.35,9.61,,,6.5
2020-01-28 13-50-15,11,19,,9.85,10.05,9.75,9.63,9.35,9.61,-39.389999999999986,-2.0462,6.5
2020-01-28 13-50-15,12,16,8450,,,,,,,,,4.812
2020-01-28 13-50-15,12,17,,6.35,6.25,6.79,,,,,,4.812
2020-01-28 13-50-15,12,18,,6.35,6.25,6.79,6.87,7.65,7.29,,,6.5
2020-01-28 13-50-15,12,19,,6.35,6.25,6.79,6.87,7.65,7.29,6.86,57.727889032000014,6.5
2020-01-28 13-50-16,13,16,9405,,,,,,,,,4.812
2020-01-28 13-50-16,13,17,,8.65,8.19,7.91,,,,,,4.812
2020-01-28 13-50-16,13,18,,8.65,8.19,7.91,7.45,7.33,6.97,,,6.5
2020-01-28 13-50-16,13,19,,8.65,8.19,7.91,7.45,7.33,6.97,7.22,95.1275492405,6.5
2020-01-28 13-50-16,14,16,8329,,,,,,,,,4.812
2020-01-28 13-50-16,14,17,,6.51,8.29,8.45,,,,,,4.812
2020-01-28 13-50-16,14,18,,6.51,8.29,8.45,8.75,7.55,8.13,,,6.5
2020-01-28 13-50-16,14,19,,6.51,8.29,8.45,8.75,7.55,8.13,7.2,95.34311014450002,6.5
2020-01-28 13-50-17,15,16,0,,,,,,,,,4.812
2020-01-28 13-50-17,15,17,,0.0,0.0,0.0,,,,,,4.812
2020-01-28 13-50-17,15,18,,0.0,0.0,0.0,0.0,0.0,0.0,,,6.5
2020-01-28 13-50-17,15,19,,0.0,0.0,0.0,0.0,0.0,0.0,0.0,-2.0462,6.5
2020-01-28 13-50-17,16,16,1822,,,,,,,,,4.812
2020-01-28 13-50-17,16,17,,6.17,6.69,5.49,,,,,,4.812
2020-01-28 13-50-17,16,18,,6.17,6.69,5.49,7.05,6.39,6.29,,,6.5
2020-01-28 13-50-17,16,19,,6.17,6.69,5.49,7.05,6.39,6.29,6.87,99.63786137800001,6.5
2020-01-28 13-50-18,17,16,1835,,,,,,,,,4.812
2020-01-28 13-50-18,17,17,,7.27,8.51,7.27,,,,,,4.812
2020-01-28 13-50-18,17,18,,7.27,8.51,7.27,6.21,7.05,7.37,,,6.5
2020-01-28 13-50-18,17,19,,7.27,8.51,7.27,6.21,7.05,7.37,7.62,104.1605271125,6.5
2020-01-28 13-50-18,18,16,1827,,,,,,,,,4.812
2020-01-28 13-50-18,18,17,,7.11,7.23,6.47,,,,,,4.812
2020-01-28 13-50-18,18,18,,7.11,7.23,6.47,6.03,6.97,6.97,,,6.5
2020-01-28 13-50-18,18,19,,7.11,7.23,6.47,6.03,6.97,6.97,6.6,103.01930980450001,6.5
2020-01-28 13-50-19,19,16,8456,,,,,,,,,4.812
2020-01-28 13-50-19,19,17,,7.15,7.33,7.83,,,,,,4.812
2020-01-28 13-50-19,19,18,,7.15,7.33,7.83,8.79,8.59,8.01,,,6.5
2020-01-28 13-50-19,19,19,,7.15,7.33,7.83,8.79,8.59,8.01,6.64,54.73036160800001,6.5
2020-01-28 13-50-19,20,16,30575,,,,,,,,,4.812
2020-01-28 13-50-19,20,17,,-327.67,-327.67,-327.67,,,,,,4.812
2020-01-28 13-50-19,20,18,,-327.67,-327.67,-327.67,-327.67,-327.67,-327.67,,,6.5
2020-01-28 13-50-19,20,19,,-327.67,-327.67,-327.67,-327.67,-327.67,-327.67,7.66,99.02938960450001,6.5
2020-01-28 13-50-20,21,16,9404,,,,,,,,,4.812
2020-01-28 13-50-20,21,17,,7.33,7.09,7.15,,,,,,4.812
2020-01-28 13-50-20,21,18,,7.33,7.09,7.15,7.41,6.97,7.73,,,6.5
2020-01-28 13-50-20,21,19,,7.33,7.09,7.15,7.41,6.97,7.73,7.01,92.87905405000001,6.5
2020-01-28 13-50-20,22,16,8420,,,,,,,,,4.812
2020-01-28 13-50-20,22,17,,6.17,6.75,6.35,,,,,,4.812
2020-01-28 13-50-20,22,18,,6.17,6.75,6.35,5.81,6.83,5.59,,,6.5
2020-01-28 13-50-20,22,19,,6.17,6.75,6.35,5.81,6.83,5.59,6.54,83.608674632,6.5
2020-01-28 13-50-21,23,16,1842,,,,,,,,,4.812
2020-01-28 13-50-21,23,17,,7.05,7.79,8.05,,,,,,4.812
2020-01-28 13-50-21,23,18,,7.05,7.79,8.05,7.91,7.97,7.41,,,6.5
2020-01-28 13-50-21,23,19,,7.05,7.79,8.05,7.91,7.97,7.41,7.0,97.08697184200001,6.5
2020-01-28 13-50-22,25,16,8441,,,,,,,,,4.812
2020-01-28 13-50-22,25,17,,5.95,7.15,7.83,,,,,,4.812
2020-01-28 13-50-22,25,18,,5.95,7.15,7.83,6.11,7.51,6.79,,,6.5
2020-01-28 13-50-22,25,19,,5.95,7.15,7.83,6.11,7.51,6.79,5.66,87.67696522450001,6.5
2020-01-28 13-51-14,10,16,29691,,,,,,,,,4.75
2020-01-28 13-51-15,10,17,,62.98,111.37,119.2,,,,,,4.75
2020-01-28 13-51-15,10,18,,62.98,111.37,119.2,43.71,40.95,40.96,,,6.5
2020-01-28 13-51-15,11,16,1841,,,,,,,,,4.75
2020-01-28 13-51-15,11,17,,8.97,9.43,9.89,,,,,,4.75
2020-01-28 13-51-15,11,18,,8.97,9.43,9.89,8.87,8.79,9.11,,,6.5
2020-01-28 13-51-15,11,19,,8.97,9.43,9.89,8.87,8.79,9.11,-39.389999999999986,-2.0462,6.5
2020-01-28 13-51-15,12,16,8451,,,,,,,,,4.75
2020-01-28 13-51-16,12,17,,6.25,5.99,6.87,,,,,,4.75
2020-01-28 13-51-16,12,18,,6.25,5.99,6.87,6.39,7.59,7.09,,,6.5
2020-01-28 13-51-16,12,19,,6.25,5.99,6.87,6.39,7.59,7.09,6.82,57.790024802000005,6.5
2020-01-28 13-51-16,13,16,9406,,,,,,,,,4.75
2020-01-28 13-51-16,13,17,,8.55,8.09,7.87,,,,,,4.75
2020-01-28 13-51-16,13,18,,8.55,8.09,7.87,7.77,7.51,7.15,,,6.5
2020-01-28 13-51-16,13,19,,8.55,8.09,7.87,7.77,7.51,7.15,7.18,95.26229873800001,6.5
2020-01-28 13-51-17,14,16,8330,,,,,,,,,4.75
2020-01-28 13-51-17,14,17,,6.47,7.87,8.23,,,,,,4.75
2020-01-28 13-51-17,14,18,,6.47,7.87,8.23,8.23,7.41,7.79,,,6.5
2020-01-28 13-51-17,14,19,,6.47,7.87,8.23,8.23,7.41,7.79,7.21,95.37004089800001,6.5
2020-01-28 13-51-17,15,16,0,,,,,,,,,4.75
2020-01-28 13-51-17,15,17,,0.0,0.0,0.0,,,,,,4.75
2020-01-28 13-51-17,15,18,,0.0,0.0,0.0,0.0,0.0,0.0,,,6.5
2020-01-28 13-51-17,15,19,,0.0,0.0,0.0,0.0,0.0,0.0,0.0,-2.0462,6.5
2020-01-28 13-51-18,16,16,1823,,,,,,,,,4.75
2020-01-28 13-51-18,16,17,,6.21,6.75,5.71,,,,,,4.75
2020-01-28 13-51-18,16,18,,6.21,6.75,5.71,6.57,6.21,6.39,,,6.5
2020-01-28 13-51-18,16,19,,6.21,6.75,5.71,6.57,6.21,6.39,6.76,99.7699144805,6.5
2020-01-28 13-51-18,17,16,1836,,,,,,,,,4.75
2020-01-28 13-51-18,17,17,,7.59,8.45,7.33,,,,,,4.75
2020-01-28 13-51-18,17,18,,7.59,8.45,7.33,6.13,6.83,7.19,,,6.5
2020-01-28 13-51-18,17,19,,7.59,8.45,7.33,6.13,6.83,7.19,7.58,103.2792198445,6.5
2020-01-28 13-51-19,18,16,1828,,,,,,,,,4.75
2020-01-28 13-51-19,18,17,,6.97,7.01,6.57,,,,,,4.75
2020-01-28 13-51-19,18,18,,6.97,7.01,6.57,6.57,6.47,6.43,,,6.5
2020-01-28 13-51-19,18,19,,6.97,7.01,6.57,6.57,6.47,6.43,6.58,102.60279001250001,6.5
2020-01-28 13-51-19,19,16,8457,,,,,,,,,4.75
2020-01-28 13-51-19,19,17,,7.61,7.47,8.01,,,,,,4.75
2020-01-28 13-51-19,19,18,,7.61,7.47,8.01,8.59,8.55,8.15,,,6.5
2020-01-28 13-51-19,19,19,,7.61,7.47,8.01,8.59,8.55,8.15,6.74,54.91856864200001,6.5
2020-01-28 13-51-20,20,16,30576,,,,,,,,,4.75
2020-01-28 13-51-20,20,17,,-327.67,-327.67,-327.67,,,,,,4.75
2020-01-28 13-51-20,20,18,,-327.67,-327.67,-327.67,-327.67,-327.67,-327.67,,,6.5
2020-01-28 13-51-20,20,19,,-327.67,-327.67,-327.67,-327.67,-327.67,-327.67,7.64,98.94989927200001,6.5
2020-01-28 13-51-20,21,16,9405,,,,,,,,,4.75
2020-01-28 13-51-20,21,17,,7.55,7.01,6.79,,,,,,4.75
2020-01-28 13-51-20,21,18,,7.55,7.01,6.79,7.79,7.15,7.83,,,6.5
2020-01-28 13-51-20,21,19,,7.55,7.01,6.79,7.79,7.15,7.83,7.06,92.7973715005,6.5
2020-01-28 13-51-21,22,16,8421,,,,,,,,,4.75
2020-01-28 13-51-21,22,17,,6.21,6.79,6.13,,,,,,4.75
2020-01-28 13-51-21,22,18,,6.21,6.79,6.13,6.07,7.15,6.07,,,6.5
2020-01-28 13-51-21,22,19,,6.21,6.79,6.13,6.07,7.15,6.07,6.48,83.608674632,6.5
2020-01-28 13-51-21,23,16,1843,,,,,,,,,4.75
2020-01-28 13-51-21,23,17,,6.93,8.19,8.19,,,,,,4.75
2020-01-28 13-51-21,23,18,,6.93,8.19,8.19,7.97,8.51,7.29,,,6.5
2020-01-28 13-51-21,23,19,,6.93,8.19,8.19,7.97,8.51,7.29,7.06,97.16713228450001,6.5
2020-01-28 13-51-22,25,16,8442,,,,,,,,,4.75
2020-01-28 13-51-22,25,17,,5.81,7.29,7.65,,,,,,4.75
2020-01-28 13-51-22,25,18,,5.81,7.29,7.65,6.33,7.41,7.11,,,6.5
2020-01-28 13-51-22,25,19,,5.81,7.29,7.65,6.33,7.41,7.11,5.74,87.73261050050002,6.5
2020-01-28 13-52-15,10,16,29692,,,,,,,,,4.75
2020-01-28 13-52-15,10,17,,86.67,120.46,123.65,,,,,,4.75
2020-01-28 13-52-15,10,18,,86.67,120.46,123.65,43.83,40.95,40.96,,,6.562
2020-01-28 13-52-15,11,16,1842,,,,,,,,,4.75
2020-01-28 13-52-15,11,17,,9.75,9.91,9.95,,,,,,4.75
2020-01-28 13-52-15,11,18,,9.75,9.91,9.95,8.75,9.25,9.61,,,6.562
2020-01-28 13-52-15,11,19,,9.75,9.91,9.95,8.75,9.25,9.61,-39.389999999999986,-2.0462,6.562
2020-01-28 13-52-16,12,16,8452,,,,,,,,,4.75
2020-01-28 13-52-16,12,17,,6.33,6.07,7.11,,,,,,4.75
2020-01-28 13-52-16,12,18,,6.33,6.07,7.11,6.65,7.55,7.47,,,6.562
2020-01-28 13-52-16,12,19,,6.33,6.07,7.11,6.65,7.55,7.47,6.9,57.727889032000014,6.562
2020-01-28 13-52-16,13,16,9407,,,,,,,,,4.75
2020-01-28 13-52-16,13,17,,8.89,8.69,8.23,,,,,,4.75
2020-01-28 13-52-16,13,18,,8.89,8.69,8.23,7.33,7.65,6.83,,,6.562
2020-01-28 13-52-16,13,19,,8.89,8.69,8.23,7.33,7.65,6.83,7.38,95.0736271045,6.562
2020-01-28 13-52-17,14,16,8331,,,,,,,,,4.75
2020-01-28 13-52-17,14,17,,6.75,8.69,7.77,,,,,,4.75
2020-01-28 13-52-17,14,18,,6.75,8.69,7.77,8.71,7.65,6.73,,,6.562
2020-01-28 13-52-17,14,19,,6.75,8.69,7.77,8.71,7.65,6.73,7.4,95.423892832,6.562
2020-01-28 13-52-17,15,16,0,,,,,,,,,4.75
2020-01-28 13-52-17,15,17,,0.0,0.0,0.0,,,,,,4.75
2020-01-28 13-52-17,15,18,,0.0,0.0,0.0,0.0,0.0,0.0,,,6.562
2020-01-28 13-52-17,15,19,,0.0,0.0,0.0,0.0,0.0,0.0,0.0,-2.0462,6.562
2020-01-28 13-52-18,16,16,1824,,,,,,,,,4.75
2020-01-28 13-52-18,16,17,,6.65,6.39,5.73,,,,,,4.75
2020-01-28 13-52-18,16,18,,6.65,6.39,5.73,6.73,6.25,6.13,,,6.562
2020-01-28 13-52-18,16,19,,6.65,6.39,5.73,6.73,6.25,6.13,6.86,99.108851218,6.562
2020-01-28 13-52-18,17,16,1837,,,,,,,,,4.75
2020-01-28 13-52-18,17,17,,7.23,8.65,7.23,,,,,,4.75
2020-01-28 13-52-18,17,18,,7.23,8.65,7.23,6.13,7.23,7.41,,,6.562
2020-01-28 13-52-18,17,19,,7.23,8.65,7.23,6.13,7.23,7.41,8.02,102.9672895045,6.562
2020-01-28 13-52-19,18,16,1829,,,,,,,,,4.75
2020-01-28 13-52-19,18,17,,7.27,7.27,6.25,,,,,,4.75
2020-01-28 13-52-19,18,18,,7.27,7.27,6.25,6.33,6.69,6.79,,,6.562
2020-01-28 13-52-19,18,19,,7.27,7.27,6.25,6.33,6.69,6.79,6.63,102.28986408050001,6.562
2020-01-28 13-52-19,19,16,8458,,,,,,,,,4.75
2020-01-28 13-52-19,19,17,,8.05,7.51,7.87,,,,,,4.75
2020-01-28 13-52-19,19,18,,8.05,7.51,7.87,9.21,8.59,8.51,,,6.562
2020-01-28 13-52-19,19,19,,8.05,7.51,7.87,9.21,8.59,8.51,6.9,58.038440242,6.562
2020-01-28 13-52-20,20,16,30577,,,,,,,,,4.75
2020-01-28 13-52-20,20,17,,-327.67,-327.67,-327.67,,,,,,4.75
2020-01-28 13-52-20,20,18,,-327.67,-327.67,-327.67,-327.67,-327.67,-327.67,,,6.562
2020-01-28 13-52-20,20,19,,-327.67,-327.67,-327.67,-327.67,-327.67,-327.67,7.84,98.6581890125,6.562
2020-01-28 13-52-20,21,16,9406,,,,,,,,,4.75
2020-01-28 13-52-20,21,17,,7.73,7.45,6.97,,,,,,4.75
2020-01-28 13-52-20,21,18,,7.73,7.45,6.97,8.01,7.55,7.59,,,6.562
2020-01-28 13-52-20,21,19,,7.73,7.45,6.97,8.01,7.55,7.59,7.22,92.52488892050002,6.562
2020-01-28 13-52-21,22,16,8422,,,,,,,,,4.75
2020-01-28 13-52-21,22,17,,6.29,7.11,6.35,,,,,,4.75
2020-01-28 13-52-21,22,18,,6.29,7.11,6.35,5.89,6.79,6.11,,,6.562
2020-01-28 13-52-21,22,19,,6.29,7.11,6.35,5.89,6.79,6.11,6.58,83.5803845125,6.562
2020-01-28 13-52-21,23,16,1844,,,,,,,,,4.75
2020-01-28 13-52-21,23,17,,7.01,8.13,8.41,,,,,,4.75
2020-01-28 13-52-21,23,18,,7.01,8.13,8.41,7.91,7.87,7.47,,,6.562
2020-01-28 13-52-21,23,19,,7.01,8.13,8.41,7.91,7.87,7.47,7.2,97.033515592,6.562
2020-01-28 13-52-22,25,16,8443,,,,,,,,,4.75
2020-01-28 13-52-22,25,17,,5.95,7.23,8.01,,,,,,4.75
2020-01-28 13-52-22,25,18,,5.95,7.23,8.01,5.73,6.79,6.79,,,6.562
2020-01-28 13-52-22,25,19,,5.95,7.23,8.01,5.73,6.79,6.79,5.79,87.73261050050002,6.562
2020-01-28 13-53-15,10,16,29693,,,,,,,,,4.75
2020-01-28 13-53-15,10,17,,120.65,125.44,126.84,,,,,,4.75
2020-01-28 13-53-15,10,18,,120.65,125.44,126.84,43.83,40.95,40.96,,,6.562
2020-01-28 13-53-15,11,16,1843,,,,,,,,,4.75
2020-01-28 13-53-15,11,17,,10.13,9.81,9.57,,,,,,4.75
2020-01-28 13-53-15,11,18,,10.13,9.81,9.57,9.57,9.99,9.57,,,6.562
2020-01-28 13-53-15,11,19,,10.13,9.81,9.57,9.57,9.99,9.57,-39.389999999999986,-2.0462,6.562
2020-01-28 13-53-16,12,16,8453,,,,,,,,,4.75
2020-01-28 13-53-16,12,17,,6.53,6.33,7.09,,,,,,4.75
2020-01-28 13-53-16,12,18,,6.53,6.33,7.09,7.23,7.77,7.77,,,6.562
2020-01-28 13-53-16,12,19,,6.53,6.33,7.09,7.23,7.77,7.77,7.04,57.75895851250001,6.562
2020-01-28 13-53-16,13,16,9408,,,,,,,,,4.75
2020-01-28 13-53-16,13,17,,9.25,8.61,8.47,,,,,,4.75
2020-01-28 13-53-16,13,18,,9.25,8.61,8.47,7.37,7.97,7.47,,,6.562
2020-01-28 13-53-16,13,19,,9.25,8.61,8.47,7.37,7.97,7.47,7.42,94.5337037245,6.562
2020-01-28 13-53-17,14,16,8332,,,,,,,,,4.75
2020-01-28 13-53-17,14,17,,6.93,8.69,8.51,,,,,,4.75
2020-01-28 13-53-17,14,18,,6.93,8.69,8.51,8.79,7.65,8.37,,,6.562
2020-01-28 13-53-17,14,19,,6.93,8.69,8.51,8.79,7.65,8.37,7.5,95.18145861250001,6.562
2020-01-28 13-53-17,15,16,0,,,,,,,,,4.75
2020-01-28 13-53-17,15,17,,0.0,0.0,0.0,,,,,,4.75
2020-01-28 13-53-17,15,18,,0.0,0.0,0.0,0.0,0.0,0.0,,,6.562
2020-01-28 13-53-17,15,19,,0.0,0.0,0.0,0.0,0.0,0.0,0.0,-2.0462,6.562
2020-01-28 13-53-18,16,16,1825,,,,,,,,,4.75
2020-01-28 13-53-18,16,17,,6.69,6.61,5.55,,,,,,4.75
2020-01-28 13-53-18,16,18,,6.69,6.61,5.55,6.75,6.33,6.73,,,6.562
2020-01-28 13-53-18,16,19,,6.69,6.61,5.55,6.75,6.33,6.73,7.02,99.2412234205,6.562
2020-01-28 13-53-18,17,16,1838,,,,,,,,,4.75
2020-01-28 13-53-18,17,17,,7.73,9.01,7.47,,,,,,4.75
2020-01-28 13-53-18,17,18,,7.73,9.01,7.47,6.47,7.19,7.73,,,6.562
2020-01-28 13-53-18,17,19,,7.73,9.01,7.47,6.47,7.19,7.73,8.09,103.2792198445,6.562
2020-01-28 13-53-19,18,16,1830,,,,,,,,,4.75
2020-01-28 13-53-19,18,17,,7.27,7.11,6.17,,,,,,4.75
2020-01-28 13-53-19,18,18,,7.27,7.11,6.17,6.73,6.53,6.79,,,6.562
2020-01-28 13-53-19,18,19,,7.27,7.11,6.17,6.73,6.53,6.79,6.91,102.44638448450002,6.562
2020-01-28 13-53-19,19,16,8459,,,,,,,,,4.75
2020-01-28 13-53-19,19,17,,7.45,7.83,8.29,,,,,,4.75
2020-01-28 13-53-19,19,18,,7.45,7.83,8.29,9.15,8.89,8.29,,,6.562
2020-01-28 13-53-19,19,19,,7.45,7.83,8.29,9.15,8.89,8.29,7.0,59.3083640125,6.562
2020-01-28 13-53-20,20,16,30578,,,,,,,,,4.75
2020-01-28 13-53-20,20,17,,-327.67,-327.67,-327.67,,,,,,4.75
2020-01-28 13-53-20,20,18,,-327.67,-327.67,-327.67,-327.67,-327.67,-327.67,,,6.562
2020-01-28 13-53-20,20,19,,-327.67,-327.67,-327.67,-327.67,-327.67,-327.67,7.92,98.49891158450001,6.562
2020-01-28 13-53-20,21,16,9407,,,,,,,,,4.75
2020-01-28 13-53-20,21,17,,7.77,7.59,6.83,,,,,,4.75
2020-01-28 13-53-20,21,18,,7.77,7.59,6.83,8.01,7.65,8.09,,,6.562
2020-01-28 13-53-20,21,19,,7.77,7.59,6.83,8.01,7.65,8.09,7.26,92.03361614450002,6.562
2020-01-28 13-53-21,22,16,8423,,,,,,,,,4.75
2020-01-28 13-53-21,22,17,,5.99,6.91,6.69,,,,,,4.75
2020-01-28 13-53-21,22,18,,5.99,6.91,6.69,5.89,7.45,6.07,,,6.562
2020-01-28 13-53-21,22,19,,5.99,6.91,6.69,5.89,7.45,6.07,6.6,83.55209120200001,6.562
2020-01-28 13-53-21,23,16,1845,,,,,,,,,4.75
2020-01-28 13-53-21,23,17,,7.19,8.19,8.69,,,,,,4.75
2020-01-28 13-53-21,23,18,,7.19,8.19,8.69,7.95,8.37,7.77,,,6.562
2020-01-28 13-53-21,23,19,,7.19,8.19,8.69,7.95,8.37,7.77,7.24,96.6321868645,6.562
2020-01-28 13-53-22,25,16,8444,,,,,,,,,4.75
2020-01-28 13-53-22,25,17,,5.99,7.41,7.73,,,,,,4.75
2020-01-28 13-53-22,25,18,,5.99,7.41,7.73,5.99,7.19,6.69,,,6.562
2020-01-28 13-53-22,25,19,,5.99,7.41,7.73,5.99,7.19,6.69,5.79,87.760428352,6.562
2020-01-28 13-54-14,10,16,29694,,,,,,,,,4.75
2020-01-28 13-54-14,10,17,,81.93,119.06,122.54,,,,,,4.75
2020-01-28 13-54-14,10,18,,81.93,119.06,122.54,43.85,40.95,40.96,,,6.625
2020-01-28 13-54-14,11,16,1844,,,,,,,,,4.75
2020-01-28 13-54-14,11,17,,10.47,10.03,10.61,,,,,,4.75
2020-01-28 13-54-14,11,18,,10.47,10.03,10.61,9.95,9.81,9.91,,,6.625
2020-01-28 13-54-14,11,19,,10.47,10.03,10.61,9.95,9.81,9.91,-39.389999999999986,-2.0462,6.625
2020-01-28 13-54-15,12,16,8454,,,,,,,,,4.75
2020-01-28 13-54-15,12,17,,6.69,6.51,7.65,,,,,,4.75
2020-01-28 13-54-15,12,18,,6.69,6.51,7.65,7.29,7.97,7.77,,,6.625
2020-01-28 13-54-15,12,19,,6.69,6.51,7.65,7.29,7.97,7.77,7.23,57.727889032000014,6.625
2020-01-28 13-54-15,13,16,9409,,,,,,,,,4.75
2020-01-28 13-54-15,13,17,,9.67,9.19,8.65,,,,,,4.75
2020-01-28 13-54-15,13,18,,9.67,9.19,8.65,8.23,8.15,7.69,,,6.625
2020-01-28 13-54-15,13,19,,9.67,9.19,8.65,8.23,8.15,7.69,7.68,93.85700456200001,6.625
2020-01-28 13-54-16,14,16,8333,,,,,,,,,4.75
2020-01-28 13-54-16,14,17,,6.93,9.33,8.83,,,,,,4.75
2020-01-28 13-54-16,14,18,,6.93,9.33,8.83,9.11,7.87,8.29,,,6.625
2020-01-28 13-54-16,14,19,,6.93,9.33,8.83,9.11,7.87,8.29,7.78,94.4255658805,6.625
2020-01-28 13-54-16,15,16,0,,,,,,,,,4.75
2020-01-28 13-54-16,15,17,,0.0,0.0,0.0,,,,,,4.75
2020-01-28 13-54-16,15,18,,0.0,0.0,0.0,0.0,0.0,0.0,,,6.625
2020-01-28 13-54-16,15,19,,0.0,0.0,0.0,0.0,0.0,0.0,0.0,-2.0462,6.625
2020-01-28 13-54-17,16,16,1826,,,,,,,,,4.75
2020-01-28 13-54-17,16,17,,6.91,6.87,5.33,,,,,,4.75
2020-01-28 13-54-17,16,18,,6.91,6.87,5.33,7.61,6.33,6.97,,,6.625
2020-01-28 13-54-17,16,19,,6.91,6.87,5.33,7.61,6.33,6.97,7.2,98.312942728,6.625
2020-01-28 13-54-17,17,16,1839,,,,,,,,,4.75
2020-01-28 13-54-17,17,17,,8.09,9.01,7.91,,,,,,4.75
2020-01-28 13-54-17,17,18,,8.09,9.01,7.91,6.25,7.65,7.91,,,6.625
2020-01-28 13-54-17,17,19,,8.09,9.01,7.91,6.25,7.65,7.91,8.2,102.60279001250001,6.625
2020-01-28 13-54-18,18,16,1831,,,,,,,,,4.75
2020-01-28 13-54-18,18,17,,7.51,7.65,6.35,,,,,,4.75
2020-01-28 13-54-18,18,18,,7.51,7.65,6.35,6.79,6.65,7.01,,,6.625
2020-01-28 13-54-18,18,19,,7.51,7.65,6.35,6.79,6.65,7.01,6.99,101.4531484645,6.625
2020-01-28 13-54-18,19,16,8460,,,,,,,,,4.75
2020-01-28 13-54-18,19,17,,7.61,7.29,8.51,,,,,,4.75
2020-01-28 13-54-18,19,18,,7.61,7.29,8.51,9.33,9.35,8.79,,,6.625
2020-01-28 13-54-18,19,19,,7.61,7.29,8.51,9.33,9.35,8.79,7.33,63.26898851200001,6.625
2020-01-28 13-54-19,20,16,30579,,,,,,,,,4.75
2020-01-28 13-54-19,20,17,,-327.67,-327.67,-327.67,,,,,,4.75
2020-01-28 13-54-19,20,18,,-327.67,-327.67,-327.67,-327.67,-327.67,-327.67,,,6.625
2020-01-28 13-54-19,20,19,,-327.67,-327.67,-327.67,-327.67,-327.67,-327.67,8.25,97.86065311250002,6.625
2020-01-28 13-54-19,21,16,9408,,,,,,,,,4.75
2020-01-28 13-54-19,21,17,,8.19,7.97,7.41,,,,,,4.75
2020-01-28 13-54-19,21,18,,8.19,7.97,7.41,8.29,7.97,8.45,,,6.625
2020-01-28 13-54-19,21,19,,8.19,7.97,7.41,8.29,7.97,8.45,7.54,91.32217466050001,6.625
2020-01-28 13-54-20,22,16,8424,,,,,,,,,4.75
2020-01-28 13-54-20,22,17,,6.35,6.97,6.29,,,,,,4.75
2020-01-28 13-54-20,22,18,,6.35,6.97,6.29,6.33,7.15,6.25,,,6.625
2020-01-28 13-54-20,22,19,,6.35,6.97,6.29,6.33,7.15,6.25,6.78,83.495495008,6.625
2020-01-28 13-54-20,23,16,1846,,,,,,,,,4.75
2020-01-28 13-54-20,23,17,,7.33,8.41,9.15,,,,,,4.75
2020-01-28 13-54-20,23,18,,7.33,8.41,9.15,8.37,8.69,8.09,,,6.625
2020-01-28 13-54-20,23,19,,7.33,8.41,9.15,8.37,8.69,8.09,7.41,96.17647968800001,6.625
2020-01-28 13-54-21,25,16,8445,,,,,,,,,4.75
2020-01-28 13-54-21,25,17,,6.03,7.91,8.37,,,,,,4.75
2020-01-28 13-54-21,25,18,,6.03,7.91,8.37,6.11,7.79,7.27,,,6.625
2020-01-28 13-54-21,25,19,,6.03,7.91,8.37,6.11,7.79,7.27,5.95,87.7882430125,6.625
2020-01-28 13-55-14,10,16,29695,,,,,,,,,4.812
2020-01-28 13-55-14,10,17,,70.62,114.27,121.42,,,,,,4.812
2020-01-28 13-55-14,10,18,,70.62,114.27,121.42,43.83,40.95,40.96,,,6.625
2020-01-28 13-55-15,11,16,1845,,,,,,,,,4.812
2020-01-28 13-55-15,11,17,,10.33,10.19,10.47,,,,,,4.812
2020-01-28 13-55-15,11,18,,10.33,10.19,10.47,9.71,9.75,9.77,,,6.625
2020-01-28 13-55-15,11,19,,10.33,10.19,10.47,9.71,9.75,9.77,-39.389999999999986,-2.0462,6.625
2020-01-28 13-55-15,12,16,8455,,,,,,,,,4.812
2020-01-28 13-55-15,12,17,,6.65,6.69,7.73,,,,,,4.812
2020-01-28 13-55-15,12,18,,6.65,6.69,7.73,7.19,8.47,8.13,,,6.625
2020-01-28 13-55-15,12,19,,6.65,6.69,7.73,7.19,8.47,8.13,7.41,57.665740498000005,6.625
2020-01-28 13-55-16,13,16,9410,,,,,,,,,4.812
2020-01-28 13-55-16,13,17,,9.77,9.29,8.83,,,,,,4.812
2020-01-28 13-55-16,13,18,,9.77,9.29,8.83,8.27,8.33,7.97,,,6.625
2020-01-28 13-55-16,13,19,,9.77,9.29,8.83,8.27,8.33,7.97,7.83,93.6129046405,6.625
2020-01-28 13-55-16,14,16,8334,,,,,,,,,4.812
2020-01-28 13-55-16,14,17,,7.01,9.47,9.15,,,,,,4.812
2020-01-28 13-55-16,14,18,,7.01,9.47,9.15,9.47,8.09,9.07,,,6.625
2020-01-28 13-55-16,14,19,,7.01,9.47,9.15,9.47,8.09,9.07,7.89,93.93831376450001,6.625
2020-01-28 13-55-17,15,16,0,,,,,,,,,4.812
2020-01-28 13-55-17,15,17,,0.0,0.0,0.0,,,,,,4.812
2020-01-28 13-55-17,15,18,,0.0,0.0,0.0,0.0,0.0,0.0,,,6.625
2020-01-28 13-55-17,15,19,,0.0,0.0,0.0,0.0,0.0,0.0,0.0,-2.0462,6.625
2020-01-28 13-55-17,16,16,1827,,,,,,,,,4.812
2020-01-28 13-55-17,16,17,,6.73,6.11,5.93,,,,,,4.812
2020-01-28 13-55-17,16,18,,6.73,6.11,5.93,7.65,6.57,7.27,,,6.625
2020-01-28 13-55-17,16,19,,6.73,6.11,5.93,7.65,6.57,7.27,7.42,98.33951928050001,6.625
2020-01-28 13-55-18,17,16,1840,,,,,,,,,4.812
2020-01-28 13-55-18,17,17,,7.97,9.77,8.15,,,,,,4.812
2020-01-28 13-55-18,17,18,,7.97,9.77,8.15,6.51,7.37,7.91,,,6.625
2020-01-28 13-55-18,17,19,,7.97,9.77,8.15,6.51,7.37,7.91,8.4,102.9672895045,6.625
2020-01-28 13-55-18,18,16,1832,,,,,,,,,4.812
2020-01-28 13-55-18,18,17,,7.51,7.69,6.57,,,,,,4.812
2020-01-28 13-55-18,18,18,,7.51,7.69,6.57,7.09,6.93,7.61,,,6.625
2020-01-28 13-55-18,18,19,,7.51,7.69,6.57,7.09,6.93,7.61,7.2,101.688805,6.625
2020-01-28 13-55-19,19,16,8461,,,,,,,,,4.812
2020-01-28 13-55-19,19,17,,8.51,8.23,8.75,,,,,,4.812
2020-01-28 13-55-19,19,18,,8.51,8.23,8.75,9.63,9.57,8.97,,,6.625
2020-01-28 13-55-19,19,19,,8.51,8.23,8.75,9.63,9.57,8.97,7.46,52.5577240045,6.625
2020-01-28 13-55-19,20,16,30580,,,,,,,,,4.812
2020-01-28 13-55-19,20,17,,-327.67,-327.67,-327.67,,,,,,4.812
2020-01-28 13-55-19,20,18,,-327.67,-327.67,-327.67,-327.67,-327.67,-327.67,,,6.625
2020-01-28 13-55-19,20,19,,-327.67,-327.67,-327.67,-327.67,-327.67,-327.67,8.47,97.27396820050001,6.625
2020-01-28 13-55-20,21,16,9409,,,,,,,,,4.812
2020-01-28 13-55-20,21,17,,8.23,7.69,7.61,,,,,,4.812
2020-01-28 13-55-20,21,18,,8.23,7.69,7.61,8.51,7.83,8.69,,,6.625
2020-01-28 13-55-20,21,19,,8.23,7.69,7.61,8.51,7.83,8.69,7.63,90.82837461250001,6.625
2020-01-28 13-55-20,22,16,8425,,,,,,,,,4.812
2020-01-28 13-55-20,22,17,,6.79,7.51,6.75,,,,,,4.812
2020-01-28 13-55-20,22,18,,6.79,7.51,6.75,6.47,7.61,5.93,,,6.625
2020-01-28 13-55-20,22,19,,6.79,7.51,6.75,6.47,7.61,5.93,6.9,83.4671921245,6.625
2020-01-28 13-55-21,23,16,1847,,,,,,,,,4.812
2020-01-28 13-55-21,23,17,,7.59,9.01,9.21,,,,,,4.812
2020-01-28 13-55-21,23,18,,7.59,9.01,9.21,8.65,8.69,8.27,,,6.625
2020-01-28 13-55-21,23,19,,7.59,9.01,9.21,8.65,8.69,8.27,7.6,95.77361928050001,6.625
2020-01-28 13-55-22,25,16,8446,,,,,,,,,4.812
2020-01-28 13-55-22,25,17,,5.99,7.79,8.13,,,,,,4.812
2020-01-28 13-55-22,25,18,,5.99,7.79,8.13,6.35,7.59,7.41,,,6.625
2020-01-28 13-55-22,25,19,,5.99,7.79,8.13,6.35,7.59,7.41,5.95,87.81605448200001,6.625
2020-01-28 13-56-14,10,16,29696,,,,,,,,,4.875
2020-01-28 13-56-14,10,17,,128.34,129.11,127.95,,,,,,4.875
2020-01-28 13-56-14,10,18,,128.34,129.11,127.95,43.88,40.95,40.96,,,6.687
2020-01-28 13-56-15,11,16,1846,,,,,,,,,4.875
2020-01-28 13-56-15,11,17,,9.75,9.61,11.21,,,,,,4.875
2020-01-28 13-56-15,11,18,,9.75,9.61,11.21,9.53,9.19,9.71,,,6.687
2020-01-28 13-56-15,11,19,,9.75,9.61,11.21,9.53,9.19,9.71,-39.389999999999986,-2.0462,6.687
2020-01-28 13-56-15,12,16,8456,,,,,,,,,4.875
2020-01-28 13-56-15,12,17,,6.97,7.11,7.97,,,,,,4.875
2020-01-28 13-56-15,12,18,,6.97,7.11,7.97,7.65,8.75,8.47,,,6.687
2020-01-28 13-56-15,12,19,,6.97,7.11,7.97,7.65,8.75,8.47,7.52,57.54140513800001,6.687
2020-01-28 13-56-16,13,16,9411,,,,,,,,,4.875
2020-01-28 13-56-16,13,17,,10.03,9.77,9.19,,,,,,4.875
2020-01-28 13-56-16,13,18,,10.03,9.77,9.19,8.59,8.37,8.47,,,6.687
2020-01-28 13-56-16,13,19,,10.03,9.77,9.19,8.59,8.37,8.47,7.88,93.55862511250001,6.687
2020-01-28 13-56-16,14,16,8335,,,,,,,,,4.875
2020-01-28 13-56-16,14,17,,7.23,9.53,9.47,,,,,,4.875
2020-01-28 13-56-16,14,18,,7.23,9.53,9.47,9.91,8.33,9.33,,,6.687
2020-01-28 13-56-16,14,19,,7.23,9.53,9.47,9.91,8.33,9.33,8.01,93.66717140450001,6.687
2020-01-28 13-56-17,15,16,0,,,,,,,,,4.875
2020-01-28 13-56-17,15,17,,0.0,0.0,0.0,,,,,,4.875
2020-01-28 13-56-17,15,18,,0.0,0.0,0.0,0.0,0.0,0.0,,,6.687
2020-01-28 13-56-17,15,19,,0.0,0.0,0.0,0.0,0.0,0.0,0.0,-2.0462,6.687
2020-01-28 13-56-17,16,16,1828,,,,,,,,,4.875
2020-01-28 13-56-17,16,17,,7.15,6.07,6.17,,,,,,4.875
2020-01-28 13-56-17,16,18,,7.15,6.07,6.17,7.73,6.53,7.33,,,6.687
2020-01-28 13-56-17,16,19,,7.15,6.07,6.17,7.73,6.53,7.33,7.5,97.83401912200002,6.687
2020-01-28 13-56-18,17,16,1841,,,,,,,,,4.875
2020-01-28 13-56-18,17,17,,8.23,9.99,8.37,,,,,,4.875
2020-01-28 13-56-18,17,18,,8.23,9.99,8.37,6.47,7.61,8.15,,,6.687
2020-01-28 13-56-18,17,19,,8.23,9.99,8.37,6.47,7.61,8.15,8.43,101.9242030645,6.687
2020-01-28 13-56-18,18,16,1833,,,,,,,,,4.875
2020-01-28 13-56-18,18,17,,8.13,7.79,6.65,,,,,,4.875
2020-01-28 13-56-18,18,18,,8.13,7.79,6.65,7.27,7.11,7.33,,,6.687
2020-01-28 13-56-18,18,19,,8.13,7.79,6.65,7.27,7.11,7.33,7.23,101.34832926050001,6.687
2020-01-28 13-56-19,19,16,8462,,,,,,,,,4.875
2020-01-28 13-56-19,19,17,,8.89,8.05,8.71,,,,,,4.875
2020-01-28 13-56-19,19,18,,8.89,8.05,8.71,9.89,9.81,9.29,,,6.687
2020-01-28 13-56-19,19,19,,8.89,8.05,8.71,9.89,9.81,9.29,7.62,61.556170048000006,6.687
2020-01-28 13-56-19,20,16,30581,,,,,,,,,4.875
2020-01-28 13-56-19,20,17,,-327.67,-327.67,-327.67,,,,,,4.875
2020-01-28 13-56-19,20,18,,-327.67,-327.67,-327.67,-327.67,-327.67,-327.67,,,6.687
2020-01-28 13-56-19,20,19,,-327.67,-327.67,-327.67,-327.67,-327.67,-327.67,8.66,96.55183496200002,6.687
2020-01-28 13-56-20,21,16,9410,,,,,,,,,4.875
2020-01-28 13-56-20,21,17,,8.33,8.01,7.47,,,,,,4.875
2020-01-28 13-56-20,21,18,,8.33,8.01,7.47,8.41,7.83,8.61,,,6.687
2020-01-28 13-56-20,22,16,8426,,,,,,,,,4.875
2020-01-28 13-56-20,22,17,,6.61,7.47,7.01,,,,,,4.875
2020-01-28 13-56-20,22,18,,6.61,7.47,7.01,6.75,7.45,5.77,,,6.687
2020-01-28 13-56-20,22,19,,6.61,7.47,7.01,6.75,7.45,5.77,7.02,83.43888605000001,6.687
2020-01-28 13-56-21,23,16,1848,,,,,,,,,4.875
2020-01-28 13-56-21,23,17,,7.47,9.71,9.67,,,,,,4.875
2020-01-28 13-56-21,23,18,,7.47,9.71,9.67,8.71,8.93,8.71,,,6.687
2020-01-28 13-56-21,23,19,,7.47,9.71,9.67,8.71,8.93,8.71,7.8,95.66606858050001,6.687
2020-01-28 13-56-22,25,16,8447,,,,,,,,,4.875
2020-01-28 13-56-22,25,17,,6.03,7.95,8.29,,,,,,4.875
2020-01-28 13-56-22,25,18,,6.03,7.95,8.29,6.33,8.15,7.29,,,6.687
2020-01-28 13-56-22,25,19,,6.03,7.95,8.29,6.33,8.15,7.29,6.08,87.871667848,6.687
2020-01-28 13-57-14,10,16,29697,,,,,,,,,4.937
2020-01-28 13-57-14,10,17,,79.61,117.9,121.96,,,,,,4.937
2020-01-28 13-57-14,10,18,,79.61,117.9,121.96,43.83,40.95,40.96,,,6.75
2020-01-28 13-57-15,11,16,1847,,,,,,,,,4.937
2020-01-28 13-57-15,11,17,,9.99,9.85,11.51,,,,,,4.937
2020-01-28 13-57-15,11,18,,9.99,9.85,11.51,9.75,9.77,10.09,,,6.75
2020-01-28 13-57-15,11,19,,9.99,9.85,11.51,9.75,9.77,10.09,-39.389999999999986,-2.0462,6.75
2020-01-28 13-57-15,12,16,8457,,,,,,,,,4.937
2020-01-28 13-57-15,12,17,,7.01,6.97,8.37,,,,,,4.937
2020-01-28 13-57-15,12,18,,7.01,6.97,8.37,7.97,8.93,8.61,,,6.75
2020-01-28 13-57-15,12,19,,7.01,6.97,8.37,7.97,8.93,8.61,7.69,57.479218312,6.75
2020-01-28 13-57-16,13,16,9412,,,,,,,,,4.937
2020-01-28 13-57-16,13,17,,10.05,10.03,9.21,,,,,,4.937
2020-01-28 13-57-16,13,18,,10.05,10.03,9.21,8.89,8.71,8.33,,,6.75
2020-01-28 13-57-16,13,19,,10.05,10.03,9.21,8.89,8.71,8.33,8.17,92.987919442,6.75
2020-01-28 13-57-16,14,16,8336,,,,,,,,,4.937
2020-01-28 13-57-16,14,17,,7.29,9.81,9.29,,,,,,4.937
2020-01-28 13-57-16,14,18,,7.29,9.81,9.29,10.05,8.15,9.57,,,6.75
2020-01-28 13-57-16,14,19,,7.29,9.81,9.29,10.05,8.15,9.57,8.15,93.15112180000001,6.75
2020-01-28 13-57-17,15,16,0,,,,,,,,,4.937
2020-01-28 13-57-17,15,17,,0.0,0.0,0.0,,,,,,4.937
2020-01-28 13-57-17,15,18,,0.0,0.0,0.0,0.0,0.0,0.0,,,6.75
2020-01-28 13-57-17,15,19,,0.0,0.0,0.0,0.0,0.0,0.0,0.0,-2.0462,6.75
2020-01-28 13-57-17,16,16,1829,,,,,,,,,4.937
2020-01-28 13-57-17,16,17,,6.57,6.35,6.11,,,,,,4.937
2020-01-28 13-57-17,16,18,,6.57,6.35,6.11,8.01,6.87,7.37,,,6.75
2020-01-28 13-57-17,16,19,,6.57,6.35,6.11,8.01,6.87,7.37,7.71,97.4874868645,6.75
2020-01-28 13-57-18,17,16,1842,,,,,,,,,4.937
2020-01-28 13-57-18,17,17,,8.29,9.95,8.13,,,,,,4.937
2020-01-28 13-57-18,17,18,,8.29,9.95,8.13,6.91,7.69,8.27,,,6.75
2020-01-28 13-57-18,17,19,,8.29,9.95,8.13,6.91,7.69,8.27,9.02,100.849740808,6.75
2020-01-28 13-57-18,18,16,1834,,,,,,,,,4.937
2020-01-28 13-57-18,18,17,,8.01,8.13,6.57,,,,,,4.937
2020-01-28 13-57-18,18,18,,8.01,8.13,6.57,7.45,7.09,7.65,,,6.75
2020-01-28 13-57-18,18,19,,8.01,8.13,6.57,7.45,7.09,7.65,7.4,101.1910047245,6.75
2020-01-28 13-57-19,19,16,8463,,,,,,,,,4.937
2020-01-28 13-57-19,19,17,,9.33,8.45,9.07,,,,,,4.937
2020-01-28 13-57-19,19,18,,9.33,8.45,9.07,10.51,10.19,9.49,,,6.75
2020-01-28 13-57-19,19,19,,9.33,8.45,9.07,10.51,10.19,9.49,7.89,63.817412098000005,6.75
2020-01-28 13-57-19,20,16,30582,,,,,,,,,4.937
2020-01-28 13-57-20,20,17,,-327.67,-327.67,-327.67,,,,,,4.937
2020-01-28 13-57-20,20,18,,-327.67,-327.67,-327.67,-327.67,-327.67,-327.67,,,6.75
2020-01-28 13-57-20,20,19,,-327.67,-327.67,-327.67,-327.67,-327.67,-327.67,8.92,96.14964466450002,6.75
2020-01-28 13-57-20,21,16,9411,,,,,,,,,4.937
2020-01-28 13-57-20,21,17,,8.59,8.09,7.55,,,,,,4.937
2020-01-28 13-57-20,21,18,,8.59,8.09,7.55,8.59,8.45,8.93,,,6.75
2020-01-28 13-57-20,21,19,,8.59,8.09,7.55,8.59,8.45,8.93,8.0,89.89282034450001,6.75
2020-01-28 13-57-21,22,16,8427,,,,,,,,,4.937
2020-01-28 13-57-21,22,17,,6.91,7.19,7.29,,,,,,4.937
2020-01-28 13-57-21,22,18,,6.91,7.19,7.29,6.79,7.59,5.89,,,6.75
2020-01-28 13-57-21,22,19,,6.91,7.19,7.29,6.79,7.59,5.89,7.16,83.35394868050001,6.75
2020-01-28 13-57-21,23,16,1849,,,,,,,,,4.937
2020-01-28 13-57-21,23,17,,7.83,9.77,9.91,,,,,,4.937
2020-01-28 13-57-21,23,18,,7.83,9.77,9.91,8.89,9.21,8.69,,,6.75
2020-01-28 13-57-21,23,19,,7.83,9.77,9.91,8.89,9.21,8.69,7.99,95.1275492405,6.75
2020-01-28 13-57-22,25,16,8448,,,,,,,,,4.937
2020-01-28 13-57-22,25,17,,6.33,8.29,8.51,,,,,,4.937
2020-01-28 13-57-22,25,18,,6.33,8.29,8.51,6.39,8.09,7.77,,,6.75
2020-01-28 13-57-22,25,19,,6.33,8.29,8.51,6.39,8.09,7.77,6.16,87.89946974450001,6.75
2020-01-28 13-58-15,10,16,29698,,,,,,,,,5.0
2020-01-28 13-58-15,10,17,,66.56,112.34,120.26,,,,,,5.0
2020-01-28 13-58-15,10,18,,66.56,112.34,120.26,43.87,40.95,40.96,,,6.812
2020-01-28 13-58-15,11,16,1848,,,,,,,,,5.0
2020-01-28 13-58-15,11,17,,10.57,10.51,11.61,,,,,,5.0
2020-01-28 13-58-15,11,18,,10.57,10.51,11.61,10.43,9.91,10.17,,,6.812
2020-01-28 13-58-15,11,19,,10.57,10.51,11.61,10.43,9.91,10.17,-39.389999999999986,-2.0462,6.812
2020-01-28 13-58-16,12,16,8458,,,,,,,,,5.0
2020-01-28 13-58-16,12,17,,7.23,7.19,8.59,,,,,,5.0
2020-01-28 13-58-16,12,18,,7.23,7.19,8.59,8.41,9.49,8.87,,,6.812
2020-01-28 13-58-16,12,19,,7.23,7.19,8.59,8.41,9.49,8.87,8.06,57.479218312,6.812
2020-01-28 13-58-16,13,16,9413,,,,,,,,,5.0
2020-01-28 13-58-16,13,17,,10.79,10.23,9.71,,,,,,5.0
2020-01-28 13-58-16,13,18,,10.79,10.23,9.71,8.79,8.83,8.75,,,6.812
2020-01-28 13-58-16,13,19,,10.79,10.23,9.71,8.79,8.83,8.75,8.47,91.92430401250002,6.812
2020-01-28 13-58-17,14,16,8337,,,,,,,,,5.0
2020-01-28 13-58-17,14,17,,7.41,10.37,10.23,,,,,,5.0
2020-01-28 13-58-17,14,18,,7.41,10.37,10.23,10.57,8.75,10.19,,,6.812
2020-01-28 13-58-17,14,19,,7.41,10.37,10.23,10.57,8.75,10.19,8.48,92.497623112,6.812
2020-01-28 13-58-17,15,16,0,,,,,,,,,5.0
2020-01-28 13-58-17,15,17,,0.0,0.0,0.0,,,,,,5.0
2020-01-28 13-58-17,15,18,,0.0,0.0,0.0,0.0,0.0,0.0,,,6.812
2020-01-28 13-58-17,15,19,,0.0,0.0,0.0,0.0,0.0,0.0,0.0,-2.0462,6.812
2020-01-28 13-58-18,16,16,1830,,,,,,,,,5.0
2020-01-28 13-58-18,16,17,,7.05,7.29,5.93,,,,,,5.0
2020-01-28 13-58-18,16,18,,7.05,7.29,5.93,7.61,6.75,8.05,,,6.812
2020-01-28 13-58-18,16,19,,7.05,7.29,5.93,7.61,6.75,8.05,8.02,96.4714543405,6.812
2020-01-28 13-58-18,17,16,1843,,,,,,,,,5.0
2020-01-28 13-58-18,17,17,,8.71,10.83,8.79,,,,,,5.0
2020-01-28 13-58-18,17,18,,8.71,10.83,8.79,6.93,8.37,8.75,,,6.812
2020-01-28 13-58-18,17,19,,8.71,10.83,8.79,6.93,8.37,8.75,9.1,101.26968135200002,6.812
2020-01-28 13-58-19,18,16,1835,,,,,,,,,5.0
2020-01-28 13-58-19,18,17,,8.33,8.75,6.93,,,,,,5.0
2020-01-28 13-58-19,18,18,,8.33,8.75,6.93,7.73,7.19,7.87,,,6.812
2020-01-28 13-58-19,18,19,,8.33,8.75,6.93,7.73,7.19,7.87,7.84,100.29732914050001,6.812
2020-01-28 13-58-19,19,16,8464,,,,,,,,,5.0
2020-01-28 13-58-19,19,17,,9.89,9.01,9.71,,,,,,5.0
2020-01-28 13-58-19,19,18,,9.89,9.01,9.71,10.71,10.55,9.95,,,6.812
2020-01-28 13-58-19,19,19,,9.89,9.01,9.71,10.71,10.55,9.95,8.3,68.3174398445,6.812
2020-01-28 13-58-20,20,16,30583,,,,,,,,,5.0
2020-01-28 13-58-20,20,17,,-327.67,-327.67,-327.67,,,,,,5.0
2020-01-28 13-58-20,20,18,,-327.67,-327.67,-327.67,-327.67,-327.67,-327.67,,,6.812
2020-01-28 13-58-20,20,19,,-327.67,-327.67,-327.67,-327.67,-327.67,-327.67,9.34,95.45081401250002,6.812
2020-01-28 13-58-20,21,16,9412,,,,,,,,,5.0
2020-01-28 13-58-20,21,17,,8.93,8.41,7.87,,,,,,5.0
2020-01-28 13-58-20,21,18,,8.93,8.41,7.87,9.63,8.87,9.07,,,6.812
2020-01-28 13-58-20,21,19,,8.93,8.41,7.87,9.63,8.87,9.07,8.23,88.7874455845,6.812
2020-01-28 13-58-21,22,16,8428,,,,,,,,,5.0
2020-01-28 13-58-21,22,17,,7.09,8.01,7.23,,,,,,5.0
2020-01-28 13-58-21,22,18,,7.09,8.01,7.23,6.93,8.09,6.33,,,6.812
2020-01-28 13-58-21,22,19,,7.09,8.01,7.23,6.93,8.09,6.33,7.33,83.29730781250001,6.812
2020-01-28 13-58-21,23,16,1850,,,,,,,,,5.0
2020-01-28 13-58-21,23,17,,8.29,9.91,10.19,,,,,,5.0
2020-01-28 13-58-21,23,18,,8.29,9.91,10.19,10.03,9.43,9.53,,,6.812
2020-01-28 13-58-21,23,19,,8.29,9.91,10.19,10.03,9.43,9.53,8.2,94.20913702450001,6.812
2020-01-28 13-58-22,25,16,8449,,,,,,,,,5.0
2020-01-28 13-58-22,25,17,,6.21,8.37,8.93,,,,,,5.0
2020-01-28 13-58-22,25,18,,6.21,8.37,8.93,6.83,8.33,7.83,,,6.812
2020-01-28 13-58-22,25,19,,6.21,8.37,8.93,6.83,8.33,7.83,6.41,87.89946974450001,6.812
2020-01-28 13-59-15,10,16,29699,,,,,,,,,5.062
2020-01-28 13-59-15,10,17,,70.43,114.56,120.89,,,,,,5.062
2020-01-28 13-59-15,10,18,,70.43,114.56,120.89,43.89,40.95,40.96,,,6.937
2020-01-28 13-59-15,11,16,1849,,,,,,,,,5.062
2020-01-28 13-59-15,11,17,,10.05,10.47,11.85,,,,,,5.062
2020-01-28 13-59-15,11,18,,10.05,10.47,11.85,10.09,10.03,10.43,,,6.937
2020-01-28 13-59-15,11,19,,10.05,10.47,11.85,10.09,10.03,10.43,-39.389999999999986,-2.0462,6.937
2020-01-28 13-59-16,12,16,8459,,,,,,,,,5.062
2020-01-28 13-59-16,12,17,,7.33,7.37,8.59,,,,,,5.062
2020-01-28 13-59-16,12,18,,7.33,7.37,8.59,8.33,9.53,9.15,,,6.937
2020-01-28 13-59-16,12,19,,7.33,7.37,8.59,8.33,9.53,9.15,8.2,57.29258125000001,6.937
2020-01-28 13-59-16,13,16,9414,,,,,,,,,5.062
2020-01-28 13-59-16,13,17,,11.07,10.61,10.17,,,,,,5.062
2020-01-28 13-59-16,13,18,,11.07,10.61,10.17,9.53,9.61,8.97,,,6.937
2020-01-28 13-59-16,13,19,,11.07,10.61,10.17,9.53,9.61,8.97,8.7,91.48654492450001,6.937
2020-01-28 13-59-17,14,16,8338,,,,,,,,,5.062
2020-01-28 13-59-17,14,17,,7.77,10.83,10.89,,,,,,5.062
2020-01-28 13-59-17,14,18,,7.77,10.83,10.89,10.79,9.29,10.13,,,6.937
2020-01-28 13-59-17,14,19,,7.77,10.83,10.89,10.79,9.29,10.13,8.75,92.03361614450002,6.937
2020-01-28 13-59-17,15,16,0,,,,,,,,,5.062
2020-01-28 13-59-17,15,17,,0.0,0.0,0.0,,,,,,5.062
2020-01-28 13-59-17,15,18,,0.0,0.0,0.0,0.0,0.0,0.0,,,6.937
2020-01-28 13-59-17,15,19,,0.0,0.0,0.0,0.0,0.0,0.0,0.0,-2.0462,6.937
2020-01-28 13-59-18,16,16,1831,,,,,,,,,5.062
2020-01-28 13-59-18,16,17,,7.61,7.41,5.93,,,,,,5.062
2020-01-28 13-59-18,16,18,,7.61,7.41,5.93,8.41,7.33,7.87,,,6.937
2020-01-28 13-59-18,16,19,,7.61,7.41,5.93,8.41,7.33,7.87,8.16,96.069120448,6.937
2020-01-28 13-59-18,17,16,1844,,,,,,,,,5.062
2020-01-28 13-59-18,17,17,,9.01,10.61,8.75,,,,,,5.062
2020-01-28 13-59-18,17,18,,9.01,10.61,8.75,6.93,8.83,8.93,,,6.937
2020-01-28 13-59-18,17,19,,9.01,10.61,8.75,6.93,8.83,8.93,9.32,101.47934528800002,6.937
2020-01-28 13-59-19,18,16,1836,,,,,,,,,5.062
2020-01-28 13-59-19,18,17,,8.71,8.69,7.41,,,,,,5.062
2020-01-28 13-59-19,18,18,,8.71,8.69,7.41,7.77,7.27,8.05,,,6.937
2020-01-28 13-59-19,18,19,,8.71,8.69,7.41,7.77,7.27,8.05,7.8,99.161809672,6.937
2020-01-28 13-59-19,19,16,8465,,,,,,,,,5.062
2020-01-28 13-59-19,19,17,,9.57,9.21,10.13,,,,,,5.062
2020-01-28 13-59-19,19,18,,9.57,9.21,10.13,11.03,10.99,9.91,,,6.937
2020-01-28 13-59-19,19,19,,9.57,9.21,10.13,11.03,10.99,9.91,8.56,69.96062240200001,6.937
2020-01-28 13-59-20,20,16,30584,,,,,,,,,5.062
2020-01-28 13-59-20,20,17,,-327.67,-327.67,-327.67,,,,,,5.062
2020-01-28 13-59-20,20,18,,-327.67,-327.67,-327.67,-327.67,-327.67,-327.67,,,6.937
2020-01-28 13-59-20,20,19,,-327.67,-327.67,-327.67,-327.67,-327.67,-327.67,9.62,94.1008460125,6.937
2020-01-28 13-59-20,21,16,9413,,,,,,,,,5.062
2020-01-28 13-59-20,21,17,,9.35,8.79,8.75,,,,,,5.062
2020-01-28 13-59-20,21,18,,9.35,8.79,8.75,9.53,8.89,9.85,,,6.937
2020-01-28 13-59-20,21,19,,9.35,8.79,8.75,9.53,8.89,9.85,8.61,88.23284360450002,6.937
2020-01-28 13-59-21,22,16,8429,,,,,,,,,5.062
2020-01-28 13-59-21,22,17,,7.45,8.19,7.45,,,,,,5.062
2020-01-28 13-59-21,22,18,,7.45,8.19,7.45,7.41,8.51,6.65,,,6.937
2020-01-28 13-59-21,22,19,,7.45,8.19,7.45,7.41,8.51,6.65,7.5,83.212322578,6.937
2020-01-28 13-59-21,23,16,1851,,,,,,,,,5.062
2020-01-28 13-59-21,23,17,,8.33,10.09,10.19,,,,,,5.062
2020-01-28 13-59-21,23,18,,8.33,10.09,10.19,10.03,10.09,9.29,,,6.937
2020-01-28 13-59-21,23,19,,8.33,10.09,10.19,10.03,10.09,9.29,8.52,93.9925039445,6.937
2020-01-28 13-59-22,25,16,8450,,,,,,,,,5.062
2020-01-28 13-59-22,25,17,,6.47,8.23,8.97,,,,,,5.062
2020-01-28 13-59-22,25,18,,6.47,8.23,8.97,6.93,9.03,8.15,,,6.937
2020-01-28 13-59-22,25,19,,6.47,8.23,8.97,6.93,9.03,8.15,6.6,87.92726845000001,6.937
